1201.3827     0.3955     0.068    -0.198     0.2611     0.3955     0.4941     0.4848     0.4743     0.4714     0.0353
1201.4362     0.3593     0.065    -0.198     0.2602     0.3593     0.4941     0.4848     0.4743     0.4714     0.0353
1201.4896     0.7657     0.099    -0.198     0.2592     0.7657     0.4941     0.4848     0.4743     0.4714     0.0353
1201.5431     0.6646     0.094    -0.198     0.2583     0.6646     0.4941     0.4848     0.4743     0.4714     0.0353
1201.5966     0.4747     0.073    -0.198     0.2573     0.4747     0.4534     0.4579     0.4743     0.4714     0.0321
1201.6500     0.4644     0.073    -0.198     0.2563     0.4644     0.4534     0.4579     0.4743     0.4714     0.0321
1201.7035     0.4550     0.072    -0.198     0.2554     0.4550     0.4534     0.4579     0.4743     0.4714     0.0321
1201.7570     0.4314     0.071    -0.198     0.2544     0.4314     0.4534     0.4579     0.4743     0.4714     0.0321
1201.8104     0.4415     0.071    -0.198     0.2535     0.4415     0.4534     0.4579     0.4743     0.4714     0.0321
1201.8639     0.5144     0.074    -0.198     0.2525     0.5144     0.4625     0.4579     0.4715     0.4714     0.0318
1201.9174     0.4125     0.068    -0.198     0.2516     0.4125     0.4625     0.4579     0.4715     0.4714     0.0318
1201.9708     0.4139     0.068    -0.198     0.2506     0.4139     0.4625     0.4579     0.4715     0.4714     0.0318
1202.0243     0.5205     0.075    -0.198     0.2497     0.5205     0.4625     0.4579     0.4715     0.4714     0.0318
1202.0778     0.4511     0.071    -0.198     0.2487     0.4511     0.4625     0.4579     0.4715     0.4714     0.0318
1202.1312     0.5364     0.076    -0.198     0.2478     0.5364     0.5153     0.4760     0.4715     0.4784     0.0334
1202.1847     0.5504     0.077    -0.198     0.2469     0.5504     0.5153     0.4760     0.4715     0.4784     0.0334
1202.2382     0.5226     0.076    -0.198     0.2459     0.5226     0.5153     0.4760     0.4715     0.4784     0.0334
1202.2916     0.4935     0.072    -0.198     0.2450     0.4935     0.5153     0.4760     0.4715     0.4784     0.0334
1202.3451     0.4737     0.072    -0.198     0.2441     0.4737     0.5153     0.4760     0.4715     0.4784     0.0334
1202.3986     0.3586     0.064    -0.198     0.2431     0.3586     0.4367     0.4760     0.4715     0.4784     0.0311
1202.4520     0.4813     0.072    -0.198     0.2422     0.4813     0.4367     0.4760     0.4715     0.4784     0.0311
1202.5055     0.3785     0.066    -0.198     0.2413     0.3785     0.4367     0.4760     0.4715     0.4784     0.0311
1202.5590     0.4239     0.069    -0.198     0.2403     0.4239     0.4367     0.4760     0.4715     0.4784     0.0311
1202.6124     0.5413     0.076    -0.198     0.2394     0.5413     0.4367     0.4760     0.4715     0.4784     0.0311
1202.6659     0.3959     0.067    -0.198     0.2385     0.3959     0.4768     0.4807     0.4757     0.4784     0.0323
1202.7194     0.5438     0.076    -0.198     0.2376     0.5438     0.4768     0.4807     0.4757     0.4784     0.0323
1202.7728     0.4459     0.070    -0.198     0.2366     0.4459     0.4768     0.4807     0.4757     0.4784     0.0323
1202.8263     0.4736     0.072    -0.198     0.2357     0.4736     0.4768     0.4807     0.4757     0.4784     0.0323
1202.8798     0.5250     0.075    -0.198     0.2348     0.5250     0.4768     0.4807     0.4757     0.4784     0.0323
1202.9332     0.3653     0.065    -0.198     0.2339     0.3653     0.4846     0.4807     0.4757     0.4784     0.0325
1202.9867     0.4514     0.070    -0.198     0.2330     0.4514     0.4846     0.4807     0.4757     0.4784     0.0325
1203.0402     0.4402     0.070    -0.198     0.2321     0.4402     0.4846     0.4807     0.4757     0.4784     0.0325
1203.0936     0.6311     0.081    -0.198     0.2312     0.6311     0.4846     0.4807     0.4757     0.4784     0.0325
1203.1471     0.5352     0.076    -0.198     0.2303     0.5352     0.4846     0.4807     0.4757     0.4784     0.0325
1203.2004     0.4512     0.071    -0.198     0.2294     0.4512     0.4657     0.4298     0.4757     0.4374     0.0318
1203.2539     0.4922     0.073    -0.198     0.2284     0.4922     0.4657     0.4298     0.4757     0.4374     0.0318
1203.3074     0.4932     0.073    -0.198     0.2275     0.4932     0.4657     0.4298     0.4757     0.4374     0.0318
1203.3608     0.4388     0.070    -0.198     0.2266     0.4388     0.4657     0.4298     0.4757     0.4374     0.0318
1203.4143     0.4530     0.070    -0.198     0.2257     0.4530     0.4657     0.4298     0.4757     0.4374     0.0318
1203.4678     0.3767     0.066    -0.198     0.2248     0.3767     0.3939     0.4298     0.4280     0.4374     0.0299
1203.5212     0.3827     0.066    -0.198     0.2240     0.3827     0.3939     0.4298     0.4280     0.4374     0.0299
1203.5747     0.4453     0.071    -0.198     0.2231     0.4453     0.3939     0.4298     0.4280     0.4374     0.0299
1203.6282     0.3654     0.065    -0.198     0.2222     0.3654     0.3939     0.4298     0.4280     0.4374     0.0299
1203.6816     0.3997     0.066    -0.198     0.2213     0.3997     0.3939     0.4298     0.4280     0.4374     0.0299
1203.7351     0.4790     0.071    -0.198     0.2204     0.4790     0.4719     0.4450     0.4280     0.4374     0.0318
1203.7886     0.5371     0.075    -0.198     0.2195     0.5371     0.4719     0.4450     0.4280     0.4374     0.0318
1203.8420     0.4222     0.067    -0.198     0.2186     0.4222     0.4719     0.4450     0.4280     0.4374     0.0318
1203.8954     0.4932     0.073    -0.198     0.2177     0.4932     0.4719     0.4450     0.4280     0.4374     0.0318
1203.9489     0.4282     0.069    -0.198     0.2168     0.4282     0.4719     0.4450     0.4280     0.4374     0.0318
1204.0023     0.4541     0.071    -0.198     0.2160     0.4541     0.4181     0.4450     0.4280     0.4374     0.0302
1204.0558     0.4222     0.068    -0.198     0.2151     0.4222     0.4181     0.4450     0.4280     0.4374     0.0302
1204.1093     0.4550     0.069    -0.198     0.2142     0.4550     0.4181     0.4450     0.4280     0.4374     0.0302
1204.1627     0.4798     0.071    -0.198     0.2133     0.4798     0.4181     0.4450     0.4280     0.4374     0.0302
1204.2162     0.2794     0.058    -0.198     0.2125     0.2794     0.4181     0.4450     0.4280     0.4374     0.0302
1204.2697     0.4924     0.071    -0.198     0.2116     0.4924     0.4649     0.3827     0.3740     0.3009     0.0314
1204.3230     0.4376     0.069    -0.198     0.2107     0.4376     0.4649     0.3827     0.3740     0.3009     0.0314
1204.3765     0.4951     0.072    -0.198     0.2099     0.4951     0.4649     0.3827     0.3740     0.3009     0.0314
1204.4299     0.5683     0.076    -0.198     0.2090     0.5683     0.4649     0.3827     0.3740     0.3009     0.0314
1204.4834     0.3310     0.061    -0.198     0.2081     0.3310     0.4649     0.3827     0.3740     0.3009     0.0314
1204.5369     0.1900     0.050    -0.198     0.2073     0.1900     0.3004     0.3827     0.3740     0.3009     0.0268
1204.5903     0.2517     0.057    -0.198     0.2064     0.2517     0.3004     0.3827     0.3740     0.3009     0.0268
1204.6438     0.3280     0.064    -0.198     0.2055     0.3280     0.3004     0.3827     0.3740     0.3009     0.0268
1204.6973     0.4116     0.066    -0.198     0.2047     0.4116     0.3004     0.3827     0.3740     0.3009     0.0268
1204.7506     0.3209     0.061    -0.198     0.2038     0.3209     0.3004     0.3827     0.3740     0.3009     0.0268
1204.8041     0.4799     0.071    -0.198     0.2030     0.4799     0.3566     0.2192     0.3740     0.3009     0.0282
1204.8575     0.4105     0.067    -0.198     0.2021     0.4105     0.3566     0.2192     0.3740     0.3009     0.0282
1204.9110     0.4058     0.066    -0.198     0.2013     0.4058     0.3566     0.2192     0.3740     0.3009     0.0282
1204.9645     0.2594     0.056    -0.198     0.2004     0.2594     0.3566     0.2192     0.3740     0.3009     0.0282
1205.0179     0.2276     0.053    -0.198     0.1996     0.2276     0.3566     0.2192     0.3740     0.3009     0.0282
1205.0713     0.0913     0.041    -0.198     0.1987     0.0913     0.0817     0.2192     0.0814     0.3009     0.0179
1205.1248     0.0311     0.034    -0.198     0.1979     0.0311     0.0817     0.2192     0.0814     0.3009     0.0179
1205.1782     0.0439     0.035    -0.198     0.1971     0.0439     0.0817     0.2192     0.0814     0.3009     0.0179
1205.2317     0.1226     0.044    -0.198     0.1962     0.1226     0.0817     0.2192     0.0814     0.3009     0.0179
1205.2852     0.1196     0.044    -0.198     0.1954     0.1196     0.0817     0.2192     0.0814     0.3009     0.0179
1205.3386     0.1034     0.042    -0.198     0.1945     0.1034     0.0809     0.0813     0.0814     0.0523     0.0177
1205.3920     0.0575     0.037    -0.198     0.1937     0.0575     0.0809     0.0813     0.0814     0.0523     0.0177
1205.4454     0.1366     0.045    -0.198     0.1929     0.1366     0.0809     0.0813     0.0814     0.0523     0.0177
1205.4989     0.0771     0.039    -0.198     0.1920     0.0771     0.0809     0.0813     0.0814     0.0523     0.0177
1205.5524     0.0300     0.034    -0.198     0.1912     0.0300     0.0809     0.0813     0.0814     0.0523     0.0177
1205.6058     0.1240     0.044    -0.198     0.1904     0.1240     0.0817     0.0813     0.0814     0.0523     0.0179
1205.6592     0.0969     0.041    -0.198     0.1896     0.0969     0.0817     0.0813     0.0814     0.0523     0.0179
1205.7126     0.0643     0.038    -0.198     0.1887     0.0643     0.0817     0.0813     0.0814     0.0523     0.0179
1205.7661     0.0984     0.043    -0.198     0.1879     0.0984     0.0817     0.0813     0.0814     0.0523     0.0179
1205.8196     0.0247     0.033    -0.198     0.1871     0.0247     0.0817     0.0813     0.0814     0.0523     0.0179
1205.8730     0.0147     0.032    -0.198     0.1863     0.0147     0.0091     0.0234     0.0244     0.0523     0.0139
1205.9264     0.0193     0.033    -0.198     0.1855     0.0193     0.0091     0.0234     0.0244     0.0523     0.0139
1205.9799     0.0324     0.034    -0.198     0.1846     0.0324     0.0091     0.0234     0.0244     0.0523     0.0139
1206.0333     0.0032     0.030    -0.198     0.1838     0.0032     0.0091     0.0234     0.0244     0.0523     0.0139
1206.0868    -0.0244     0.025    -0.198     0.1830    -0.0244     0.0091     0.0234     0.0244     0.0523     0.0139
1206.1403    -0.0120     0.028    -0.198     0.1822    -0.0120     0.0377     0.0234     0.0244     0.0523     0.0155
1206.1936    -0.0038     0.029    -0.198     0.1814    -0.0038     0.0377     0.0234     0.0244     0.0523     0.0155
1206.2471     0.0091     0.030    -0.198     0.1806     0.0091     0.0377     0.0234     0.0244     0.0523     0.0155
1206.3005     0.0211     0.033    -0.198     0.1798     0.0211     0.0377     0.0234     0.0244     0.0523     0.0155
1206.3540     0.1738     0.049    -0.198     0.1790     0.1738     0.0377     0.0234     0.0244     0.0523     0.0155
1206.4073     0.0592     0.037    -0.198     0.1782     0.0592     0.0265     0.1043     0.0244     0.2704     0.0147
1206.4608    -0.0352     0.024    -0.198     0.1774    -0.0352     0.0265     0.1043     0.0244     0.2704     0.0147
1206.5143     0.0261     0.033    -0.198     0.1766     0.0261     0.0265     0.1043     0.0244     0.2704     0.0147
1206.5677     0.0465     0.035    -0.198     0.1758     0.0465     0.0265     0.1043     0.0244     0.2704     0.0147
1206.6211     0.0359     0.034    -0.198     0.1750     0.0359     0.0265     0.1043     0.0244     0.2704     0.0147
1206.6746     0.0199     0.032    -0.198     0.1742     0.0199     0.1821     0.1043     0.3517     0.2704     0.0217
1206.7280     0.1394     0.045    -0.198     0.1734     0.1394     0.1821     0.1043     0.3517     0.2704     0.0217
1206.7815     0.1784     0.048    -0.198     0.1726     0.1784     0.1821     0.1043     0.3517     0.2704     0.0217
1206.8348     0.2865     0.057    -0.198     0.1718     0.2865     0.1821     0.1043     0.3517     0.2704     0.0217
1206.8883     0.2864     0.057    -0.198     0.1710     0.2864     0.1821     0.1043     0.3517     0.2704     0.0217
1206.9418     0.3413     0.061    -0.198     0.1703     0.3413     0.4084     0.4364     0.3517     0.2704     0.0292
1206.9952     0.4144     0.066    -0.198     0.1695     0.4144     0.4084     0.4364     0.3517     0.2704     0.0292
1207.0486     0.3493     0.062    -0.198     0.1687     0.3493     0.4084     0.4364     0.3517     0.2704     0.0292
1207.1021     0.4909     0.070    -0.198     0.1679     0.4909     0.4084     0.4364     0.3517     0.2704     0.0292
1207.1555     0.4463     0.067    -0.198     0.1671     0.4463     0.4084     0.4364     0.3517     0.2704     0.0292
1207.2090     0.4575     0.069    -0.198     0.1664     0.4575     0.4644     0.4364     0.3517     0.2704     0.0318
1207.2623     0.3608     0.062    -0.198     0.1656     0.3608     0.4644     0.4364     0.3517     0.2704     0.0318
1207.3158     0.3879     0.067    -0.198     0.1648     0.3879     0.4644     0.4364     0.3517     0.2704     0.0318
1207.3693     0.5712     0.080    -0.198     0.1640     0.5712     0.4644     0.4364     0.3517     0.2704     0.0318
1207.4226     0.5446     0.077    -0.198     0.1633     0.5446     0.4644     0.4364     0.3517     0.2704     0.0318
1207.4761     0.7890     0.092    -0.198     0.1625     0.7890     0.5031     0.4491     0.4399     0.4355     0.0325
1207.5295     0.4669     0.072    -0.198     0.1617     0.4669     0.5031     0.4491     0.4399     0.4355     0.0325
1207.5830     0.5078     0.071    -0.198     0.1610     0.5078     0.5031     0.4491     0.4399     0.4355     0.0325
1207.6364     0.3781     0.063    -0.198     0.1602     0.3781     0.5031     0.4491     0.4399     0.4355     0.0325
1207.6898     0.3739     0.063    -0.198     0.1595     0.3739     0.5031     0.4491     0.4399     0.4355     0.0325
1207.7433     0.3384     0.060    -0.198     0.1587     0.3384     0.3951     0.4491     0.4399     0.4355     0.0287
1207.7966     0.3344     0.060    -0.198     0.1580     0.3344     0.3951     0.4491     0.4399     0.4355     0.0287
1207.8501     0.4118     0.065    -0.198     0.1572     0.4118     0.3951     0.4491     0.4399     0.4355     0.0287
1207.9036     0.4280     0.066    -0.198     0.1564     0.4280     0.3951     0.4491     0.4399     0.4355     0.0287
1207.9569     0.4627     0.069    -0.198     0.1557     0.4627     0.3951     0.4491     0.4399     0.4355     0.0287
1208.0104     0.4000     0.064    -0.198     0.1549     0.4000     0.4216     0.4219     0.4399     0.4355     0.0293
1208.0638     0.4530     0.068    -0.198     0.1542     0.4530     0.4216     0.4219     0.4399     0.4355     0.0293
1208.1172     0.4038     0.064    -0.198     0.1535     0.4038     0.4216     0.4219     0.4399     0.4355     0.0293
1208.1707     0.4778     0.068    -0.198     0.1527     0.4778     0.4216     0.4219     0.4399     0.4355     0.0293
1208.2241     0.3733     0.062    -0.198     0.1520     0.3733     0.4216     0.4219     0.4399     0.4355     0.0293
1208.2775     0.5143     0.071    -0.198     0.1512     0.5143     0.4222     0.4219     0.4092     0.4355     0.0293
1208.3309     0.5281     0.072    -0.198     0.1505     0.5281     0.4222     0.4219     0.4092     0.4355     0.0293
1208.3844     0.3696     0.063    -0.198     0.1498     0.3696     0.4222     0.4219     0.4092     0.4355     0.0293
1208.4377     0.3424     0.060    -0.198     0.1490     0.3424     0.4222     0.4219     0.4092     0.4355     0.0293
1208.4912     0.3565     0.061    -0.198     0.1483     0.3565     0.4222     0.4219     0.4092     0.4355     0.0293
1208.5447     0.4867     0.069    -0.198     0.1476     0.4867     0.4057     0.4027     0.4092     0.4040     0.0287
1208.5980     0.4166     0.065    -0.198     0.1468     0.4166     0.4057     0.4027     0.4092     0.4040     0.0287
1208.6515     0.4623     0.068    -0.198     0.1461     0.4623     0.4057     0.4027     0.4092     0.4040     0.0287
1208.7050     0.3486     0.061    -0.198     0.1454     0.3486     0.4057     0.4027     0.4092     0.4040     0.0287
1208.7583     0.3143     0.057    -0.198     0.1446     0.3143     0.4057     0.4027     0.4092     0.4040     0.0287
1208.8118     0.3490     0.060    -0.198     0.1439     0.3490     0.3997     0.4027     0.4092     0.4040     0.0286
1208.8652     0.4049     0.064    -0.198     0.1432     0.4049     0.3997     0.4027     0.4092     0.4040     0.0286
1208.9186     0.4035     0.064    -0.198     0.1425     0.4035     0.3997     0.4027     0.4092     0.4040     0.0286
1208.9720     0.3660     0.062    -0.198     0.1418     0.3660     0.3997     0.4027     0.4092     0.4040     0.0286
1209.0254     0.4753     0.070    -0.198     0.1410     0.4753     0.3997     0.4027     0.4092     0.4040     0.0286
1209.0789     0.3836     0.064    -0.198     0.1403     0.3836     0.4262     0.4052     0.4300     0.4040     0.0291
1209.1323     0.3413     0.059    -0.198     0.1396     0.3413     0.4262     0.4052     0.4300     0.4040     0.0291
1209.1857     0.4756     0.068    -0.198     0.1389     0.4756     0.4262     0.4052     0.4300     0.4040     0.0291
1209.2391     0.4173     0.064    -0.198     0.1382     0.4173     0.4262     0.4052     0.4300     0.4040     0.0291
1209.2926     0.5132     0.070    -0.198     0.1375     0.5132     0.4262     0.4052     0.4300     0.4040     0.0291
1209.3459     0.3570     0.061    -0.198     0.1368     0.3570     0.3843     0.4052     0.4300     0.4040     0.0280
1209.3994     0.4508     0.067    -0.198     0.1361     0.4508     0.3843     0.4052     0.4300     0.4040     0.0280
1209.4528     0.4015     0.064    -0.198     0.1354     0.4015     0.3843     0.4052     0.4300     0.4040     0.0280
1209.5062     0.3569     0.061    -0.198     0.1347     0.3569     0.3843     0.4052     0.4300     0.4040     0.0280
1209.5597     0.3550     0.060    -0.198     0.1340     0.3550     0.3843     0.4052     0.4300     0.4040     0.0280
1209.6130     0.4000     0.063    -0.198     0.1333     0.4000     0.4795     0.4871     0.4300     0.4269     0.0313
1209.6665     0.3526     0.060    -0.198     0.1326     0.3526     0.4795     0.4871     0.4300     0.4269     0.0313
1209.7198     0.4493     0.070    -0.198     0.1319     0.4493     0.4795     0.4871     0.4300     0.4269     0.0313
1209.7733     0.6386     0.081    -0.198     0.1312     0.6386     0.4795     0.4871     0.4300     0.4269     0.0313
1209.8267     0.5569     0.073    -0.198     0.1305     0.5569     0.4795     0.4871     0.4300     0.4269     0.0313
1209.8801     0.4251     0.064    -0.198     0.1298     0.4251     0.4947     0.4871     0.4093     0.4269     0.0317
1209.9336     0.4152     0.064    -0.198     0.1291     0.4152     0.4947     0.4871     0.4093     0.4269     0.0317
1209.9869     0.4042     0.063    -0.198     0.1285     0.4042     0.4947     0.4871     0.4093     0.4269     0.0317
1210.0404     0.5389     0.075    -0.198     0.1278     0.5389     0.4947     0.4871     0.4093     0.4269     0.0317
1210.0938     0.6904     0.086    -0.198     0.1271     0.6904     0.4947     0.4871     0.4093     0.4269     0.0317
1210.1472     0.4584     0.068    -0.198     0.1264     0.4584     0.4139     0.3666     0.4093     0.4269     0.0287
1210.2006     0.4280     0.065    -0.198     0.1257     0.4280     0.4139     0.3666     0.4093     0.4269     0.0287
1210.2540     0.4152     0.064    -0.198     0.1251     0.4152     0.4139     0.3666     0.4093     0.4269     0.0287
1210.3075     0.4519     0.066    -0.198     0.1244     0.4519     0.4139     0.3666     0.4093     0.4269     0.0287
1210.3608     0.3161     0.057    -0.198     0.1237     0.3161     0.4139     0.3666     0.4093     0.4269     0.0287
1210.4143     0.3516     0.059    -0.198     0.1230     0.3516     0.3192     0.3666     0.4093     0.4269     0.0256
1210.4677     0.2781     0.055    -0.198     0.1224     0.2781     0.3192     0.3666     0.4093     0.4269     0.0256
1210.5211     0.3427     0.058    -0.198     0.1217     0.3427     0.3192     0.3666     0.4093     0.4269     0.0256
1210.5745     0.3187     0.057    -0.198     0.1210     0.3187     0.3192     0.3666     0.4093     0.4269     0.0256
1210.6279     0.3052     0.057    -0.198     0.1204     0.3052     0.3192     0.3666     0.4093     0.4269     0.0256
1210.6813     0.2900     0.055    -0.198     0.1197     0.2900     0.2898     0.3147     0.3261     0.3138     0.0248
1210.7347     0.2265     0.051    -0.198     0.1191     0.2265     0.2898     0.3147     0.3261     0.3138     0.0248
1210.7882     0.2355     0.052    -0.198     0.1184     0.2355     0.2898     0.3147     0.3261     0.3138     0.0248
1210.8416     0.3401     0.059    -0.198     0.1178     0.3401     0.2898     0.3147     0.3261     0.3138     0.0248
1210.8950     0.3570     0.059    -0.198     0.1171     0.3570     0.2898     0.3147     0.3261     0.3138     0.0248
1210.9485     0.3274     0.058    -0.198     0.1164     0.3274     0.3395     0.3147     0.3261     0.3138     0.0263
1211.0020     0.2411     0.052    -0.198     0.1158     0.2411     0.3395     0.3147     0.3261     0.3138     0.0263
1211.0553     0.4837     0.068    -0.198     0.1151     0.4837     0.3395     0.3147     0.3261     0.3138     0.0263
1211.1088     0.3751     0.060    -0.198     0.1145     0.3751     0.3395     0.3147     0.3261     0.3138     0.0263
1211.1621     0.2703     0.055    -0.198     0.1139     0.2703     0.3395     0.3147     0.3261     0.3138     0.0263
1211.2156     0.3144     0.057    -0.198     0.1132     0.3144     0.3490     0.3129     0.3261     0.3138     0.0264
1211.2689     0.4038     0.063    -0.198     0.1126     0.4038     0.3490     0.3129     0.3261     0.3138     0.0264
1211.3224     0.3394     0.058    -0.198     0.1119     0.3394     0.3490     0.3129     0.3261     0.3138     0.0264
1211.3757     0.3635     0.060    -0.198     0.1113     0.3635     0.3490     0.3129     0.3261     0.3138     0.0264
1211.4292     0.3240     0.057    -0.198     0.1106     0.3240     0.3490     0.3129     0.3261     0.3138     0.0264
1211.4825     0.2593     0.053    -0.198     0.1100     0.2593     0.2767     0.3129     0.1530     0.3138     0.0241
1211.5360     0.4057     0.062    -0.198     0.1094     0.4057     0.2767     0.3129     0.1530     0.3138     0.0241
1211.5894     0.2744     0.054    -0.198     0.1087     0.2744     0.2767     0.3129     0.1530     0.3138     0.0241
1211.6428     0.2753     0.054    -0.198     0.1081     0.2753     0.2767     0.3129     0.1530     0.3138     0.0241
1211.6962     0.1686     0.046    -0.198     0.1075     0.1686     0.2767     0.3129     0.1530     0.3138     0.0241
1211.7496     0.2331     0.051    -0.197     0.1069     0.2331     0.1634     0.0912     0.1530     0.0523     0.0204
1211.8030     0.2594     0.053    -0.194     0.1062     0.2594     0.1634     0.0912     0.1530     0.0523     0.0204
1211.8564     0.1111     0.041    -0.191     0.1056     0.1111     0.1634     0.0912     0.1530     0.0523     0.0204
1211.9098     0.1386     0.044    -0.188     0.1050     0.1386     0.1634     0.0912     0.1530     0.0523     0.0204
1211.9633     0.0749     0.036    -0.185     0.1044     0.0749     0.1634     0.0912     0.1530     0.0523     0.0204
1212.0166     0.0184     0.030    -0.182     0.1038     0.0184     0.0190     0.0912     0.1530     0.0523     0.0132
1212.0699     0.0549     0.034    -0.179     0.1031     0.0549     0.0190     0.0912     0.1530     0.0523     0.0132
1212.1234    -0.0203     0.024    -0.175     0.1025    -0.0203     0.0190     0.0912     0.1530     0.0523     0.0132
1212.1768     0.0219     0.030    -0.172     0.1019     0.0219     0.0190     0.0912     0.1530     0.0523     0.0132
1212.2302     0.0201     0.030    -0.169     0.1013     0.0201     0.0190     0.0912     0.1530     0.0523     0.0132
1212.2836     0.0320     0.032    -0.166     0.1007     0.0320     0.0176     0.0133     0.0195     0.0523     0.0133
1212.3370    -0.0188     0.026    -0.163     0.1001    -0.0188     0.0176     0.0133     0.0195     0.0523     0.0133
1212.3904     0.0472     0.033    -0.159     0.0995     0.0472     0.0176     0.0133     0.0195     0.0523     0.0133
1212.4438     0.0144     0.029    -0.156     0.0989     0.0144     0.0176     0.0133     0.0195     0.0523     0.0133
1212.4972     0.0131     0.029    -0.153     0.0983     0.0131     0.0176     0.0133     0.0195     0.0523     0.0133
1212.5505     0.0003     0.027    -0.150     0.0977     0.0003     0.0091     0.0133     0.0195     0.0523     0.0126
1212.6040     0.0026     0.027    -0.147     0.0971     0.0026     0.0091     0.0133     0.0195     0.0523     0.0126
1212.6573     0.0500     0.033    -0.144     0.0965     0.0500     0.0091     0.0133     0.0195     0.0523     0.0126
1212.7108     0.0307     0.031    -0.141     0.0959     0.0307     0.0091     0.0133     0.0195     0.0523     0.0126
1212.7642    -0.0380     0.020    -0.137     0.0953    -0.0380     0.0091     0.0133     0.0195     0.0523     0.0126
1212.8176    -0.0255     0.023    -0.134     0.0947    -0.0255     0.0318     0.0801     0.0195     0.1097     0.0138
1212.8710     0.0008     0.027    -0.131     0.0941     0.0008     0.0318     0.0801     0.0195     0.1097     0.0138
1212.9243     0.0263     0.030    -0.128     0.0935     0.0263     0.0318     0.0801     0.0195     0.1097     0.0138
1212.9778     0.0889     0.037    -0.125     0.0929     0.0889     0.0318     0.0801     0.0195     0.1097     0.0138
1213.0311     0.0687     0.035    -0.122     0.0924     0.0687     0.0318     0.0801     0.0195     0.1097     0.0138
1213.0846     0.0225     0.030    -0.119     0.0918     0.0225     0.1285     0.0801     0.1357     0.1097     0.0188
1213.1379     0.0671     0.035    -0.116     0.0912     0.0671     0.1285     0.0801     0.1357     0.1097     0.0188
1213.1914     0.0612     0.034    -0.113     0.0906     0.0612     0.1285     0.0801     0.1357     0.1097     0.0188
1213.2448     0.0093     0.030    -0.110     0.0900     0.0093     0.1285     0.0801     0.1357     0.1097     0.0188
1213.2981     0.4823     0.068    -0.107     0.0895     0.4823     0.1285     0.0801     0.1357     0.1097     0.0188
1213.3516     0.8215     0.087    -0.104     0.0889     0.8215     0.2275     0.1393     0.1357     0.1097     0.0226
1213.4049     0.0855     0.037    -0.101     0.0883     0.0855     0.2275     0.1393     0.1357     0.1097     0.0226
1213.4584     0.1025     0.039    -0.098     0.0878     0.1025     0.2275     0.1393     0.1357     0.1097     0.0226
1213.5117     0.0748     0.036    -0.095     0.0872     0.0748     0.2275     0.1393     0.1357     0.1097     0.0226
1213.5651     0.0533     0.033    -0.092     0.0866     0.0533     0.2275     0.1393     0.1357     0.1097     0.0226
1213.6185     0.0954     0.038    -0.089     0.0861     0.0954     0.0510     0.1393     0.1357     0.1097     0.0147
1213.6719     0.0676     0.035    -0.086     0.0855     0.0676     0.0510     0.1393     0.1357     0.1097     0.0147
1213.7252    -0.0035     0.026    -0.083     0.0849    -0.0035     0.0510     0.1393     0.1357     0.1097     0.0147
1213.7787     0.0064     0.027    -0.080     0.0844     0.0064     0.0510     0.1393     0.1357     0.1097     0.0147
1213.8320     0.0891     0.037    -0.077     0.0838     0.0891     0.0510     0.1393     0.1357     0.1097     0.0147
1213.8855     0.1395     0.043    -0.074     0.0833     0.1395     0.0755     0.0730     0.0700     0.0911     0.0159
1213.9388     0.0157     0.028    -0.071     0.0827     0.0157     0.0755     0.0730     0.0700     0.0911     0.0159
1213.9922     0.0518     0.033    -0.069     0.0822     0.0518     0.0755     0.0730     0.0700     0.0911     0.0159
1214.0457     0.0500     0.032    -0.066     0.0816     0.0500     0.0755     0.0730     0.0700     0.0911     0.0159
1214.0990     0.1205     0.040    -0.063     0.0811     0.1205     0.0755     0.0730     0.0700     0.0911     0.0159
1214.1523     0.1507     0.042    -0.060     0.0805     0.1507     0.0705     0.0730     0.0700     0.0911     0.0155
1214.2058     0.0886     0.037    -0.057     0.0800     0.0886     0.0705     0.0730     0.0700     0.0911     0.0155
1214.2592     0.0324     0.031    -0.054     0.0794     0.0324     0.0705     0.0730     0.0700     0.0911     0.0155
1214.3125     0.0332     0.030    -0.051     0.0789     0.0332     0.0705     0.0730     0.0700     0.0911     0.0155
1214.3660     0.0477     0.032    -0.048     0.0783     0.0477     0.0705     0.0730     0.0700     0.0911     0.0155
1214.4193     0.0444     0.031    -0.046     0.0778     0.0444     0.0640     0.1092     0.0700     0.0911     0.0151
1214.4727     0.0805     0.036    -0.043     0.0773     0.0805     0.0640     0.1092     0.0700     0.0911     0.0151
1214.5261     0.0078     0.027    -0.040     0.0767     0.0078     0.0640     0.1092     0.0700     0.0911     0.0151
1214.5795     0.1049     0.038    -0.037     0.0762     0.1049     0.0640     0.1092     0.0700     0.0911     0.0151
1214.6328     0.0825     0.035    -0.034     0.0757     0.0825     0.0640     0.1092     0.0700     0.0911     0.0151
1214.6863     0.0665     0.034    -0.032     0.0751     0.0665     0.1543     0.1092     0.1024     0.0911     0.0190
1214.7396     0.1738     0.044    -0.029     0.0746     0.1738     0.1543     0.1092     0.1024     0.0911     0.0190
1214.7930     0.1815     0.045    -0.026     0.0741     0.1815     0.1543     0.1092     0.1024     0.0911     0.0190
1214.8464     0.1257     0.040    -0.023     0.0736     0.1257     0.1543     0.1092     0.1024     0.0911     0.0190
1214.8998     0.2242     0.048    -0.021     0.0730     0.2242     0.1543     0.1092     0.1024     0.0911     0.0190
1214.9531     0.3039     0.054    -0.018     0.0725     0.3039     0.1937     0.0764     0.1024     0.1342     0.0248
1215.0066     0.2846     0.052    -0.015     0.0720     0.2846     0.1937     0.0764     0.1024     0.1342     0.0248
1215.0599     0.3317     0.055    -0.012     0.0715     0.3317     0.1937     0.0764     0.1024     0.1342     0.0248
1215.1133     0.0807     0.056    -0.010     0.0710     0.0807     0.1937     0.0764     0.1024     0.1342     0.0248
1215.1667    -0.0324     0.059    -0.007     0.0705    -0.0324     0.1937     0.0764     0.1024     0.1342     0.0248
1215.2201    -0.0105     0.066    -0.004     0.0699    -0.0105    -0.0409     0.0764     0.1024     0.1342     0.0365
1215.2734     0.0501     0.076    -0.002     0.0694     0.0501    -0.0409     0.0764     0.1024     0.1342     0.0365
1215.3268    -0.1537     0.076     0.001     0.0689    -0.1537    -0.0409     0.0764     0.1024     0.1342     0.0365
1215.3802     0.0776     0.091     0.004     0.0684     0.0776    -0.0409     0.0764     0.1024     0.1342     0.0365
1215.4336    -0.1681     0.095     0.006     0.0679    -0.1681    -0.0409     0.0764     0.1024     0.1342     0.0365
1215.4869     0.1258     0.119     0.009     0.0674     0.1258    -0.0090     0.1919     0.0981     0.1342     0.1126
1215.5404    -0.0318     0.155     0.012     0.0669    -0.0318    -0.0090     0.1919     0.0981     0.1342     0.1126
1215.5938     0.1202     0.235     0.014     0.0664     0.1202    -0.0090     0.1919     0.0981     0.1342     0.1126
1215.6471     0.0103     0.314     0.017     0.0659     0.0103    -0.0090     0.1919     0.0981     0.1342     0.1126
1215.7004    -0.2693     0.354     0.020     0.0654    -0.2693    -0.0090     0.1919     0.0981     0.1342     0.1126
1215.7539     0.4073     0.367     0.022     0.0649     0.4073     0.3928     0.1919     0.0981     0.1342     0.1522
1215.8073     0.5194     0.370     0.025     0.0644     0.5194     0.3928     0.1919     0.0981     0.1342     0.1522
1215.8606     0.1592     0.355     0.027     0.0640     0.1592     0.3928     0.1919     0.0981     0.1342     0.1522
1215.9139     0.6995     0.335     0.030     0.0635     0.6995     0.3928     0.1919     0.0981     0.1342     0.1522
1215.9674     0.1787     0.262     0.033     0.0630     0.1787     0.3928     0.1919     0.0981     0.1342     0.1522
1216.0206    -0.0318     0.183     0.035     0.0625    -0.0318    -0.0896     0.0308     0.0981     0.0869     0.0533
1216.0740     0.0218     0.126     0.038     0.0620     0.0218    -0.0896     0.0308     0.0981     0.0869     0.0533
1216.1273    -0.0905     0.098     0.040     0.0615    -0.0905    -0.0896     0.0308     0.0981     0.0869     0.0533
1216.1808    -0.2951     0.083     0.043     0.0611    -0.2951    -0.0896     0.0308     0.0981     0.0869     0.0533
1216.2341    -0.0521     0.072     0.045     0.0606    -0.0521    -0.0896     0.0308     0.0981     0.0869     0.0533
1216.2875     0.0722     0.075     0.048     0.0601     0.0722     0.1511     0.0308     0.1457     0.0869     0.0276
1216.3408     0.1653     0.069     0.050     0.0596     0.1653     0.1511     0.0308     0.1457     0.0869     0.0276
1216.3943    -0.0558     0.057     0.053     0.0592    -0.0558     0.1511     0.0308     0.1457     0.0869     0.0276
1216.4476     0.3076     0.054     0.055     0.0587     0.3076     0.1511     0.0308     0.1457     0.0869     0.0276
1216.5010     0.2664     0.050     0.058     0.0582     0.2664     0.1511     0.0308     0.1457     0.0869     0.0276
1216.5543     0.2389     0.048     0.060     0.0578     0.2389     0.1939     0.1430     0.1457     0.0869     0.0202
1216.6078     0.2564     0.050     0.063     0.0573     0.2564     0.1939     0.1430     0.1457     0.0869     0.0202
1216.6611     0.2030     0.047     0.065     0.0568     0.2030     0.1939     0.1430     0.1457     0.0869     0.0202
1216.7145     0.1506     0.041     0.068     0.0564     0.1506     0.1939     0.1430     0.1457     0.0869     0.0202
1216.7678     0.1208     0.038     0.070     0.0559     0.1208     0.1939     0.1430     0.1457     0.0869     0.0202
1216.8212     0.1004     0.036     0.072     0.0555     0.1004     0.0920     0.1430     0.1457     0.0869     0.0159
1216.8746     0.0970     0.036     0.075     0.0550     0.0970     0.0920     0.1430     0.1457     0.0869     0.0159
1216.9280     0.1494     0.041     0.077     0.0545     0.1494     0.0920     0.1430     0.1457     0.0869     0.0159
1216.9813     0.0523     0.031     0.080     0.0541     0.0523     0.0920     0.1430     0.1457     0.0869     0.0159
1217.0347     0.0609     0.034     0.082     0.0536     0.0609     0.0920     0.1430     0.1457     0.0869     0.0159
1217.0880     0.0159     0.036     0.084     0.0532     0.0159     0.0490     0.0670     0.0731     0.0848     0.0148
1217.1415     0.0626     0.035     0.087     0.0527     0.0626     0.0490     0.0670     0.0731     0.0848     0.0148
1217.1948     0.0392     0.030     0.089     0.0523     0.0392     0.0490     0.0670     0.0731     0.0848     0.0148
1217.2482     0.0556     0.031     0.092     0.0519     0.0556     0.0490     0.0670     0.0731     0.0848     0.0148
1217.3015     0.0717     0.033     0.094     0.0514     0.0717     0.0490     0.0670     0.0731     0.0848     0.0148
1217.3549     0.1197     0.039     0.096     0.0510     0.1197     0.0849     0.0670     0.0731     0.0848     0.0154
1217.4083     0.0665     0.033     0.099     0.0505     0.0665     0.0849     0.0670     0.0731     0.0848     0.0154
1217.4617     0.0649     0.032     0.101     0.0501     0.0649     0.0849     0.0670     0.0731     0.0848     0.0154
1217.5150     0.0864     0.034     0.103     0.0497     0.0864     0.0849     0.0670     0.0731     0.0848     0.0154
1217.5684     0.0872     0.034     0.106     0.0492     0.0872     0.0849     0.0670     0.0731     0.0848     0.0154
1217.6217     0.0805     0.034     0.108     0.0488     0.0805     0.0853     0.1027     0.0731     0.0848     0.0152
1217.6750     0.0641     0.032     0.110     0.0484     0.0641     0.0853     0.1027     0.0731     0.0848     0.0152
1217.7285     0.1264     0.038     0.112     0.0480     0.1264     0.0853     0.1027     0.0731     0.0848     0.0152
1217.7819     0.0588     0.031     0.115     0.0475     0.0588     0.0853     0.1027     0.0731     0.0848     0.0152
1217.8352     0.0967     0.035     0.117     0.0471     0.0967     0.0853     0.1027     0.0731     0.0848     0.0152
1217.8885     0.1048     0.036     0.119     0.0467     0.1048     0.1201     0.1027     0.1410     0.0848     0.0168
1217.9419     0.1910     0.043     0.121     0.0463     0.1910     0.1201     0.1027     0.1410     0.0848     0.0168
1217.9952     0.0742     0.033     0.124     0.0459     0.0742     0.1201     0.1027     0.1410     0.0848     0.0168
1218.0487     0.1124     0.036     0.126     0.0455     0.1124     0.1201     0.1027     0.1410     0.0848     0.0168
1218.1021     0.1181     0.037     0.128     0.0450     0.1181     0.1201     0.1027     0.1410     0.0848     0.0168
1218.1554     0.0926     0.035     0.130     0.0446     0.0926     0.1341     0.1515     0.1410     0.1467     0.0173
1218.2087     0.1030     0.036     0.132     0.0442     0.1030     0.1341     0.1515     0.1410     0.1467     0.0173
1218.2621     0.1218     0.038     0.135     0.0438     0.1218     0.1341     0.1515     0.1410     0.1467     0.0173
1218.3154     0.1500     0.041     0.137     0.0434     0.1500     0.1341     0.1515     0.1410     0.1467     0.0173
1218.3688     0.2031     0.044     0.139     0.0430     0.2031     0.1341     0.1515     0.1410     0.1467     0.0173
1218.4221     0.1714     0.042     0.141     0.0426     0.1714     0.1689     0.1515     0.1410     0.1467     0.0186
1218.4756     0.1993     0.044     0.143     0.0422     0.1993     0.1689     0.1515     0.1410     0.1467     0.0186
1218.5289     0.1397     0.039     0.146     0.0418     0.1397     0.1689     0.1515     0.1410     0.1467     0.0186
1218.5823     0.1466     0.040     0.148     0.0414     0.1466     0.1689     0.1515     0.1410     0.1467     0.0186
1218.6356     0.1873     0.043     0.150     0.0410     0.1873     0.1689     0.1515     0.1410     0.1467     0.0186
1218.6890     0.1909     0.043     0.152     0.0406     0.1909     0.1555     0.1419     0.1438     0.1467     0.0179
1218.7423     0.2127     0.045     0.154     0.0402     0.2127     0.1555     0.1419     0.1438     0.1467     0.0179
1218.7957     0.0990     0.035     0.156     0.0399     0.0990     0.1555     0.1419     0.1438     0.1467     0.0179
1218.8490     0.0884     0.034     0.158     0.0395     0.0884     0.1555     0.1419     0.1438     0.1467     0.0179
1218.9025     0.1866     0.043     0.160     0.0391     0.1866     0.1555     0.1419     0.1438     0.1467     0.0179
1218.9558     0.1390     0.039     0.162     0.0387     0.1390     0.1283     0.1419     0.1438     0.1467     0.0167
1219.0092     0.0966     0.034     0.164     0.0383     0.0966     0.1283     0.1419     0.1438     0.1467     0.0167
1219.0625     0.1262     0.037     0.166     0.0379     0.1262     0.1283     0.1419     0.1438     0.1467     0.0167
1219.1158     0.1704     0.041     0.169     0.0376     0.1704     0.1283     0.1419     0.1438     0.1467     0.0167
1219.1692     0.1095     0.035     0.171     0.0372     0.1095     0.1283     0.1419     0.1438     0.1467     0.0167
1219.2225     0.1046     0.035     0.173     0.0368     0.1046     0.1476     0.1193     0.1438     0.0878     0.0176
1219.2759     0.1905     0.043     0.175     0.0365     0.1905     0.1476     0.1193     0.1438     0.0878     0.0176
1219.3292     0.2369     0.047     0.177     0.0361     0.2369     0.1476     0.1193     0.1438     0.0878     0.0176
1219.3826     0.1154     0.036     0.179     0.0357     0.1154     0.1476     0.1193     0.1438     0.0878     0.0176
1219.4359     0.0906     0.034     0.181     0.0354     0.0906     0.1476     0.1193     0.1438     0.0878     0.0176
1219.4893     0.1073     0.035     0.183     0.0350     0.1073     0.0910     0.1193     0.0678     0.0878     0.0151
1219.5427     0.0983     0.034     0.185     0.0346     0.0983     0.0910     0.1193     0.0678     0.0878     0.0151
1219.5961     0.0856     0.034     0.187     0.0343     0.0856     0.0910     0.1193     0.0678     0.0878     0.0151
1219.6494     0.0647     0.031     0.189     0.0339     0.0647     0.0910     0.1193     0.0678     0.0878     0.0151
1219.7028     0.0992     0.034     0.190     0.0336     0.0992     0.0910     0.1193     0.0678     0.0878     0.0151
1219.7561     0.1044     0.035     0.192     0.0332     0.1044     0.0840     0.0562     0.0678     0.0878     0.0146
1219.8094     0.1084     0.035     0.194     0.0329     0.1084     0.0840     0.0562     0.0678     0.0878     0.0146
1219.8628     0.0674     0.031     0.196     0.0325     0.0674     0.0840     0.0562     0.0678     0.0878     0.0146
1219.9161     0.0859     0.033     0.198     0.0322     0.0859     0.0840     0.0562     0.0678     0.0878     0.0146
1219.9695     0.0540     0.030     0.200     0.0318     0.0540     0.0840     0.0562     0.0678     0.0878     0.0146
1220.0228     0.0436     0.028     0.202     0.0315     0.0436     0.0284     0.0562     0.0678     0.0878     0.0116
1220.0762     0.0298     0.026     0.204     0.0311     0.0298     0.0284     0.0562     0.0678     0.0878     0.0116
1220.1295     0.0120     0.024     0.206     0.0308     0.0120     0.0284     0.0562     0.0678     0.0878     0.0116
1220.1829     0.0325     0.027     0.208     0.0305     0.0325     0.0284     0.0562     0.0678     0.0878     0.0116
1220.2362     0.0240     0.025     0.210     0.0301     0.0240     0.0284     0.0562     0.0678     0.0878     0.0116
1220.2896     0.0001     0.022     0.211     0.0298     0.0001     0.0004    -0.0086    -0.0092    -0.0099     0.0100
1220.3429     0.0124     0.024     0.213     0.0295     0.0124     0.0004    -0.0086    -0.0092    -0.0099     0.0100
1220.3962    -0.0012     0.022     0.215     0.0291    -0.0012     0.0004    -0.0086    -0.0092    -0.0099     0.0100
1220.4496     0.0153     0.024     0.217     0.0288     0.0153     0.0004    -0.0086    -0.0092    -0.0099     0.0100
1220.5029    -0.0245     0.020     0.219     0.0285    -0.0245     0.0004    -0.0086    -0.0092    -0.0099     0.0100
1220.5563     0.0121     0.030     0.220     0.0282     0.0121    -0.0176    -0.0086    -0.0092    -0.0099     0.0094
1220.6096    -0.0531     0.014     0.222     0.0279    -0.0531    -0.0176    -0.0086    -0.0092    -0.0099     0.0094
1220.6630    -0.0341     0.016     0.224     0.0275    -0.0341    -0.0176    -0.0086    -0.0092    -0.0099     0.0094
1220.7163    -0.0038     0.021     0.226     0.0272    -0.0038    -0.0176    -0.0086    -0.0092    -0.0099     0.0094
1220.7697    -0.0093     0.020     0.228     0.0269    -0.0093    -0.0176    -0.0086    -0.0092    -0.0099     0.0094
1220.8230     0.0049     0.022     0.229     0.0266     0.0049    -0.0105    -0.0111    -0.0092    -0.0099     0.0088
1220.8763    -0.0311     0.016     0.231     0.0263    -0.0311    -0.0105    -0.0111    -0.0092    -0.0099     0.0088
1220.9297    -0.0109     0.019     0.233     0.0260    -0.0109    -0.0105    -0.0111    -0.0092    -0.0099     0.0088
1220.9830     0.0116     0.023     0.235     0.0257     0.0116    -0.0105    -0.0111    -0.0092    -0.0099     0.0088
1221.0364    -0.0269     0.017     0.236     0.0254    -0.0269    -0.0105    -0.0111    -0.0092    -0.0099     0.0088
1221.0897     0.0283     0.025     0.238     0.0251     0.0283    -0.0118    -0.0111    -0.0029    -0.0099     0.0086
1221.1431    -0.0201     0.018     0.240     0.0248    -0.0201    -0.0118    -0.0111    -0.0029    -0.0099     0.0086
1221.1964    -0.0214     0.017     0.242     0.0245    -0.0214    -0.0118    -0.0111    -0.0029    -0.0099     0.0086
1221.2498    -0.0263     0.017     0.243     0.0242    -0.0263    -0.0118    -0.0111    -0.0029    -0.0099     0.0086
1221.3031    -0.0194     0.018     0.245     0.0239    -0.0194    -0.0118    -0.0111    -0.0029    -0.0099     0.0086
1221.3564    -0.0196     0.018     0.247     0.0236    -0.0196    -0.0003     0.0015    -0.0029    -0.0012     0.0094
1221.4098    -0.0223     0.017     0.248     0.0233    -0.0223    -0.0003     0.0015    -0.0029    -0.0012     0.0094
1221.4631     0.0014     0.021     0.250     0.0230     0.0014    -0.0003     0.0015    -0.0029    -0.0012     0.0094
1221.5165     0.0199     0.024     0.252     0.0228     0.0199    -0.0003     0.0015    -0.0029    -0.0012     0.0094
1221.5698     0.0192     0.024     0.253     0.0225     0.0192    -0.0003     0.0015    -0.0029    -0.0012     0.0094
1221.6232     0.0259     0.025     0.255     0.0222     0.0259     0.0033     0.0015    -0.0029    -0.0012     0.0095
1221.6765    -0.0138     0.018     0.256     0.0219    -0.0138     0.0033     0.0015    -0.0029    -0.0012     0.0095
1221.7299    -0.0079     0.019     0.258     0.0217    -0.0079     0.0033     0.0015    -0.0029    -0.0012     0.0095
1221.7832     0.0048     0.021     0.260     0.0214     0.0048     0.0033     0.0015    -0.0029    -0.0012     0.0095
1221.8365     0.0077     0.022     0.261     0.0211     0.0077     0.0033     0.0015    -0.0029    -0.0012     0.0095
1221.8899    -0.0114     0.019     0.263     0.0209    -0.0114    -0.0013    -0.0039    -0.0041    -0.0012     0.0092
1221.9432     0.0080     0.022     0.264     0.0206     0.0080    -0.0013    -0.0039    -0.0041    -0.0012     0.0092
1221.9966     0.0410     0.027     0.266     0.0203     0.0410    -0.0013    -0.0039    -0.0041    -0.0012     0.0092
1222.0499    -0.0025     0.020     0.268     0.0201    -0.0025    -0.0013    -0.0039    -0.0041    -0.0012     0.0092
1222.1031    -0.0418     0.012     0.269     0.0198    -0.0418    -0.0013    -0.0039    -0.0041    -0.0012     0.0092
1222.1565    -0.0200     0.017     0.271     0.0196    -0.0200    -0.0065    -0.0039    -0.0041    -0.0012     0.0088
1222.2098     0.0047     0.022     0.272     0.0193     0.0047    -0.0065    -0.0039    -0.0041    -0.0012     0.0088
1222.2632     0.0015     0.021     0.274     0.0191     0.0015    -0.0065    -0.0039    -0.0041    -0.0012     0.0088
1222.3165    -0.0089     0.019     0.275     0.0188    -0.0089    -0.0065    -0.0039    -0.0041    -0.0012     0.0088
1222.3699    -0.0097     0.019     0.277     0.0186    -0.0097    -0.0065    -0.0039    -0.0041    -0.0012     0.0088
1222.4232    -0.0218     0.016     0.278     0.0184    -0.0218    -0.0046     0.0187    -0.0041     0.0654     0.0087
1222.4766     0.0048     0.021     0.280     0.0181     0.0048    -0.0046     0.0187    -0.0041     0.0654     0.0087
1222.5299    -0.0176     0.017     0.281     0.0179    -0.0176    -0.0046     0.0187    -0.0041     0.0654     0.0087
1222.5833    -0.0095     0.019     0.283     0.0177    -0.0095    -0.0046     0.0187    -0.0041     0.0654     0.0087
1222.6366     0.0212     0.024     0.284     0.0174     0.0212    -0.0046     0.0187    -0.0041     0.0654     0.0087
1222.6899     0.0056     0.021     0.286     0.0172     0.0056     0.0420     0.0187     0.0887     0.0654     0.0117
1222.7432     0.0377     0.026     0.287     0.0170     0.0377     0.0420     0.0187     0.0887     0.0654     0.0117
1222.7965     0.0374     0.025     0.288     0.0168     0.0374     0.0420     0.0187     0.0887     0.0654     0.0117
1222.8499     0.0625     0.029     0.290     0.0165     0.0625     0.0420     0.0187     0.0887     0.0654     0.0117
1222.9032     0.0668     0.029     0.291     0.0163     0.0668     0.0420     0.0187     0.0887     0.0654     0.0117
1222.9565     0.0330     0.025     0.293     0.0161     0.0330     0.0584     0.1121     0.0887     0.0654     0.0126
1223.0099     0.0309     0.025     0.294     0.0159     0.0309     0.0584     0.1121     0.0887     0.0654     0.0126
1223.0632     0.1000     0.032     0.296     0.0157     0.1000     0.0584     0.1121     0.0887     0.0654     0.0126
1223.1166     0.0417     0.026     0.297     0.0155     0.0417     0.0584     0.1121     0.0887     0.0654     0.0126
1223.1699     0.0866     0.032     0.298     0.0153     0.0866     0.0584     0.1121     0.0887     0.0654     0.0126
1223.2231     0.2093     0.042     0.300     0.0151     0.2093     0.1658     0.1121     0.0887     0.0654     0.0171
1223.2765     0.0935     0.032     0.301     0.0149     0.0935     0.1658     0.1121     0.0887     0.0654     0.0171
1223.3298     0.1903     0.040     0.302     0.0147     0.1903     0.1658     0.1121     0.0887     0.0654     0.0171
1223.3832     0.1716     0.038     0.304     0.0146     0.1716     0.1658     0.1121     0.0887     0.0654     0.0171
1223.4365     0.1641     0.038     0.305     0.0144     0.1641     0.1658     0.1121     0.0887     0.0654     0.0171
1223.4899     0.1291     0.035     0.306     0.0142     0.1291     0.1981     0.2116     0.2265     0.2428     0.0182
1223.5432     0.2212     0.043     0.308     0.0140     0.2212     0.1981     0.2116     0.2265     0.2428     0.0182
1223.5964     0.2060     0.042     0.309     0.0138     0.2060     0.1981     0.2116     0.2265     0.2428     0.0182
1223.6498     0.2569     0.044     0.310     0.0137     0.2569     0.1981     0.2116     0.2265     0.2428     0.0182
1223.7031     0.1774     0.039     0.312     0.0135     0.1774     0.1981     0.2116     0.2265     0.2428     0.0182
1223.7565     0.2673     0.045     0.313     0.0133     0.2673     0.2251     0.2116     0.2265     0.2428     0.0190
1223.8098     0.2103     0.041     0.314     0.0132     0.2103     0.2251     0.2116     0.2265     0.2428     0.0190
1223.8632     0.2138     0.042     0.315     0.0130     0.2138     0.2251     0.2116     0.2265     0.2428     0.0190
1223.9165     0.2479     0.044     0.317     0.0129     0.2479     0.2251     0.2116     0.2265     0.2428     0.0190
1223.9697     0.1864     0.040     0.318     0.0127     0.1864     0.2251     0.2116     0.2265     0.2428     0.0190
1224.0231     0.2102     0.041     0.319     0.0126     0.2102     0.2563     0.2740     0.2265     0.2428     0.0199
1224.0764     0.2195     0.041     0.320     0.0124     0.2195     0.2563     0.2740     0.2265     0.2428     0.0199
1224.1298     0.2917     0.048     0.322     0.0123     0.2917     0.2563     0.2740     0.2265     0.2428     0.0199
1224.1831     0.2360     0.043     0.323     0.0122     0.2360     0.2563     0.2740     0.2265     0.2428     0.0199
1224.2363     0.3244     0.049     0.324     0.0120     0.3244     0.2563     0.2740     0.2265     0.2428     0.0199
1224.2897     0.2036     0.041     0.325     0.0119     0.2036     0.2917     0.2740     0.2898     0.2428     0.0216
1224.3430     0.3306     0.050     0.326     0.0118     0.3306     0.2917     0.2740     0.2898     0.2428     0.0216
1224.3964     0.3322     0.049     0.328     0.0117     0.3322     0.2917     0.2740     0.2898     0.2428     0.0216
1224.4497     0.2768     0.046     0.329     0.0116     0.2768     0.2917     0.2740     0.2898     0.2428     0.0216
1224.5031     0.3150     0.054     0.330     0.0114     0.3150     0.2917     0.2740     0.2898     0.2428     0.0216
1224.5563     0.3759     0.059     0.331     0.0113     0.3759     0.2941     0.2889     0.2898     0.2922     0.0218
1224.6096     0.3236     0.050     0.332     0.0112     0.3236     0.2941     0.2889     0.2898     0.2922     0.0218
1224.6630     0.2849     0.047     0.333     0.0111     0.2849     0.2941     0.2889     0.2898     0.2922     0.0218
1224.7163     0.2641     0.045     0.334     0.0110     0.2641     0.2941     0.2889     0.2898     0.2922     0.0218
1224.7697     0.2220     0.042     0.335     0.0109     0.2220     0.2941     0.2889     0.2898     0.2922     0.0218
1224.8229     0.2650     0.046     0.337     0.0108     0.2650     0.2838     0.2889     0.2898     0.2922     0.0208
1224.8762     0.2798     0.046     0.338     0.0108     0.2798     0.2838     0.2889     0.2898     0.2922     0.0208
1224.9296     0.2689     0.045     0.339     0.0107     0.2689     0.2838     0.2889     0.2898     0.2922     0.0208
1224.9829     0.3152     0.048     0.340     0.0106     0.3152     0.2838     0.2889     0.2898     0.2922     0.0208
1225.0361     0.2899     0.047     0.341     0.0105     0.2899     0.2838     0.2889     0.2898     0.2922     0.0208
1225.0895     0.3250     0.049     0.342     0.0105     0.3250     0.2871     0.2954     0.3084     0.2922     0.0207
1225.1428     0.2429     0.043     0.343     0.0104     0.2429     0.2871     0.2954     0.3084     0.2922     0.0207
1225.1962     0.2934     0.046     0.344     0.0103     0.2934     0.2871     0.2954     0.3084     0.2922     0.0207
1225.2495     0.2769     0.046     0.345     0.0103     0.2769     0.2871     0.2954     0.3084     0.2922     0.0207
1225.3027     0.2973     0.047     0.346     0.0102     0.2973     0.2871     0.2954     0.3084     0.2922     0.0207
1225.3561     0.2611     0.044     0.347     0.0102     0.2611     0.3038     0.2954     0.3084     0.2922     0.0212
1225.4094     0.3236     0.048     0.348     0.0101     0.3236     0.3038     0.2954     0.3084     0.2922     0.0212
1225.4628     0.3142     0.048     0.349     0.0101     0.3142     0.3038     0.2954     0.3084     0.2922     0.0212
1225.5160     0.3006     0.047     0.350     0.0100     0.3006     0.3038     0.2954     0.3084     0.2922     0.0212
1225.5693     0.3194     0.048     0.351     0.0100     0.3194     0.3038     0.2954     0.3084     0.2922     0.0212
1225.6227     0.3162     0.048     0.352     0.0100     0.3162     0.3343     0.3317     0.3084     0.3325     0.0219
1225.6760     0.2946     0.047     0.353     0.0099     0.2946     0.3343     0.3317     0.3084     0.3325     0.0219
1225.7292     0.3841     0.052     0.354     0.0099     0.3841     0.3343     0.3317     0.3084     0.3325     0.0219
1225.7826     0.2996     0.047     0.355     0.0099     0.2996     0.3343     0.3317     0.3084     0.3325     0.0219
1225.8359     0.3767     0.051     0.356     0.0099     0.3767     0.3343     0.3317     0.3084     0.3325     0.0219
1225.8893     0.3724     0.051     0.357     0.0098     0.3724     0.3292     0.3317     0.3320     0.3325     0.0216
1225.9425     0.3220     0.048     0.358     0.0098     0.3220     0.3292     0.3317     0.3320     0.3325     0.0216
1225.9958     0.3796     0.051     0.359     0.0098     0.3796     0.3292     0.3317     0.3320     0.3325     0.0216
1226.0492     0.2673     0.044     0.359     0.0098     0.2673     0.3292     0.3317     0.3320     0.3325     0.0216
1226.1024     0.3045     0.047     0.360     0.0098     0.3045     0.3292     0.3317     0.3320     0.3325     0.0216
1226.1558     0.3031     0.047     0.361     0.0098     0.3031     0.3378     0.3334     0.3320     0.3325     0.0219
1226.2091     0.3705     0.051     0.362     0.0098     0.3705     0.3378     0.3334     0.3320     0.3325     0.0219
1226.2625     0.3726     0.051     0.363     0.0098     0.3726     0.3378     0.3334     0.3320     0.3325     0.0219
1226.3157     0.3179     0.048     0.364     0.0098     0.3179     0.3378     0.3334     0.3320     0.3325     0.0219
1226.3690     0.3247     0.048     0.365     0.0098     0.3247     0.3378     0.3334     0.3320     0.3325     0.0219
1226.4224     0.3225     0.048     0.366     0.0098     0.3225     0.3289     0.3334     0.3320     0.3325     0.0218
1226.4756     0.3444     0.049     0.366     0.0098     0.3444     0.3289     0.3334     0.3320     0.3325     0.0218
1226.5289     0.3710     0.052     0.367     0.0098     0.3710     0.3289     0.3334     0.3320     0.3325     0.0218
1226.5823     0.3271     0.049     0.368     0.0098     0.3271     0.3289     0.3334     0.3320     0.3325     0.0218
1226.6355     0.2798     0.045     0.369     0.0098     0.2798     0.3289     0.3334     0.3320     0.3325     0.0218
1226.6888     0.3537     0.050     0.370     0.0099     0.3537     0.3606     0.3830     0.3750     0.3648     0.0224
1226.7422     0.2596     0.044     0.370     0.0099     0.2596     0.3606     0.3830     0.3750     0.3648     0.0224
1226.7955     0.3462     0.049     0.371     0.0099     0.3462     0.3606     0.3830     0.3750     0.3648     0.0224
1226.8488     0.4602     0.056     0.372     0.0099     0.4602     0.3606     0.3830     0.3750     0.3648     0.0224
1226.9021     0.3832     0.051     0.373     0.0099     0.3832     0.3606     0.3830     0.3750     0.3648     0.0224
1226.9554     0.4774     0.057     0.373     0.0100     0.4774     0.4055     0.3830     0.3750     0.3648     0.0237
1227.0087     0.3531     0.049     0.374     0.0100     0.3531     0.4055     0.3830     0.3750     0.3648     0.0237
1227.0620     0.3100     0.047     0.375     0.0100     0.3100     0.4055     0.3830     0.3750     0.3648     0.0237
1227.1154     0.4794     0.057     0.376     0.0101     0.4794     0.4055     0.3830     0.3750     0.3648     0.0237
1227.1686     0.4076     0.054     0.376     0.0101     0.4076     0.4055     0.3830     0.3750     0.3648     0.0237
1227.2220     0.3716     0.051     0.377     0.0101     0.3716     0.3590     0.3465     0.3750     0.3648     0.0223
1227.2754     0.3361     0.048     0.378     0.0101     0.3361     0.3590     0.3465     0.3750     0.3648     0.0223
1227.3286     0.2917     0.046     0.378     0.0102     0.2917     0.3590     0.3465     0.3750     0.3648     0.0223
1227.3820     0.4128     0.053     0.379     0.0102     0.4128     0.3590     0.3465     0.3750     0.3648     0.0223
1227.4353     0.3828     0.051     0.380     0.0102     0.3828     0.3590     0.3465     0.3750     0.3648     0.0223
1227.4885     0.2991     0.046     0.380     0.0103     0.2991     0.3340     0.3465     0.3582     0.3648     0.0217
1227.5419     0.3759     0.052     0.381     0.0103     0.3759     0.3340     0.3465     0.3582     0.3648     0.0217
1227.5951     0.3176     0.048     0.382     0.0103     0.3176     0.3340     0.3465     0.3582     0.3648     0.0217
1227.6484     0.3346     0.048     0.382     0.0104     0.3346     0.3340     0.3465     0.3582     0.3648     0.0217
1227.7018     0.3428     0.048     0.383     0.0104     0.3428     0.3340     0.3465     0.3582     0.3648     0.0217
1227.7550     0.3872     0.051     0.384     0.0105     0.3872     0.3753     0.3703     0.3582     0.3797     0.0227
1227.8083     0.4022     0.052     0.384     0.0105     0.4022     0.3753     0.3703     0.3582     0.3797     0.0227
1227.8617     0.4175     0.053     0.385     0.0105     0.4175     0.3753     0.3703     0.3582     0.3797     0.0227
1227.9149     0.3384     0.049     0.385     0.0106     0.3384     0.3753     0.3703     0.3582     0.3797     0.0227
1227.9683     0.3312     0.048     0.386     0.0106     0.3312     0.3753     0.3703     0.3582     0.3797     0.0227
1228.0216     0.2720     0.044     0.387     0.0106     0.2720     0.3652     0.3703     0.3582     0.3797     0.0223
1228.0748     0.4175     0.053     0.387     0.0107     0.4175     0.3652     0.3703     0.3582     0.3797     0.0223
1228.1282     0.3683     0.050     0.388     0.0107     0.3683     0.3652     0.3703     0.3582     0.3797     0.0223
1228.1814     0.4160     0.052     0.388     0.0107     0.4160     0.3652     0.3703     0.3582     0.3797     0.0223
1228.2347     0.3522     0.049     0.389     0.0108     0.3522     0.3652     0.3703     0.3582     0.3797     0.0223
1228.2881     0.3987     0.052     0.389     0.0108     0.3987     0.3925     0.3891     0.3970     0.3797     0.0231
1228.3413     0.2844     0.045     0.390     0.0109     0.2844     0.3925     0.3891     0.3970     0.3797     0.0231
1228.3947     0.3840     0.051     0.390     0.0109     0.3840     0.3925     0.3891     0.3970     0.3797     0.0231
1228.4479     0.4303     0.054     0.391     0.0109     0.4303     0.3925     0.3891     0.3970     0.3797     0.0231
1228.5012     0.4654     0.056     0.391     0.0110     0.4654     0.3925     0.3891     0.3970     0.3797     0.0231
1228.5546     0.3806     0.051     0.392     0.0110     0.3806     0.3857     0.3891     0.3970     0.3797     0.0229
1228.6078     0.3766     0.050     0.392     0.0110     0.3766     0.3857     0.3891     0.3970     0.3797     0.0229
1228.6611     0.4052     0.052     0.393     0.0111     0.4052     0.3857     0.3891     0.3970     0.3797     0.0229
1228.7144     0.3401     0.048     0.393     0.0111     0.3401     0.3857     0.3891     0.3970     0.3797     0.0229
1228.7677     0.4258     0.054     0.394     0.0111     0.4258     0.3857     0.3891     0.3970     0.3797     0.0229
1228.8209     0.4434     0.054     0.394     0.0112     0.4434     0.4129     0.4112     0.3970     0.4118     0.0235
1228.8743     0.4462     0.055     0.394     0.0112     0.4462     0.4129     0.4112     0.3970     0.4118     0.0235
1228.9276     0.3922     0.051     0.395     0.0112     0.3922     0.4129     0.4112     0.3970     0.4118     0.0235
1228.9808     0.4234     0.053     0.395     0.0113     0.4234     0.4129     0.4112     0.3970     0.4118     0.0235
1229.0342     0.3595     0.049     0.396     0.0113     0.3595     0.4129     0.4112     0.3970     0.4118     0.0235
1229.0874     0.3686     0.050     0.396     0.0113     0.3686     0.4095     0.4112     0.4114     0.4118     0.0233
1229.1407     0.3717     0.050     0.396     0.0113     0.3717     0.4095     0.4112     0.4114     0.4118     0.0233
1229.1940     0.3929     0.051     0.397     0.0114     0.3929     0.4095     0.4112     0.4114     0.4118     0.0233
1229.2473     0.4889     0.056     0.397     0.0114     0.4889     0.4095     0.4112     0.4114     0.4118     0.0233
1229.3007     0.4256     0.053     0.398     0.0114     0.4256     0.4095     0.4112     0.4114     0.4118     0.0233
1229.3539     0.4992     0.057     0.398     0.0114     0.4992     0.4202     0.4123     0.4114     0.4118     0.0235
1229.4072     0.3944     0.052     0.398     0.0115     0.3944     0.4202     0.4123     0.4114     0.4118     0.0235
1229.4604     0.3989     0.052     0.399     0.0115     0.3989     0.4202     0.4123     0.4114     0.4118     0.0235
1229.5138     0.4006     0.051     0.399     0.0115     0.4006     0.4202     0.4123     0.4114     0.4118     0.0235
1229.5670     0.4080     0.052     0.399     0.0115     0.4080     0.4202     0.4123     0.4114     0.4118     0.0235
1229.6204     0.4155     0.052     0.400     0.0116     0.4155     0.4044     0.4123     0.4114     0.4118     0.0229
1229.6736     0.4201     0.052     0.400     0.0116     0.4201     0.4044     0.4123     0.4114     0.4118     0.0229
1229.7269     0.3799     0.050     0.400     0.0116     0.3799     0.4044     0.4123     0.4114     0.4118     0.0229
1229.7802     0.3979     0.051     0.400     0.0116     0.3979     0.4044     0.4123     0.4114     0.4118     0.0229
1229.8335     0.4084     0.052     0.401     0.0116     0.4084     0.4044     0.4123     0.4114     0.4118     0.0229
1229.8867     0.4238     0.052     0.401     0.0116     0.4238     0.4282     0.4244     0.4191     0.4148     0.0234
1229.9401     0.4320     0.052     0.401     0.0117     0.4320     0.4282     0.4244     0.4191     0.4148     0.0234
1229.9933     0.4627     0.054     0.401     0.0117     0.4627     0.4282     0.4244     0.4191     0.4148     0.0234
1230.0466     0.4229     0.052     0.402     0.0117     0.4229     0.4282     0.4244     0.4191     0.4148     0.0234
1230.0999     0.3995     0.050     0.402     0.0117     0.3995     0.4282     0.4244     0.4191     0.4148     0.0234
1230.1532     0.3935     0.050     0.402     0.0117     0.3935     0.4207     0.4244     0.4191     0.4148     0.0232
1230.2064     0.4337     0.053     0.402     0.0117     0.4337     0.4207     0.4244     0.4191     0.4148     0.0232
1230.2598     0.3985     0.051     0.403     0.0117     0.3985     0.4207     0.4244     0.4191     0.4148     0.0232
1230.3130     0.4418     0.053     0.403     0.0117     0.4418     0.4207     0.4244     0.4191     0.4148     0.0232
1230.3663     0.4357     0.053     0.403     0.0117     0.4357     0.4207     0.4244     0.4191     0.4148     0.0232
1230.4196     0.4449     0.053     0.403     0.0117     0.4449     0.4084     0.4051     0.4191     0.4148     0.0228
1230.4729     0.4145     0.051     0.403     0.0117     0.4145     0.4084     0.4051     0.4191     0.4148     0.0228
1230.5261     0.3431     0.047     0.403     0.0117     0.3431     0.4084     0.4051     0.4191     0.4148     0.0228
1230.5795     0.4221     0.052     0.404     0.0118     0.4221     0.4084     0.4051     0.4191     0.4148     0.0228
1230.6327     0.4174     0.051     0.404     0.0118     0.4174     0.4084     0.4051     0.4191     0.4148     0.0228
1230.6860     0.3882     0.050     0.404     0.0117     0.3882     0.4019     0.4051     0.3855     0.4148     0.0226
1230.7393     0.4059     0.051     0.404     0.0117     0.4059     0.4019     0.4051     0.3855     0.4148     0.0226
1230.7926     0.3890     0.050     0.404     0.0117     0.3890     0.4019     0.4051     0.3855     0.4148     0.0226
1230.8458     0.4034     0.051     0.404     0.0117     0.4034     0.4019     0.4051     0.3855     0.4148     0.0226
1230.8992     0.4229     0.051     0.404     0.0117     0.4229     0.4019     0.4051     0.3855     0.4148     0.0226
1230.9524     0.3225     0.046     0.404     0.0117     0.3225     0.3597     0.3773     0.3855     0.3908     0.0214
1231.0057     0.4462     0.053     0.404     0.0117     0.4462     0.3597     0.3773     0.3855     0.3908     0.0214
1231.0590     0.4163     0.051     0.405     0.0117     0.4163     0.3597     0.3773     0.3855     0.3908     0.0214
1231.1123     0.2762     0.043     0.405     0.0117     0.2762     0.3597     0.3773     0.3855     0.3908     0.0214
1231.1655     0.3373     0.046     0.405     0.0117     0.3373     0.3597     0.3773     0.3855     0.3908     0.0214
1231.2189     0.3923     0.050     0.405     0.0117     0.3923     0.3949     0.3773     0.3855     0.3908     0.0225
1231.2721     0.4074     0.051     0.405     0.0117     0.4074     0.3949     0.3773     0.3855     0.3908     0.0225
1231.3253     0.3895     0.050     0.405     0.0116     0.3895     0.3949     0.3773     0.3855     0.3908     0.0225
1231.3787     0.3988     0.051     0.405     0.0116     0.3988     0.3949     0.3773     0.3855     0.3908     0.0225
1231.4319     0.3866     0.050     0.405     0.0116     0.3866     0.3949     0.3773     0.3855     0.3908     0.0225
1231.4852     0.4593     0.054     0.405     0.0116     0.4593     0.3989     0.4044     0.4163     0.3908     0.0226
1231.5385     0.4547     0.054     0.405     0.0116     0.4547     0.3989     0.4044     0.4163     0.3908     0.0226
1231.5918     0.3835     0.049     0.405     0.0115     0.3835     0.3989     0.4044     0.4163     0.3908     0.0226
1231.6450     0.3101     0.045     0.405     0.0115     0.3101     0.3989     0.4044     0.4163     0.3908     0.0226
1231.6982     0.3869     0.050     0.405     0.0115     0.3869     0.3989     0.4044     0.4163     0.3908     0.0226
1231.7516     0.3687     0.049     0.405     0.0115     0.3687     0.4099     0.4044     0.4163     0.3908     0.0228
1231.8048     0.4084     0.051     0.405     0.0114     0.4084     0.4099     0.4044     0.4163     0.3908     0.0228
1231.8582     0.4052     0.051     0.404     0.0114     0.4052     0.4099     0.4044     0.4163     0.3908     0.0228
1231.9114     0.4457     0.053     0.404     0.0114     0.4457     0.4099     0.4044     0.4163     0.3908     0.0228
1231.9647     0.4215     0.052     0.404     0.0113     0.4215     0.4099     0.4044     0.4163     0.3908     0.0228
1232.0179     0.4245     0.051     0.404     0.0113     0.4245     0.4400     0.4221     0.4163     0.4025     0.0235
1232.0712     0.4697     0.054     0.404     0.0113     0.4697     0.4400     0.4221     0.4163     0.4025     0.0235
1232.1245     0.4238     0.052     0.404     0.0112     0.4238     0.4400     0.4221     0.4163     0.4025     0.0235
1232.1777     0.3706     0.048     0.404     0.0112     0.3706     0.4400     0.4221     0.4163     0.4025     0.0235
1232.2311     0.5113     0.057     0.404     0.0112     0.5113     0.4400     0.4221     0.4163     0.4025     0.0235
1232.2843     0.3802     0.049     0.404     0.0111     0.3802     0.4042     0.4221     0.3900     0.4025     0.0225
1232.3375     0.5312     0.057     0.404     0.0111     0.5312     0.4042     0.4221     0.3900     0.4025     0.0225
1232.3909     0.3823     0.050     0.403     0.0110     0.3823     0.4042     0.4221     0.3900     0.4025     0.0225
1232.4441     0.3241     0.045     0.403     0.0110     0.3241     0.4042     0.4221     0.3900     0.4025     0.0225
1232.4974     0.4030     0.050     0.403     0.0110     0.4030     0.4042     0.4221     0.3900     0.4025     0.0225
1232.5507     0.2898     0.043     0.403     0.0109     0.2898     0.3644     0.3829     0.3900     0.4025     0.0212
1232.6039     0.4065     0.050     0.403     0.0109     0.4065     0.3644     0.3829     0.3900     0.4025     0.0212
1232.6572     0.4003     0.049     0.402     0.0108     0.4003     0.3644     0.3829     0.3900     0.4025     0.0212
1232.7104     0.3232     0.045     0.402     0.0108     0.3232     0.3644     0.3829     0.3900     0.4025     0.0212
1232.7637     0.4022     0.049     0.402     0.0107     0.4022     0.3644     0.3829     0.3900     0.4025     0.0212
1232.8170     0.4706     0.053     0.402     0.0107     0.4706     0.4014     0.3829     0.3900     0.4025     0.0223
1232.8702     0.4339     0.052     0.402     0.0106     0.4339     0.4014     0.3829     0.3900     0.4025     0.0223
1232.9235     0.4291     0.052     0.401     0.0106     0.4291     0.4014     0.3829     0.3900     0.4025     0.0223
1232.9768     0.2914     0.043     0.401     0.0105     0.2914     0.4014     0.3829     0.3900     0.4025     0.0223
1233.0300     0.3820     0.049     0.401     0.0104     0.3820     0.4014     0.3829     0.3900     0.4025     0.0223
1233.0834     0.3057     0.044     0.401     0.0104     0.3057     0.3864     0.3987     0.3877     0.3705     0.0218
1233.1366     0.3994     0.049     0.400     0.0103     0.3994     0.3864     0.3987     0.3877     0.3705     0.0218
1233.1898     0.4314     0.051     0.400     0.0103     0.4314     0.3864     0.3987     0.3877     0.3705     0.0218
1233.2432     0.4145     0.051     0.400     0.0102     0.4145     0.3864     0.3987     0.3877     0.3705     0.0218
1233.2964     0.3812     0.048     0.399     0.0101     0.3812     0.3864     0.3987     0.3877     0.3705     0.0218
1233.3496     0.3710     0.048     0.399     0.0101     0.3710     0.4110     0.3987     0.3877     0.3705     0.0224
1233.4030     0.4787     0.054     0.399     0.0100     0.4787     0.4110     0.3987     0.3877     0.3705     0.0224
1233.4562     0.4070     0.050     0.398     0.0100     0.4070     0.4110     0.3987     0.3877     0.3705     0.0224
1233.5094     0.3801     0.048     0.398     0.0099     0.3801     0.4110     0.3987     0.3877     0.3705     0.0224
1233.5627     0.4185     0.050     0.398     0.0098     0.4185     0.4110     0.3987     0.3877     0.3705     0.0224
1233.6160     0.4146     0.050     0.397     0.0097     0.4146     0.3655     0.3423     0.3877     0.3705     0.0212
1233.6692     0.3619     0.047     0.397     0.0097     0.3619     0.3655     0.3423     0.3877     0.3705     0.0212
1233.7225     0.3439     0.046     0.397     0.0096     0.3439     0.3655     0.3423     0.3877     0.3705     0.0212
1233.7758     0.3376     0.046     0.396     0.0095     0.3376     0.3655     0.3423     0.3877     0.3705     0.0212
1233.8290     0.3696     0.048     0.396     0.0095     0.3696     0.3655     0.3423     0.3877     0.3705     0.0212
1233.8823     0.3297     0.045     0.396     0.0094     0.3297     0.3191     0.3423     0.3608     0.3705     0.0197
1233.9355     0.3550     0.046     0.395     0.0093     0.3550     0.3191     0.3423     0.3608     0.3705     0.0197
1233.9888     0.2836     0.042     0.395     0.0092     0.2836     0.3191     0.3423     0.3608     0.3705     0.0197
1234.0420     0.3768     0.048     0.394     0.0092     0.3768     0.3191     0.3423     0.3608     0.3705     0.0197
1234.0953     0.2502     0.040     0.394     0.0091     0.2502     0.3191     0.3423     0.3608     0.3705     0.0197
1234.1486     0.3278     0.044     0.393     0.0090     0.3278     0.3480     0.3817     0.3608     0.3948     0.0205
1234.2018     0.3441     0.045     0.393     0.0089     0.3441     0.3480     0.3817     0.3608     0.3948     0.0205
1234.2551     0.3768     0.047     0.393     0.0088     0.3768     0.3480     0.3817     0.3608     0.3948     0.0205
1234.3082     0.3636     0.047     0.392     0.0088     0.3636     0.3480     0.3817     0.3608     0.3948     0.0205
1234.3615     0.3279     0.045     0.392     0.0087     0.3279     0.3480     0.3817     0.3608     0.3948     0.0205
1234.4147     0.3983     0.049     0.391     0.0086     0.3983     0.4153     0.3817     0.3608     0.3948     0.0222
1234.4680     0.3279     0.045     0.391     0.0085     0.3279     0.4153     0.3817     0.3608     0.3948     0.0222
1234.5212     0.4370     0.050     0.390     0.0084     0.4370     0.4153     0.3817     0.3608     0.3948     0.0222
1234.5745     0.4718     0.053     0.390     0.0084     0.4718     0.4153     0.3817     0.3608     0.3948     0.0222
1234.6278     0.4414     0.051     0.389     0.0083     0.4414     0.4153     0.3817     0.3608     0.3948     0.0222
1234.6810     0.4382     0.052     0.389     0.0082     0.4382     0.4105     0.4079     0.3941     0.3948     0.0224
1234.7343     0.4026     0.050     0.388     0.0081     0.4026     0.4105     0.4079     0.3941     0.3948     0.0224
1234.7875     0.3757     0.048     0.387     0.0080     0.3757     0.4105     0.4079     0.3941     0.3948     0.0224
1234.8408     0.4137     0.051     0.387     0.0079     0.4137     0.4105     0.4079     0.3941     0.3948     0.0224
1234.8940     0.4224     0.051     0.386     0.0079     0.4224     0.4105     0.4079     0.3941     0.3948     0.0224
1234.9473     0.4092     0.049     0.386     0.0078     0.4092     0.4053     0.4079     0.3941     0.3948     0.0220
1235.0005     0.4122     0.049     0.385     0.0077     0.4122     0.4053     0.4079     0.3941     0.3948     0.0220
1235.0538     0.4384     0.051     0.385     0.0076     0.4384     0.4053     0.4079     0.3941     0.3948     0.0220
1235.1071     0.3586     0.046     0.384     0.0075     0.3586     0.4053     0.4079     0.3941     0.3948     0.0220
1235.1603     0.4081     0.050     0.383     0.0074     0.4081     0.4053     0.4079     0.3941     0.3948     0.0220
1235.2135     0.2944     0.042     0.383     0.0073     0.2944     0.3666     0.3558     0.3941     0.3668     0.0209
1235.2668     0.3916     0.049     0.382     0.0073     0.3916     0.3666     0.3558     0.3941     0.3668     0.0209
1235.3201     0.4634     0.053     0.381     0.0072     0.4634     0.3666     0.3558     0.3941     0.3668     0.0209
1235.3733     0.3977     0.048     0.381     0.0071     0.3977     0.3666     0.3558     0.3941     0.3668     0.0209
1235.4265     0.2857     0.041     0.380     0.0070     0.2857     0.3666     0.3558     0.3941     0.3668     0.0209
1235.4799     0.3516     0.045     0.379     0.0069     0.3516     0.3451     0.3558     0.3668     0.3668     0.0205
1235.5331     0.3323     0.045     0.379     0.0069     0.3323     0.3451     0.3558     0.3668     0.3668     0.0205
1235.5863     0.2992     0.042     0.378     0.0068     0.2992     0.3451     0.3558     0.3668     0.3668     0.0205
1235.6395     0.3451     0.046     0.377     0.0067     0.3451     0.3451     0.3558     0.3668     0.3668     0.0205
1235.6927     0.3973     0.051     0.377     0.0066     0.3973     0.3451     0.3558     0.3668     0.3668     0.0205
1235.7461     0.4005     0.049     0.376     0.0066     0.4005     0.3925     0.3777     0.3668     0.3668     0.0214
1235.7993     0.3652     0.046     0.375     0.0065     0.3652     0.3925     0.3777     0.3668     0.3668     0.0214
1235.8525     0.4531     0.051     0.375     0.0064     0.4531     0.3925     0.3777     0.3668     0.3668     0.0214
1235.9058     0.4042     0.048     0.374     0.0064     0.4042     0.3925     0.3777     0.3668     0.3668     0.0214
1235.9590     0.3394     0.045     0.373     0.0063     0.3394     0.3925     0.3777     0.3668     0.3668     0.0214
1236.0123     0.3668     0.046     0.372     0.0062     0.3668     0.3630     0.3777     0.3668     0.3668     0.0206
1236.0656     0.3564     0.045     0.372     0.0062     0.3564     0.3630     0.3777     0.3668     0.3668     0.0206
1236.1188     0.2581     0.039     0.371     0.0061     0.2581     0.3630     0.3777     0.3668     0.3668     0.0206
1236.1720     0.3857     0.048     0.370     0.0061     0.3857     0.3630     0.3777     0.3668     0.3668     0.0206
1236.2252     0.4480     0.051     0.369     0.0060     0.4480     0.3630     0.3777     0.3668     0.3668     0.0206
1236.2786     0.3702     0.047     0.368     0.0060     0.3702     0.4007     0.4229     0.4281     0.4223     0.0216
1236.3318     0.4788     0.052     0.368     0.0059     0.4788     0.4007     0.4229     0.4281     0.4223     0.0216
1236.3850     0.3602     0.046     0.367     0.0059     0.3602     0.4007     0.4229     0.4281     0.4223     0.0216
1236.4382     0.4154     0.049     0.366     0.0059     0.4154     0.4007     0.4229     0.4281     0.4223     0.0216
1236.4915     0.3789     0.047     0.365     0.0059     0.3789     0.4007     0.4229     0.4281     0.4223     0.0216
1236.5447     0.4213     0.050     0.364     0.0058     0.4213     0.4451     0.4229     0.4281     0.4223     0.0227
1236.5980     0.5323     0.055     0.364     0.0058     0.5323     0.4451     0.4229     0.4281     0.4223     0.0227
1236.6512     0.3953     0.048     0.363     0.0058     0.3953     0.4451     0.4229     0.4281     0.4223     0.0227
1236.7045     0.4059     0.048     0.362     0.0058     0.4059     0.4451     0.4229     0.4281     0.4223     0.0227
1236.7577     0.4706     0.052     0.361     0.0058     0.4706     0.4451     0.4229     0.4281     0.4223     0.0227
1236.8109     0.3818     0.047     0.360     0.0058     0.3818     0.4385     0.4217     0.4281     0.4223     0.0224
1236.8641     0.5199     0.054     0.359     0.0058     0.5199     0.4385     0.4217     0.4281     0.4223     0.0224
1236.9175     0.3840     0.047     0.358     0.0058     0.3840     0.4385     0.4217     0.4281     0.4223     0.0224
1236.9707     0.4754     0.052     0.357     0.0059     0.4754     0.4385     0.4217     0.4281     0.4223     0.0224
1237.0239     0.4312     0.049     0.356     0.0059     0.4312     0.4385     0.4217     0.4281     0.4223     0.0224
1237.0771     0.4541     0.051     0.356     0.0059     0.4541     0.4049     0.4217     0.4206     0.4223     0.0215
1237.1304     0.4325     0.050     0.355     0.0060     0.4325     0.4049     0.4217     0.4206     0.4223     0.0215
1237.1836     0.3608     0.046     0.354     0.0060     0.3608     0.4049     0.4217     0.4206     0.4223     0.0215
1237.2368     0.3699     0.046     0.353     0.0061     0.3699     0.4049     0.4217     0.4206     0.4223     0.0215
1237.2902     0.4071     0.048     0.352     0.0062     0.4071     0.4049     0.4217     0.4206     0.4223     0.0215
1237.3434     0.4361     0.050     0.351     0.0062     0.4361     0.4305     0.4284     0.4206     0.4346     0.0221
1237.3966     0.4545     0.051     0.350     0.0063     0.4545     0.4305     0.4284     0.4206     0.4346     0.0221
1237.4498     0.3785     0.047     0.349     0.0064     0.3785     0.4305     0.4284     0.4206     0.4346     0.0221
1237.5031     0.4478     0.050     0.348     0.0065     0.4478     0.4305     0.4284     0.4206     0.4346     0.0221
1237.5563     0.4355     0.050     0.347     0.0066     0.4355     0.4305     0.4284     0.4206     0.4346     0.0221
1237.6095     0.4712     0.052     0.346     0.0067     0.4712     0.4263     0.4284     0.4206     0.4346     0.0220
1237.6627     0.3555     0.045     0.345     0.0068     0.3555     0.4263     0.4284     0.4206     0.4346     0.0220
1237.7159     0.4452     0.050     0.344     0.0069     0.4452     0.4263     0.4284     0.4206     0.4346     0.0220
1237.7693     0.4299     0.050     0.343     0.0070     0.4299     0.4263     0.4284     0.4206     0.4346     0.0220
1237.8225     0.4299     0.049     0.342     0.0071     0.4299     0.4263     0.4284     0.4206     0.4346     0.0220
1237.8757     0.4349     0.049     0.341     0.0073     0.4349     0.4297     0.4409     0.4211     0.4346     0.0221
1237.9290     0.4199     0.049     0.339     0.0074     0.4199     0.4297     0.4409     0.4211     0.4346     0.0221
1237.9822     0.4676     0.051     0.338     0.0075     0.4676     0.4297     0.4409     0.4211     0.4346     0.0221
1238.0354     0.4144     0.049     0.337     0.0077     0.4144     0.4297     0.4409     0.4211     0.4346     0.0221
1238.0886     0.4117     0.049     0.336     0.0078     0.4117     0.4297     0.4409     0.4211     0.4346     0.0221
1238.1418     0.4294     0.049     0.335     0.0080     0.4294     0.4521     0.4409     0.4211     0.4346     0.0226
1238.1951     0.4291     0.049     0.334     0.0081     0.4291     0.4521     0.4409     0.4211     0.4346     0.0226
1238.2483     0.5031     0.053     0.333     0.0083     0.5031     0.4521     0.4409     0.4211     0.4346     0.0226
1238.3015     0.4758     0.052     0.332     0.0085     0.4758     0.4521     0.4409     0.4211     0.4346     0.0226
1238.3549     0.4229     0.049     0.331     0.0086     0.4229     0.4521     0.4409     0.4211     0.4346     0.0226
1238.4081     0.3853     0.046     0.329     0.0088     0.3853     0.3816     0.3788     0.4211     0.3741     0.0207
1238.4613     0.3972     0.047     0.328     0.0090     0.3972     0.3816     0.3788     0.4211     0.3741     0.0207
1238.5145     0.3754     0.046     0.327     0.0092     0.3754     0.3816     0.3788     0.4211     0.3741     0.0207
1238.5677     0.3365     0.043     0.326     0.0094     0.3365     0.3816     0.3788     0.4211     0.3741     0.0207
1238.6210     0.4135     0.048     0.325     0.0096     0.4135     0.3816     0.3788     0.4211     0.3741     0.0207
1238.6742     0.3580     0.045     0.324     0.0098     0.3580     0.3760     0.3788     0.3717     0.3741     0.0205
1238.7274     0.4125     0.048     0.322     0.0100     0.4125     0.3760     0.3788     0.3717     0.3741     0.0205
1238.7806     0.3504     0.045     0.321     0.0102     0.3504     0.3760     0.3788     0.3717     0.3741     0.0205
1238.8339     0.4284     0.049     0.320     0.0104     0.4284     0.3760     0.3788     0.3717     0.3741     0.0205
1238.8871     0.3306     0.043     0.319     0.0106     0.3306     0.3760     0.3788     0.3717     0.3741     0.0205
1238.9403     0.3893     0.047     0.318     0.0108     0.3893     0.3579     0.3695     0.3717     0.3741     0.0200
1238.9935     0.3583     0.045     0.316     0.0110     0.3583     0.3579     0.3695     0.3717     0.3741     0.0200
1239.0468     0.4298     0.049     0.315     0.0112     0.4298     0.3579     0.3695     0.3717     0.3741     0.0200
1239.1000     0.2932     0.041     0.314     0.0114     0.2932     0.3579     0.3695     0.3717     0.3741     0.0200
1239.1532     0.3188     0.042     0.313     0.0117     0.3188     0.3579     0.3695     0.3717     0.3741     0.0200
1239.2064     0.4035     0.047     0.311     0.0119     0.4035     0.3811     0.3695     0.3717     0.3741     0.0205
1239.2596     0.3849     0.046     0.310     0.0121     0.3849     0.3811     0.3695     0.3717     0.3741     0.0205
1239.3129     0.3555     0.044     0.309     0.0124     0.3555     0.3811     0.3695     0.3717     0.3741     0.0205
1239.3661     0.3819     0.046     0.307     0.0126     0.3819     0.3811     0.3695     0.3717     0.3741     0.0205
1239.4193     0.3798     0.046     0.306     0.0128     0.3798     0.3811     0.3695     0.3717     0.3741     0.0205
1239.4725     0.3582     0.044     0.305     0.0131     0.3582     0.4195     0.3954     0.4002     0.3981     0.0213
1239.5258     0.4547     0.049     0.303     0.0133     0.4547     0.4195     0.3954     0.4002     0.3981     0.0213
1239.5790     0.4960     0.052     0.302     0.0136     0.4960     0.4195     0.3954     0.4002     0.3981     0.0213
1239.6322     0.3899     0.046     0.301     0.0138     0.3899     0.4195     0.3954     0.4002     0.3981     0.0213
1239.6855     0.3984     0.047     0.299     0.0141     0.3984     0.4195     0.3954     0.4002     0.3981     0.0213
1239.7388     0.4060     0.047     0.298     0.0143     0.4060     0.3713     0.3954     0.4002     0.3981     0.0201
1239.7920     0.4217     0.048     0.297     0.0146     0.4217     0.3713     0.3954     0.4002     0.3981     0.0201
1239.8451     0.2819     0.039     0.295     0.0148     0.2819     0.3713     0.3954     0.4002     0.3981     0.0201
1239.8983     0.3526     0.044     0.294     0.0151     0.3526     0.3713     0.3954     0.4002     0.3981     0.0201
1239.9515     0.3944     0.046     0.292     0.0153     0.3944     0.3713     0.3954     0.4002     0.3981     0.0201
1240.0048     0.4101     0.047     0.291     0.0156     0.4101     0.4098     0.4008     0.4002     0.3981     0.0211
1240.0580     0.3951     0.046     0.290     0.0159     0.3951     0.4098     0.4008     0.4002     0.3981     0.0211
1240.1112     0.3401     0.043     0.288     0.0161     0.3401     0.4098     0.4008     0.4002     0.3981     0.0211
1240.1644     0.4560     0.050     0.287     0.0164     0.4560     0.4098     0.4008     0.4002     0.3981     0.0211
1240.2177     0.4479     0.049     0.285     0.0167     0.4479     0.4098     0.4008     0.4002     0.3981     0.0211
1240.2709     0.4355     0.049     0.284     0.0170     0.4355     0.3918     0.4008     0.4061     0.3981     0.0206
1240.3241     0.3730     0.045     0.282     0.0173     0.3730     0.3918     0.4008     0.4061     0.3981     0.0206
1240.3773     0.3727     0.045     0.281     0.0175     0.3727     0.3918     0.4008     0.4061     0.3981     0.0206
1240.4305     0.3410     0.043     0.279     0.0178     0.3410     0.3918     0.4008     0.4061     0.3981     0.0206
1240.4838     0.4367     0.048     0.278     0.0181     0.4367     0.3918     0.4008     0.4061     0.3981     0.0206
1240.5370     0.4563     0.049     0.276     0.0184     0.4563     0.4220     0.4133     0.4061     0.4112     0.0213
1240.5902     0.4466     0.049     0.275     0.0187     0.4466     0.4220     0.4133     0.4061     0.4112     0.0213
1240.6434     0.4098     0.047     0.273     0.0190     0.4098     0.4220     0.4133     0.4061     0.4112     0.0213
1240.6967     0.4361     0.048     0.272     0.0193     0.4361     0.4220     0.4133     0.4061     0.4112     0.0213
1240.7499     0.3612     0.044     0.270     0.0196     0.3612     0.4220     0.4133     0.4061     0.4112     0.0213
1240.8031     0.3857     0.046     0.269     0.0199     0.3857     0.4046     0.4133     0.4061     0.4112     0.0208
1240.8563     0.3189     0.041     0.267     0.0202     0.3189     0.4046     0.4133     0.4061     0.4112     0.0208
1240.9095     0.4425     0.049     0.266     0.0205     0.4425     0.4046     0.4133     0.4061     0.4112     0.0208
1240.9628     0.4359     0.048     0.264     0.0208     0.4359     0.4046     0.4133     0.4061     0.4112     0.0208
1241.0160     0.4400     0.049     0.263     0.0211     0.4400     0.4046     0.4133     0.4061     0.4112     0.0208
1241.0692     0.4666     0.050     0.261     0.0214     0.4666     0.4101     0.4090     0.4159     0.4112     0.0210
1241.1224     0.4700     0.050     0.259     0.0217     0.4700     0.4101     0.4090     0.4159     0.4112     0.0210
1241.1755     0.4608     0.050     0.258     0.0220     0.4608     0.4101     0.4090     0.4159     0.4112     0.0210
1241.2288     0.3510     0.043     0.256     0.0223     0.3510     0.4101     0.4090     0.4159     0.4112     0.0210
1241.2820     0.3020     0.040     0.254     0.0226     0.3020     0.4101     0.4090     0.4159     0.4112     0.0210
1241.3352     0.4139     0.047     0.253     0.0229     0.4139     0.4079     0.4090     0.4159     0.4112     0.0209
1241.3884     0.4094     0.046     0.251     0.0233     0.4094     0.4079     0.4090     0.4159     0.4112     0.0209
1241.4417     0.4125     0.046     0.250     0.0236     0.4125     0.4079     0.4090     0.4159     0.4112     0.0209
1241.4949     0.3980     0.046     0.248     0.0239     0.3980     0.4079     0.4090     0.4159     0.4112     0.0209
1241.5481     0.4060     0.047     0.246     0.0242     0.4060     0.4079     0.4090     0.4159     0.4112     0.0209
1241.6013     0.4860     0.051     0.245     0.0246     0.4860     0.4298     0.4261     0.4159     0.4230     0.0214
1241.6545     0.4316     0.048     0.243     0.0249     0.4316     0.4298     0.4261     0.4159     0.4230     0.0214
1241.7078     0.3966     0.046     0.241     0.0252     0.3966     0.4298     0.4261     0.4159     0.4230     0.0214
1241.7609     0.4287     0.047     0.240     0.0256     0.4287     0.4298     0.4261     0.4159     0.4230     0.0214
1241.8141     0.4060     0.046     0.238     0.0259     0.4060     0.4298     0.4261     0.4159     0.4230     0.0214
1241.8673     0.5036     0.052     0.236     0.0262     0.5036     0.4223     0.4261     0.4207     0.4230     0.0212
