1213.7787     0.0064     0.027     0.346     0.3017     0.0064     0.0510     0.1393     0.1357     0.1097     0.0147
1213.8320     0.0891     0.037     0.346     0.3009     0.0891     0.0510     0.1393     0.1357     0.1097     0.0147
1213.8855     0.1395     0.043     0.346     0.3001     0.1395     0.0755     0.0730     0.0700     0.0911     0.0159
1213.9388     0.0157     0.028     0.347     0.2993     0.0157     0.0755     0.0730     0.0700     0.0911     0.0159
1213.9922     0.0518     0.033     0.347     0.2985     0.0518     0.0755     0.0730     0.0700     0.0911     0.0159
1214.0457     0.0500     0.032     0.347     0.2976     0.0500     0.0755     0.0730     0.0700     0.0911     0.0159
1214.0990     0.1205     0.040     0.347     0.2968     0.1205     0.0755     0.0730     0.0700     0.0911     0.0159
1214.1523     0.1507     0.042     0.347     0.2960     0.1507     0.0705     0.0730     0.0700     0.0911     0.0155
1214.2058     0.0886     0.037     0.348     0.2952     0.0886     0.0705     0.0730     0.0700     0.0911     0.0155
1214.2592     0.0324     0.031     0.348     0.2944     0.0324     0.0705     0.0730     0.0700     0.0911     0.0155
1214.3125     0.0332     0.030     0.348     0.2936     0.0332     0.0705     0.0730     0.0700     0.0911     0.0155
1214.3660     0.0477     0.032     0.348     0.2928     0.0477     0.0705     0.0730     0.0700     0.0911     0.0155
1214.4193     0.0444     0.031     0.348     0.2920     0.0444     0.0640     0.1092     0.0700     0.0911     0.0151
1214.4727     0.0805     0.036     0.349     0.2913     0.0805     0.0640     0.1092     0.0700     0.0911     0.0151
1214.5261     0.0078     0.027     0.349     0.2905     0.0078     0.0640     0.1092     0.0700     0.0911     0.0151
1214.5795     0.1049     0.038     0.349     0.2897     0.1049     0.0640     0.1092     0.0700     0.0911     0.0151
1214.6328     0.0825     0.035     0.349     0.2889     0.0825     0.0640     0.1092     0.0700     0.0911     0.0151
1214.6863     0.0665     0.034     0.349     0.2881     0.0665     0.1543     0.1092     0.1024     0.0911     0.0190
1214.7396     0.1738     0.044     0.350     0.2873     0.1738     0.1543     0.1092     0.1024     0.0911     0.0190
1214.7930     0.1815     0.045     0.350     0.2865     0.1815     0.1543     0.1092     0.1024     0.0911     0.0190
1214.8464     0.1257     0.040     0.350     0.2857     0.1257     0.1543     0.1092     0.1024     0.0911     0.0190
1214.8998     0.2242     0.048     0.350     0.2849     0.2242     0.1543     0.1092     0.1024     0.0911     0.0190
1214.9531     0.3039     0.054     0.350     0.2841     0.3039     0.1937     0.0764     0.1024     0.1342     0.0248
1215.0066     0.2846     0.052     0.351     0.2834     0.2846     0.1937     0.0764     0.1024     0.1342     0.0248
1215.0599     0.3317     0.055     0.351     0.2826     0.3317     0.1937     0.0764     0.1024     0.1342     0.0248
1215.1133     0.0807     0.056     0.351     0.2818     0.0807     0.1937     0.0764     0.1024     0.1342     0.0248
1215.1667    -0.0324     0.059     0.351     0.2810    -0.0324     0.1937     0.0764     0.1024     0.1342     0.0248
1215.2201    -0.0105     0.066     0.351     0.2802    -0.0105    -0.0409     0.0764     0.1024     0.1342     0.0365
1215.2734     0.0501     0.076     0.352     0.2794     0.0501    -0.0409     0.0764     0.1024     0.1342     0.0365
1215.3268    -0.1537     0.076     0.352     0.2787    -0.1537    -0.0409     0.0764     0.1024     0.1342     0.0365
1215.3802     0.0776     0.091     0.352     0.2779     0.0776    -0.0409     0.0764     0.1024     0.1342     0.0365
1215.4336    -0.1681     0.095     0.352     0.2771    -0.1681    -0.0409     0.0764     0.1024     0.1342     0.0365
1215.4869     0.1258     0.119     0.352     0.2763     0.1258    -0.0090     0.1919     0.0981     0.1342     0.1126
1215.5404    -0.0318     0.155     0.353     0.2756    -0.0318    -0.0090     0.1919     0.0981     0.1342     0.1126
1215.5938     0.1202     0.235     0.353     0.2748     0.1202    -0.0090     0.1919     0.0981     0.1342     0.1126
1215.6471     0.0103     0.314     0.353     0.2740     0.0103    -0.0090     0.1919     0.0981     0.1342     0.1126
1215.7004    -0.2693     0.354     0.353     0.2732    -0.2693    -0.0090     0.1919     0.0981     0.1342     0.1126
1215.7539     0.4073     0.367     0.353     0.2725     0.4073     0.3928     0.1919     0.0981     0.1342     0.1522
1215.8073     0.5194     0.370     0.353     0.2717     0.5194     0.3928     0.1919     0.0981     0.1342     0.1522
1215.8606     0.1592     0.355     0.354     0.2709     0.1592     0.3928     0.1919     0.0981     0.1342     0.1522
1215.9139     0.6995     0.335     0.354     0.2702     0.6995     0.3928     0.1919     0.0981     0.1342     0.1522
1215.9674     0.1787     0.262     0.354     0.2694     0.1787     0.3928     0.1919     0.0981     0.1342     0.1522
1216.0206    -0.0318     0.183     0.354     0.2686    -0.0318    -0.0896     0.0308     0.0981     0.0869     0.0533
1216.0740     0.0218     0.126     0.354     0.2679     0.0218    -0.0896     0.0308     0.0981     0.0869     0.0533
1216.1273    -0.0905     0.098     0.355     0.2671    -0.0905    -0.0896     0.0308     0.0981     0.0869     0.0533
1216.1808    -0.2951     0.083     0.355     0.2664    -0.2951    -0.0896     0.0308     0.0981     0.0869     0.0533
1216.2341    -0.0521     0.072     0.355     0.2656    -0.0521    -0.0896     0.0308     0.0981     0.0869     0.0533
1216.2875     0.0722     0.075     0.355     0.2648     0.0722     0.1511     0.0308     0.1457     0.0869     0.0276
1216.3408     0.1653     0.069     0.355     0.2641     0.1653     0.1511     0.0308     0.1457     0.0869     0.0276
1216.3943    -0.0558     0.057     0.356     0.2633    -0.0558     0.1511     0.0308     0.1457     0.0869     0.0276
1216.4476     0.3076     0.054     0.356     0.2626     0.3076     0.1511     0.0308     0.1457     0.0869     0.0276
1216.5010     0.2664     0.050     0.356     0.2618     0.2664     0.1511     0.0308     0.1457     0.0869     0.0276
1216.5543     0.2389     0.048     0.356     0.2611     0.2389     0.1939     0.1430     0.1457     0.0869     0.0202
1216.6078     0.2564     0.050     0.356     0.2603     0.2564     0.1939     0.1430     0.1457     0.0869     0.0202
1216.6611     0.2030     0.047     0.357     0.2596     0.2030     0.1939     0.1430     0.1457     0.0869     0.0202
1216.7145     0.1506     0.041     0.357     0.2588     0.1506     0.1939     0.1430     0.1457     0.0869     0.0202
1216.7678     0.1208     0.038     0.357     0.2581     0.1208     0.1939     0.1430     0.1457     0.0869     0.0202
1216.8212     0.1004     0.036     0.357     0.2573     0.1004     0.0920     0.1430     0.1457     0.0869     0.0159
1216.8746     0.0970     0.036     0.357     0.2566     0.0970     0.0920     0.1430     0.1457     0.0869     0.0159
1216.9280     0.1494     0.041     0.357     0.2558     0.1494     0.0920     0.1430     0.1457     0.0869     0.0159
1216.9813     0.0523     0.031     0.358     0.2551     0.0523     0.0920     0.1430     0.1457     0.0869     0.0159
1217.0347     0.0609     0.034     0.358     0.2543     0.0609     0.0920     0.1430     0.1457     0.0869     0.0159
1217.0880     0.0159     0.036     0.358     0.2536     0.0159     0.0490     0.0670     0.0731     0.0848     0.0148
1217.1415     0.0626     0.035     0.358     0.2528     0.0626     0.0490     0.0670     0.0731     0.0848     0.0148
1217.1948     0.0392     0.030     0.358     0.2521     0.0392     0.0490     0.0670     0.0731     0.0848     0.0148
1217.2482     0.0556     0.031     0.359     0.2514     0.0556     0.0490     0.0670     0.0731     0.0848     0.0148
1217.3015     0.0717     0.033     0.359     0.2506     0.0717     0.0490     0.0670     0.0731     0.0848     0.0148
1217.3549     0.1197     0.039     0.359     0.2499     0.1197     0.0849     0.0670     0.0731     0.0848     0.0154
1217.4083     0.0665     0.033     0.359     0.2491     0.0665     0.0849     0.0670     0.0731     0.0848     0.0154
1217.4617     0.0649     0.032     0.359     0.2484     0.0649     0.0849     0.0670     0.0731     0.0848     0.0154
1217.5150     0.0864     0.034     0.359     0.2477     0.0864     0.0849     0.0670     0.0731     0.0848     0.0154
1217.5684     0.0872     0.034     0.360     0.2469     0.0872     0.0849     0.0670     0.0731     0.0848     0.0154
1217.6217     0.0805     0.034     0.360     0.2462     0.0805     0.0853     0.1027     0.0731     0.0848     0.0152
1217.6750     0.0641     0.032     0.360     0.2455     0.0641     0.0853     0.1027     0.0731     0.0848     0.0152
1217.7285     0.1264     0.038     0.360     0.2448     0.1264     0.0853     0.1027     0.0731     0.0848     0.0152
1217.7819     0.0588     0.031     0.360     0.2440     0.0588     0.0853     0.1027     0.0731     0.0848     0.0152
1217.8352     0.0967     0.035     0.361     0.2433     0.0967     0.0853     0.1027     0.0731     0.0848     0.0152
1217.8885     0.1048     0.036     0.361     0.2426     0.1048     0.1201     0.1027     0.1410     0.0848     0.0168
1217.9419     0.1910     0.043     0.361     0.2418     0.1910     0.1201     0.1027     0.1410     0.0848     0.0168
1217.9952     0.0742     0.033     0.361     0.2411     0.0742     0.1201     0.1027     0.1410     0.0848     0.0168
1218.0487     0.1124     0.036     0.361     0.2404     0.1124     0.1201     0.1027     0.1410     0.0848     0.0168
1218.1021     0.1181     0.037     0.361     0.2397     0.1181     0.1201     0.1027     0.1410     0.0848     0.0168
1218.1554     0.0926     0.035     0.362     0.2390     0.0926     0.1341     0.1515     0.1410     0.1467     0.0173
1218.2087     0.1030     0.036     0.362     0.2382     0.1030     0.1341     0.1515     0.1410     0.1467     0.0173
1218.2621     0.1218     0.038     0.362     0.2375     0.1218     0.1341     0.1515     0.1410     0.1467     0.0173
1218.3154     0.1500     0.041     0.362     0.2368     0.1500     0.1341     0.1515     0.1410     0.1467     0.0173
1218.3688     0.2031     0.044     0.362     0.2361     0.2031     0.1341     0.1515     0.1410     0.1467     0.0173
1218.4221     0.1714     0.042     0.363     0.2354     0.1714     0.1689     0.1515     0.1410     0.1467     0.0186
1218.4756     0.1993     0.044     0.363     0.2346     0.1993     0.1689     0.1515     0.1410     0.1467     0.0186
1218.5289     0.1397     0.039     0.363     0.2339     0.1397     0.1689     0.1515     0.1410     0.1467     0.0186
1218.5823     0.1466     0.040     0.363     0.2332     0.1466     0.1689     0.1515     0.1410     0.1467     0.0186
1218.6356     0.1873     0.043     0.363     0.2325     0.1873     0.1689     0.1515     0.1410     0.1467     0.0186
1218.6890     0.1909     0.043     0.363     0.2318     0.1909     0.1555     0.1419     0.1438     0.1467     0.0179
1218.7423     0.2127     0.045     0.364     0.2311     0.2127     0.1555     0.1419     0.1438     0.1467     0.0179
1218.7957     0.0990     0.035     0.364     0.2304     0.0990     0.1555     0.1419     0.1438     0.1467     0.0179
1218.8490     0.0884     0.034     0.364     0.2297     0.0884     0.1555     0.1419     0.1438     0.1467     0.0179
1218.9025     0.1866     0.043     0.364     0.2290     0.1866     0.1555     0.1419     0.1438     0.1467     0.0179
1218.9558     0.1390     0.039     0.364     0.2283     0.1390     0.1283     0.1419     0.1438     0.1467     0.0167
1219.0092     0.0966     0.034     0.364     0.2276     0.0966     0.1283     0.1419     0.1438     0.1467     0.0167
1219.0625     0.1262     0.037     0.365     0.2269     0.1262     0.1283     0.1419     0.1438     0.1467     0.0167
1219.1158     0.1704     0.041     0.365     0.2262     0.1704     0.1283     0.1419     0.1438     0.1467     0.0167
1219.1692     0.1095     0.035     0.365     0.2255     0.1095     0.1283     0.1419     0.1438     0.1467     0.0167
1219.2225     0.1046     0.035     0.365     0.2248     0.1046     0.1476     0.1193     0.1438     0.0878     0.0176
1219.2759     0.1905     0.043     0.365     0.2241     0.1905     0.1476     0.1193     0.1438     0.0878     0.0176
1219.3292     0.2369     0.047     0.365     0.2234     0.2369     0.1476     0.1193     0.1438     0.0878     0.0176
1219.3826     0.1154     0.036     0.366     0.2227     0.1154     0.1476     0.1193     0.1438     0.0878     0.0176
1219.4359     0.0906     0.034     0.366     0.2220     0.0906     0.1476     0.1193     0.1438     0.0878     0.0176
1219.4893     0.1073     0.035     0.366     0.2213     0.1073     0.0910     0.1193     0.0678     0.0878     0.0151
1219.5427     0.0983     0.034     0.366     0.2206     0.0983     0.0910     0.1193     0.0678     0.0878     0.0151
1219.5961     0.0856     0.034     0.366     0.2199     0.0856     0.0910     0.1193     0.0678     0.0878     0.0151
1219.6494     0.0647     0.031     0.367     0.2192     0.0647     0.0910     0.1193     0.0678     0.0878     0.0151
1219.7028     0.0992     0.034     0.367     0.2185     0.0992     0.0910     0.1193     0.0678     0.0878     0.0151
1219.7561     0.1044     0.035     0.367     0.2178     0.1044     0.0840     0.0562     0.0678     0.0878     0.0146
1219.8094     0.1084     0.035     0.367     0.2171     0.1084     0.0840     0.0562     0.0678     0.0878     0.0146
1219.8628     0.0674     0.031     0.367     0.2164     0.0674     0.0840     0.0562     0.0678     0.0878     0.0146
1219.9161     0.0859     0.033     0.367     0.2158     0.0859     0.0840     0.0562     0.0678     0.0878     0.0146
1219.9695     0.0540     0.030     0.368     0.2151     0.0540     0.0840     0.0562     0.0678     0.0878     0.0146
1220.0228     0.0436     0.028     0.368     0.2144     0.0436     0.0284     0.0562     0.0678     0.0878     0.0116
1220.0762     0.0298     0.026     0.368     0.2137     0.0298     0.0284     0.0562     0.0678     0.0878     0.0116
1220.1295     0.0120     0.024     0.368     0.2130     0.0120     0.0284     0.0562     0.0678     0.0878     0.0116
1220.1829     0.0325     0.027     0.368     0.2123     0.0325     0.0284     0.0562     0.0678     0.0878     0.0116
1220.2362     0.0240     0.025     0.368     0.2117     0.0240     0.0284     0.0562     0.0678     0.0878     0.0116
1220.2896     0.0001     0.022     0.369     0.2110     0.0001     0.0004    -0.0086    -0.0092    -0.0099     0.0100
1220.3429     0.0124     0.024     0.369     0.2103     0.0124     0.0004    -0.0086    -0.0092    -0.0099     0.0100
1220.3962    -0.0012     0.022     0.369     0.2096    -0.0012     0.0004    -0.0086    -0.0092    -0.0099     0.0100
1220.4496     0.0153     0.024     0.369     0.2090     0.0153     0.0004    -0.0086    -0.0092    -0.0099     0.0100
1220.5029    -0.0245     0.020     0.369     0.2083    -0.0245     0.0004    -0.0086    -0.0092    -0.0099     0.0100
1220.5563     0.0121     0.030     0.369     0.2076     0.0121    -0.0176    -0.0086    -0.0092    -0.0099     0.0094
1220.6096    -0.0531     0.014     0.370     0.2069    -0.0531    -0.0176    -0.0086    -0.0092    -0.0099     0.0094
1220.6630    -0.0341     0.016     0.370     0.2063    -0.0341    -0.0176    -0.0086    -0.0092    -0.0099     0.0094
1220.7163    -0.0038     0.021     0.370     0.2056    -0.0038    -0.0176    -0.0086    -0.0092    -0.0099     0.0094
1220.7697    -0.0093     0.020     0.370     0.2049    -0.0093    -0.0176    -0.0086    -0.0092    -0.0099     0.0094
1220.8230     0.0049     0.022     0.370     0.2043     0.0049    -0.0105    -0.0111    -0.0092    -0.0099     0.0088
1220.8763    -0.0311     0.016     0.370     0.2036    -0.0311    -0.0105    -0.0111    -0.0092    -0.0099     0.0088
1220.9297    -0.0109     0.019     0.371     0.2029    -0.0109    -0.0105    -0.0111    -0.0092    -0.0099     0.0088
1220.9830     0.0116     0.023     0.371     0.2023     0.0116    -0.0105    -0.0111    -0.0092    -0.0099     0.0088
1221.0364    -0.0269     0.017     0.371     0.2016    -0.0269    -0.0105    -0.0111    -0.0092    -0.0099     0.0088
1221.0897     0.0283     0.025     0.371     0.2009     0.0283    -0.0118    -0.0111    -0.0029    -0.0099     0.0086
1221.1431    -0.0201     0.018     0.371     0.2003    -0.0201    -0.0118    -0.0111    -0.0029    -0.0099     0.0086
1221.1964    -0.0214     0.017     0.371     0.1996    -0.0214    -0.0118    -0.0111    -0.0029    -0.0099     0.0086
1221.2498    -0.0263     0.017     0.371     0.1990    -0.0263    -0.0118    -0.0111    -0.0029    -0.0099     0.0086
1221.3031    -0.0194     0.018     0.372     0.1983    -0.0194    -0.0118    -0.0111    -0.0029    -0.0099     0.0086
1221.3564    -0.0196     0.018     0.372     0.1977    -0.0196    -0.0003     0.0015    -0.0029    -0.0012     0.0094
1221.4098    -0.0223     0.017     0.372     0.1970    -0.0223    -0.0003     0.0015    -0.0029    -0.0012     0.0094
1221.4631     0.0014     0.021     0.372     0.1963     0.0014    -0.0003     0.0015    -0.0029    -0.0012     0.0094
1221.5165     0.0199     0.024     0.372     0.1957     0.0199    -0.0003     0.0015    -0.0029    -0.0012     0.0094
1221.5698     0.0192     0.024     0.372     0.1950     0.0192    -0.0003     0.0015    -0.0029    -0.0012     0.0094
1221.6232     0.0259     0.025     0.373     0.1944     0.0259     0.0033     0.0015    -0.0029    -0.0012     0.0095
1221.6765    -0.0138     0.018     0.373     0.1937    -0.0138     0.0033     0.0015    -0.0029    -0.0012     0.0095
1221.7299    -0.0079     0.019     0.373     0.1931    -0.0079     0.0033     0.0015    -0.0029    -0.0012     0.0095
1221.7832     0.0048     0.021     0.373     0.1924     0.0048     0.0033     0.0015    -0.0029    -0.0012     0.0095
1221.8365     0.0077     0.022     0.373     0.1918     0.0077     0.0033     0.0015    -0.0029    -0.0012     0.0095
1221.8899    -0.0114     0.019     0.373     0.1911    -0.0114    -0.0013    -0.0039    -0.0041    -0.0012     0.0092
1221.9432     0.0080     0.022     0.374     0.1905     0.0080    -0.0013    -0.0039    -0.0041    -0.0012     0.0092
1221.9966     0.0410     0.027     0.374     0.1899     0.0410    -0.0013    -0.0039    -0.0041    -0.0012     0.0092
1222.0499    -0.0025     0.020     0.374     0.1892    -0.0025    -0.0013    -0.0039    -0.0041    -0.0012     0.0092
1222.1031    -0.0418     0.012     0.374     0.1886    -0.0418    -0.0013    -0.0039    -0.0041    -0.0012     0.0092
1222.1565    -0.0200     0.017     0.374     0.1879    -0.0200    -0.0065    -0.0039    -0.0041    -0.0012     0.0088
1222.2098     0.0047     0.022     0.374     0.1873     0.0047    -0.0065    -0.0039    -0.0041    -0.0012     0.0088
1222.2632     0.0015     0.021     0.375     0.1867     0.0015    -0.0065    -0.0039    -0.0041    -0.0012     0.0088
1222.3165    -0.0089     0.019     0.375     0.1860    -0.0089    -0.0065    -0.0039    -0.0041    -0.0012     0.0088
1222.3699    -0.0097     0.019     0.375     0.1854    -0.0097    -0.0065    -0.0039    -0.0041    -0.0012     0.0088
1222.4232    -0.0218     0.016     0.375     0.1847    -0.0218    -0.0046     0.0187    -0.0041     0.0654     0.0087
1222.4766     0.0048     0.021     0.375     0.1841     0.0048    -0.0046     0.0187    -0.0041     0.0654     0.0087
1222.5299    -0.0176     0.017     0.375     0.1835    -0.0176    -0.0046     0.0187    -0.0041     0.0654     0.0087
1222.5833    -0.0095     0.019     0.375     0.1829    -0.0095    -0.0046     0.0187    -0.0041     0.0654     0.0087
1222.6366     0.0212     0.024     0.376     0.1822     0.0212    -0.0046     0.0187    -0.0041     0.0654     0.0087
1222.6899     0.0056     0.021     0.376     0.1816     0.0056     0.0420     0.0187     0.0887     0.0654     0.0117
1222.7432     0.0377     0.026     0.376     0.1810     0.0377     0.0420     0.0187     0.0887     0.0654     0.0117
1222.7965     0.0374     0.025     0.376     0.1803     0.0374     0.0420     0.0187     0.0887     0.0654     0.0117
1222.8499     0.0625     0.029     0.376     0.1797     0.0625     0.0420     0.0187     0.0887     0.0654     0.0117
1222.9032     0.0668     0.029     0.376     0.1791     0.0668     0.0420     0.0187     0.0887     0.0654     0.0117
1222.9565     0.0330     0.025     0.377     0.1785     0.0330     0.0584     0.1121     0.0887     0.0654     0.0126
1223.0099     0.0309     0.025     0.377     0.1778     0.0309     0.0584     0.1121     0.0887     0.0654     0.0126
1223.0632     0.1000     0.032     0.377     0.1772     0.1000     0.0584     0.1121     0.0887     0.0654     0.0126
1223.1166     0.0417     0.026     0.377     0.1766     0.0417     0.0584     0.1121     0.0887     0.0654     0.0126
1223.1699     0.0866     0.032     0.377     0.1760     0.0866     0.0584     0.1121     0.0887     0.0654     0.0126
1223.2231     0.2093     0.042     0.377     0.1754     0.2093     0.1658     0.1121     0.0887     0.0654     0.0171
1223.2765     0.0935     0.032     0.377     0.1747     0.0935     0.1658     0.1121     0.0887     0.0654     0.0171
1223.3298     0.1903     0.040     0.378     0.1741     0.1903     0.1658     0.1121     0.0887     0.0654     0.0171
1223.3832     0.1716     0.038     0.378     0.1735     0.1716     0.1658     0.1121     0.0887     0.0654     0.0171
1223.4365     0.1641     0.038     0.378     0.1729     0.1641     0.1658     0.1121     0.0887     0.0654     0.0171
1223.4899     0.1291     0.035     0.378     0.1723     0.1291     0.1981     0.2116     0.2265     0.2428     0.0182
1223.5432     0.2212     0.043     0.378     0.1717     0.2212     0.1981     0.2116     0.2265     0.2428     0.0182
1223.5964     0.2060     0.042     0.378     0.1711     0.2060     0.1981     0.2116     0.2265     0.2428     0.0182
1223.6498     0.2569     0.044     0.378     0.1704     0.2569     0.1981     0.2116     0.2265     0.2428     0.0182
1223.7031     0.1774     0.039     0.379     0.1698     0.1774     0.1981     0.2116     0.2265     0.2428     0.0182
1223.7565     0.2673     0.045     0.379     0.1692     0.2673     0.2251     0.2116     0.2265     0.2428     0.0190
1223.8098     0.2103     0.041     0.379     0.1686     0.2103     0.2251     0.2116     0.2265     0.2428     0.0190
1223.8632     0.2138     0.042     0.379     0.1680     0.2138     0.2251     0.2116     0.2265     0.2428     0.0190
1223.9165     0.2479     0.044     0.379     0.1674     0.2479     0.2251     0.2116     0.2265     0.2428     0.0190
1223.9697     0.1864     0.040     0.379     0.1668     0.1864     0.2251     0.2116     0.2265     0.2428     0.0190
1224.0231     0.2102     0.041     0.379     0.1662     0.2102     0.2563     0.2740     0.2265     0.2428     0.0199
1224.0764     0.2195     0.041     0.380     0.1656     0.2195     0.2563     0.2740     0.2265     0.2428     0.0199
1224.1298     0.2917     0.048     0.380     0.1650     0.2917     0.2563     0.2740     0.2265     0.2428     0.0199
1224.1831     0.2360     0.043     0.380     0.1644     0.2360     0.2563     0.2740     0.2265     0.2428     0.0199
1224.2363     0.3244     0.049     0.380     0.1638     0.3244     0.2563     0.2740     0.2265     0.2428     0.0199
1224.2897     0.2036     0.041     0.380     0.1632     0.2036     0.2917     0.2740     0.2898     0.2428     0.0216
1224.3430     0.3306     0.050     0.380     0.1626     0.3306     0.2917     0.2740     0.2898     0.2428     0.0216
1224.3964     0.3322     0.049     0.380     0.1620     0.3322     0.2917     0.2740     0.2898     0.2428     0.0216
1224.4497     0.2768     0.046     0.381     0.1614     0.2768     0.2917     0.2740     0.2898     0.2428     0.0216
1224.5031     0.3150     0.054     0.381     0.1608     0.3150     0.2917     0.2740     0.2898     0.2428     0.0216
1224.5563     0.3759     0.059     0.381     0.1602     0.3759     0.2941     0.2889     0.2898     0.2922     0.0218
1224.6096     0.3236     0.050     0.381     0.1596     0.3236     0.2941     0.2889     0.2898     0.2922     0.0218
1224.6630     0.2849     0.047     0.381     0.1591     0.2849     0.2941     0.2889     0.2898     0.2922     0.0218
1224.7163     0.2641     0.045     0.381     0.1585     0.2641     0.2941     0.2889     0.2898     0.2922     0.0218
1224.7697     0.2220     0.042     0.381     0.1579     0.2220     0.2941     0.2889     0.2898     0.2922     0.0218
1224.8229     0.2650     0.046     0.382     0.1573     0.2650     0.2838     0.2889     0.2898     0.2922     0.0208
1224.8762     0.2798     0.046     0.382     0.1567     0.2798     0.2838     0.2889     0.2898     0.2922     0.0208
1224.9296     0.2689     0.045     0.382     0.1561     0.2689     0.2838     0.2889     0.2898     0.2922     0.0208
1224.9829     0.3152     0.048     0.382     0.1555     0.3152     0.2838     0.2889     0.2898     0.2922     0.0208
1225.0361     0.2899     0.047     0.382     0.1550     0.2899     0.2838     0.2889     0.2898     0.2922     0.0208
1225.0895     0.3250     0.049     0.382     0.1544     0.3250     0.2871     0.2954     0.3084     0.2922     0.0207
1225.1428     0.2429     0.043     0.382     0.1538     0.2429     0.2871     0.2954     0.3084     0.2922     0.0207
1225.1962     0.2934     0.046     0.383     0.1532     0.2934     0.2871     0.2954     0.3084     0.2922     0.0207
1225.2495     0.2769     0.046     0.383     0.1526     0.2769     0.2871     0.2954     0.3084     0.2922     0.0207
1225.3027     0.2973     0.047     0.383     0.1521     0.2973     0.2871     0.2954     0.3084     0.2922     0.0207
1225.3561     0.2611     0.044     0.383     0.1515     0.2611     0.3038     0.2954     0.3084     0.2922     0.0212
1225.4094     0.3236     0.048     0.383     0.1509     0.3236     0.3038     0.2954     0.3084     0.2922     0.0212
1225.4628     0.3142     0.048     0.383     0.1503     0.3142     0.3038     0.2954     0.3084     0.2922     0.0212
1225.5160     0.3006     0.047     0.383     0.1498     0.3006     0.3038     0.2954     0.3084     0.2922     0.0212
1225.5693     0.3194     0.048     0.384     0.1492     0.3194     0.3038     0.2954     0.3084     0.2922     0.0212
1225.6227     0.3162     0.048     0.384     0.1486     0.3162     0.3343     0.3317     0.3084     0.3325     0.0219
1225.6760     0.2946     0.047     0.384     0.1481     0.2946     0.3343     0.3317     0.3084     0.3325     0.0219
1225.7292     0.3841     0.052     0.384     0.1475     0.3841     0.3343     0.3317     0.3084     0.3325     0.0219
1225.7826     0.2996     0.047     0.384     0.1469     0.2996     0.3343     0.3317     0.3084     0.3325     0.0219
1225.8359     0.3767     0.051     0.384     0.1464     0.3767     0.3343     0.3317     0.3084     0.3325     0.0219
1225.8893     0.3724     0.051     0.384     0.1458     0.3724     0.3292     0.3317     0.3320     0.3325     0.0216
1225.9425     0.3220     0.048     0.385     0.1452     0.3220     0.3292     0.3317     0.3320     0.3325     0.0216
1225.9958     0.3796     0.051     0.385     0.1447     0.3796     0.3292     0.3317     0.3320     0.3325     0.0216
1226.0492     0.2673     0.044     0.385     0.1441     0.2673     0.3292     0.3317     0.3320     0.3325     0.0216
1226.1024     0.3045     0.047     0.385     0.1435     0.3045     0.3292     0.3317     0.3320     0.3325     0.0216
1226.1558     0.3031     0.047     0.385     0.1430     0.3031     0.3378     0.3334     0.3320     0.3325     0.0219
1226.2091     0.3705     0.051     0.385     0.1424     0.3705     0.3378     0.3334     0.3320     0.3325     0.0219
1226.2625     0.3726     0.051     0.385     0.1419     0.3726     0.3378     0.3334     0.3320     0.3325     0.0219
1226.3157     0.3179     0.048     0.385     0.1413     0.3179     0.3378     0.3334     0.3320     0.3325     0.0219
1226.3690     0.3247     0.048     0.386     0.1408     0.3247     0.3378     0.3334     0.3320     0.3325     0.0219
1226.4224     0.3225     0.048     0.386     0.1402     0.3225     0.3289     0.3334     0.3320     0.3325     0.0218
1226.4756     0.3444     0.049     0.386     0.1396     0.3444     0.3289     0.3334     0.3320     0.3325     0.0218
1226.5289     0.3710     0.052     0.386     0.1391     0.3710     0.3289     0.3334     0.3320     0.3325     0.0218
1226.5823     0.3271     0.049     0.386     0.1385     0.3271     0.3289     0.3334     0.3320     0.3325     0.0218
1226.6355     0.2798     0.045     0.386     0.1380     0.2798     0.3289     0.3334     0.3320     0.3325     0.0218
1226.6888     0.3537     0.050     0.386     0.1374     0.3537     0.3606     0.3830     0.3750     0.3648     0.0224
1226.7422     0.2596     0.044     0.387     0.1369     0.2596     0.3606     0.3830     0.3750     0.3648     0.0224
1226.7955     0.3462     0.049     0.387     0.1363     0.3462     0.3606     0.3830     0.3750     0.3648     0.0224
1226.8488     0.4602     0.056     0.387     0.1358     0.4602     0.3606     0.3830     0.3750     0.3648     0.0224
1226.9021     0.3832     0.051     0.387     0.1353     0.3832     0.3606     0.3830     0.3750     0.3648     0.0224
1226.9554     0.4774     0.057     0.387     0.1347     0.4774     0.4055     0.3830     0.3750     0.3648     0.0237
1227.0087     0.3531     0.049     0.387     0.1342     0.3531     0.4055     0.3830     0.3750     0.3648     0.0237
1227.0620     0.3100     0.047     0.387     0.1336     0.3100     0.4055     0.3830     0.3750     0.3648     0.0237
1227.1154     0.4794     0.057     0.387     0.1331     0.4794     0.4055     0.3830     0.3750     0.3648     0.0237
1227.1686     0.4076     0.054     0.388     0.1326     0.4076     0.4055     0.3830     0.3750     0.3648     0.0237
1227.2220     0.3716     0.051     0.388     0.1320     0.3716     0.3590     0.3465     0.3750     0.3648     0.0223
1227.2754     0.3361     0.048     0.388     0.1315     0.3361     0.3590     0.3465     0.3750     0.3648     0.0223
1227.3286     0.2917     0.046     0.388     0.1309     0.2917     0.3590     0.3465     0.3750     0.3648     0.0223
1227.3820     0.4128     0.053     0.388     0.1304     0.4128     0.3590     0.3465     0.3750     0.3648     0.0223
1227.4353     0.3828     0.051     0.388     0.1299     0.3828     0.3590     0.3465     0.3750     0.3648     0.0223
1227.4885     0.2991     0.046     0.388     0.1293     0.2991     0.3340     0.3465     0.3582     0.3648     0.0217
1227.5419     0.3759     0.052     0.388     0.1288     0.3759     0.3340     0.3465     0.3582     0.3648     0.0217
1227.5951     0.3176     0.048     0.389     0.1283     0.3176     0.3340     0.3465     0.3582     0.3648     0.0217
1227.6484     0.3346     0.048     0.389     0.1277     0.3346     0.3340     0.3465     0.3582     0.3648     0.0217
1227.7018     0.3428     0.048     0.389     0.1272     0.3428     0.3340     0.3465     0.3582     0.3648     0.0217
1227.7550     0.3872     0.051     0.389     0.1267     0.3872     0.3753     0.3703     0.3582     0.3797     0.0227
1227.8083     0.4022     0.052     0.389     0.1262     0.4022     0.3753     0.3703     0.3582     0.3797     0.0227
1227.8617     0.4175     0.053     0.389     0.1256     0.4175     0.3753     0.3703     0.3582     0.3797     0.0227
1227.9149     0.3384     0.049     0.389     0.1251     0.3384     0.3753     0.3703     0.3582     0.3797     0.0227
1227.9683     0.3312     0.048     0.389     0.1246     0.3312     0.3753     0.3703     0.3582     0.3797     0.0227
1228.0216     0.2720     0.044     0.390     0.1241     0.2720     0.3652     0.3703     0.3582     0.3797     0.0223
1228.0748     0.4175     0.053     0.390     0.1236     0.4175     0.3652     0.3703     0.3582     0.3797     0.0223
1228.1282     0.3683     0.050     0.390     0.1230     0.3683     0.3652     0.3703     0.3582     0.3797     0.0223
1228.1814     0.4160     0.052     0.390     0.1225     0.4160     0.3652     0.3703     0.3582     0.3797     0.0223
1228.2347     0.3522     0.049     0.390     0.1220     0.3522     0.3652     0.3703     0.3582     0.3797     0.0223
1228.2881     0.3987     0.052     0.390     0.1215     0.3987     0.3925     0.3891     0.3970     0.3797     0.0231
1228.3413     0.2844     0.045     0.390     0.1210     0.2844     0.3925     0.3891     0.3970     0.3797     0.0231
1228.3947     0.3840     0.051     0.390     0.1204     0.3840     0.3925     0.3891     0.3970     0.3797     0.0231
1228.4479     0.4303     0.054     0.391     0.1199     0.4303     0.3925     0.3891     0.3970     0.3797     0.0231
1228.5012     0.4654     0.056     0.391     0.1194     0.4654     0.3925     0.3891     0.3970     0.3797     0.0231
1228.5546     0.3806     0.051     0.391     0.1189     0.3806     0.3857     0.3891     0.3970     0.3797     0.0229
1228.6078     0.3766     0.050     0.391     0.1184     0.3766     0.3857     0.3891     0.3970     0.3797     0.0229
1228.6611     0.4052     0.052     0.391     0.1179     0.4052     0.3857     0.3891     0.3970     0.3797     0.0229
1228.7144     0.3401     0.048     0.391     0.1174     0.3401     0.3857     0.3891     0.3970     0.3797     0.0229
1228.7677     0.4258     0.054     0.391     0.1169     0.4258     0.3857     0.3891     0.3970     0.3797     0.0229
1228.8209     0.4434     0.054     0.391     0.1164     0.4434     0.4129     0.4112     0.3970     0.4118     0.0235
1228.8743     0.4462     0.055     0.391     0.1159     0.4462     0.4129     0.4112     0.3970     0.4118     0.0235
1228.9276     0.3922     0.051     0.392     0.1154     0.3922     0.4129     0.4112     0.3970     0.4118     0.0235
1228.9808     0.4234     0.053     0.392     0.1149     0.4234     0.4129     0.4112     0.3970     0.4118     0.0235
1229.0342     0.3595     0.049     0.392     0.1144     0.3595     0.4129     0.4112     0.3970     0.4118     0.0235
1229.0874     0.3686     0.050     0.392     0.1139     0.3686     0.4095     0.4112     0.4114     0.4118     0.0233
1229.1407     0.3717     0.050     0.392     0.1134     0.3717     0.4095     0.4112     0.4114     0.4118     0.0233
1229.1940     0.3929     0.051     0.392     0.1129     0.3929     0.4095     0.4112     0.4114     0.4118     0.0233
1229.2473     0.4889     0.056     0.392     0.1124     0.4889     0.4095     0.4112     0.4114     0.4118     0.0233
1229.3007     0.4256     0.053     0.392     0.1119     0.4256     0.4095     0.4112     0.4114     0.4118     0.0233
1229.3539     0.4992     0.057     0.393     0.1114     0.4992     0.4202     0.4123     0.4114     0.4118     0.0235
1229.4072     0.3944     0.052     0.393     0.1109     0.3944     0.4202     0.4123     0.4114     0.4118     0.0235
1229.4604     0.3989     0.052     0.393     0.1104     0.3989     0.4202     0.4123     0.4114     0.4118     0.0235
1229.5138     0.4006     0.051     0.393     0.1099     0.4006     0.4202     0.4123     0.4114     0.4118     0.0235
1229.5670     0.4080     0.052     0.393     0.1094     0.4080     0.4202     0.4123     0.4114     0.4118     0.0235
1229.6204     0.4155     0.052     0.393     0.1089     0.4155     0.4044     0.4123     0.4114     0.4118     0.0229
1229.6736     0.4201     0.052     0.393     0.1084     0.4201     0.4044     0.4123     0.4114     0.4118     0.0229
1229.7269     0.3799     0.050     0.393     0.1079     0.3799     0.4044     0.4123     0.4114     0.4118     0.0229
1229.7802     0.3979     0.051     0.393     0.1075     0.3979     0.4044     0.4123     0.4114     0.4118     0.0229
1229.8335     0.4084     0.052     0.394     0.1070     0.4084     0.4044     0.4123     0.4114     0.4118     0.0229
1229.8867     0.4238     0.052     0.394     0.1065     0.4238     0.4282     0.4244     0.4191     0.4148     0.0234
1229.9401     0.4320     0.052     0.394     0.1060     0.4320     0.4282     0.4244     0.4191     0.4148     0.0234
1229.9933     0.4627     0.054     0.394     0.1055     0.4627     0.4282     0.4244     0.4191     0.4148     0.0234
1230.0466     0.4229     0.052     0.394     0.1050     0.4229     0.4282     0.4244     0.4191     0.4148     0.0234
1230.0999     0.3995     0.050     0.394     0.1046     0.3995     0.4282     0.4244     0.4191     0.4148     0.0234
1230.1532     0.3935     0.050     0.394     0.1041     0.3935     0.4207     0.4244     0.4191     0.4148     0.0232
1230.2064     0.4337     0.053     0.394     0.1036     0.4337     0.4207     0.4244     0.4191     0.4148     0.0232
1230.2598     0.3985     0.051     0.394     0.1031     0.3985     0.4207     0.4244     0.4191     0.4148     0.0232
1230.3130     0.4418     0.053     0.395     0.1027     0.4418     0.4207     0.4244     0.4191     0.4148     0.0232
1230.3663     0.4357     0.053     0.395     0.1022     0.4357     0.4207     0.4244     0.4191     0.4148     0.0232
1230.4196     0.4449     0.053     0.395     0.1017     0.4449     0.4084     0.4051     0.4191     0.4148     0.0228
1230.4729     0.4145     0.051     0.395     0.1012     0.4145     0.4084     0.4051     0.4191     0.4148     0.0228
1230.5261     0.3431     0.047     0.395     0.1008     0.3431     0.4084     0.4051     0.4191     0.4148     0.0228
1230.5795     0.4221     0.052     0.395     0.1003     0.4221     0.4084     0.4051     0.4191     0.4148     0.0228
1230.6327     0.4174     0.051     0.395     0.0998     0.4174     0.4084     0.4051     0.4191     0.4148     0.0228
1230.6860     0.3882     0.050     0.395     0.0994     0.3882     0.4019     0.4051     0.3855     0.4148     0.0226
1230.7393     0.4059     0.051     0.395     0.0989     0.4059     0.4019     0.4051     0.3855     0.4148     0.0226
1230.7926     0.3890     0.050     0.396     0.0984     0.3890     0.4019     0.4051     0.3855     0.4148     0.0226
1230.8458     0.4034     0.051     0.396     0.0980     0.4034     0.4019     0.4051     0.3855     0.4148     0.0226
1230.8992     0.4229     0.051     0.396     0.0975     0.4229     0.4019     0.4051     0.3855     0.4148     0.0226
1230.9524     0.3225     0.046     0.396     0.0970     0.3225     0.3597     0.3773     0.3855     0.3908     0.0214
1231.0057     0.4462     0.053     0.396     0.0966     0.4462     0.3597     0.3773     0.3855     0.3908     0.0214
1231.0590     0.4163     0.051     0.396     0.0961     0.4163     0.3597     0.3773     0.3855     0.3908     0.0214
1231.1123     0.2762     0.043     0.396     0.0956     0.2762     0.3597     0.3773     0.3855     0.3908     0.0214
1231.1655     0.3373     0.046     0.396     0.0952     0.3373     0.3597     0.3773     0.3855     0.3908     0.0214
1231.2189     0.3923     0.050     0.396     0.0947     0.3923     0.3949     0.3773     0.3855     0.3908     0.0225
1231.2721     0.4074     0.051     0.397     0.0943     0.4074     0.3949     0.3773     0.3855     0.3908     0.0225
1231.3253     0.3895     0.050     0.397     0.0938     0.3895     0.3949     0.3773     0.3855     0.3908     0.0225
1231.3787     0.3988     0.051     0.397     0.0934     0.3988     0.3949     0.3773     0.3855     0.3908     0.0225
1231.4319     0.3866     0.050     0.397     0.0929     0.3866     0.3949     0.3773     0.3855     0.3908     0.0225
1231.4852     0.4593     0.054     0.397     0.0925     0.4593     0.3989     0.4044     0.4163     0.3908     0.0226
1231.5385     0.4547     0.054     0.397     0.0920     0.4547     0.3989     0.4044     0.4163     0.3908     0.0226
1231.5918     0.3835     0.049     0.397     0.0916     0.3835     0.3989     0.4044     0.4163     0.3908     0.0226
1231.6450     0.3101     0.045     0.397     0.0911     0.3101     0.3989     0.4044     0.4163     0.3908     0.0226
1231.6982     0.3869     0.050     0.397     0.0907     0.3869     0.3989     0.4044     0.4163     0.3908     0.0226
1231.7516     0.3687     0.049     0.397     0.0902     0.3687     0.4099     0.4044     0.4163     0.3908     0.0228
1231.8048     0.4084     0.051     0.398     0.0898     0.4084     0.4099     0.4044     0.4163     0.3908     0.0228
1231.8582     0.4052     0.051     0.398     0.0893     0.4052     0.4099     0.4044     0.4163     0.3908     0.0228
1231.9114     0.4457     0.053     0.398     0.0889     0.4457     0.4099     0.4044     0.4163     0.3908     0.0228
1231.9647     0.4215     0.052     0.398     0.0884     0.4215     0.4099     0.4044     0.4163     0.3908     0.0228
1232.0179     0.4245     0.051     0.398     0.0880     0.4245     0.4400     0.4221     0.4163     0.4025     0.0235
1232.0712     0.4697     0.054     0.398     0.0876     0.4697     0.4400     0.4221     0.4163     0.4025     0.0235
1232.1245     0.4238     0.052     0.398     0.0871     0.4238     0.4400     0.4221     0.4163     0.4025     0.0235
1232.1777     0.3706     0.048     0.398     0.0867     0.3706     0.4400     0.4221     0.4163     0.4025     0.0235
1232.2311     0.5113     0.057     0.398     0.0863     0.5113     0.4400     0.4221     0.4163     0.4025     0.0235
1232.2843     0.3802     0.049     0.398     0.0858     0.3802     0.4042     0.4221     0.3900     0.4025     0.0225
1232.3375     0.5312     0.057     0.399     0.0854     0.5312     0.4042     0.4221     0.3900     0.4025     0.0225
1232.3909     0.3823     0.050     0.399     0.0849     0.3823     0.4042     0.4221     0.3900     0.4025     0.0225
1232.4441     0.3241     0.045     0.399     0.0845     0.3241     0.4042     0.4221     0.3900     0.4025     0.0225
1232.4974     0.4030     0.050     0.399     0.0841     0.4030     0.4042     0.4221     0.3900     0.4025     0.0225
1232.5507     0.2898     0.043     0.399     0.0837     0.2898     0.3644     0.3829     0.3900     0.4025     0.0212
1232.6039     0.4065     0.050     0.399     0.0832     0.4065     0.3644     0.3829     0.3900     0.4025     0.0212
1232.6572     0.4003     0.049     0.399     0.0828     0.4003     0.3644     0.3829     0.3900     0.4025     0.0212
1232.7104     0.3232     0.045     0.399     0.0824     0.3232     0.3644     0.3829     0.3900     0.4025     0.0212
1232.7637     0.4022     0.049     0.399     0.0819     0.4022     0.3644     0.3829     0.3900     0.4025     0.0212
1232.8170     0.4706     0.053     0.399     0.0815     0.4706     0.4014     0.3829     0.3900     0.4025     0.0223
1232.8702     0.4339     0.052     0.400     0.0811     0.4339     0.4014     0.3829     0.3900     0.4025     0.0223
1232.9235     0.4291     0.052     0.400     0.0807     0.4291     0.4014     0.3829     0.3900     0.4025     0.0223
1232.9768     0.2914     0.043     0.400     0.0802     0.2914     0.4014     0.3829     0.3900     0.4025     0.0223
1233.0300     0.3820     0.049     0.400     0.0798     0.3820     0.4014     0.3829     0.3900     0.4025     0.0223
1233.0834     0.3057     0.044     0.400     0.0794     0.3057     0.3864     0.3987     0.3877     0.3705     0.0218
1233.1366     0.3994     0.049     0.400     0.0790     0.3994     0.3864     0.3987     0.3877     0.3705     0.0218
1233.1898     0.4314     0.051     0.400     0.0786     0.4314     0.3864     0.3987     0.3877     0.3705     0.0218
1233.2432     0.4145     0.051     0.400     0.0782     0.4145     0.3864     0.3987     0.3877     0.3705     0.0218
1233.2964     0.3812     0.048     0.400     0.0777     0.3812     0.3864     0.3987     0.3877     0.3705     0.0218
1233.3496     0.3710     0.048     0.400     0.0773     0.3710     0.4110     0.3987     0.3877     0.3705     0.0224
1233.4030     0.4787     0.054     0.400     0.0769     0.4787     0.4110     0.3987     0.3877     0.3705     0.0224
1233.4562     0.4070     0.050     0.401     0.0765     0.4070     0.4110     0.3987     0.3877     0.3705     0.0224
1233.5094     0.3801     0.048     0.401     0.0761     0.3801     0.4110     0.3987     0.3877     0.3705     0.0224
1233.5627     0.4185     0.050     0.401     0.0757     0.4185     0.4110     0.3987     0.3877     0.3705     0.0224
1233.6160     0.4146     0.050     0.401     0.0753     0.4146     0.3655     0.3423     0.3877     0.3705     0.0212
1233.6692     0.3619     0.047     0.401     0.0749     0.3619     0.3655     0.3423     0.3877     0.3705     0.0212
1233.7225     0.3439     0.046     0.401     0.0745     0.3439     0.3655     0.3423     0.3877     0.3705     0.0212
1233.7758     0.3376     0.046     0.401     0.0741     0.3376     0.3655     0.3423     0.3877     0.3705     0.0212
1233.8290     0.3696     0.048     0.401     0.0737     0.3696     0.3655     0.3423     0.3877     0.3705     0.0212
1233.8823     0.3297     0.045     0.401     0.0732     0.3297     0.3191     0.3423     0.3608     0.3705     0.0197
1233.9355     0.3550     0.046     0.401     0.0728     0.3550     0.3191     0.3423     0.3608     0.3705     0.0197
1233.9888     0.2836     0.042     0.401     0.0724     0.2836     0.3191     0.3423     0.3608     0.3705     0.0197
1234.0420     0.3768     0.048     0.402     0.0720     0.3768     0.3191     0.3423     0.3608     0.3705     0.0197
1234.0953     0.2502     0.040     0.402     0.0716     0.2502     0.3191     0.3423     0.3608     0.3705     0.0197
1234.1486     0.3278     0.044     0.402     0.0712     0.3278     0.3480     0.3817     0.3608     0.3948     0.0205
1234.2018     0.3441     0.045     0.402     0.0709     0.3441     0.3480     0.3817     0.3608     0.3948     0.0205
1234.2551     0.3768     0.047     0.402     0.0705     0.3768     0.3480     0.3817     0.3608     0.3948     0.0205
1234.3082     0.3636     0.047     0.402     0.0701     0.3636     0.3480     0.3817     0.3608     0.3948     0.0205
1234.3615     0.3279     0.045     0.402     0.0697     0.3279     0.3480     0.3817     0.3608     0.3948     0.0205
1234.4147     0.3983     0.049     0.402     0.0693     0.3983     0.4153     0.3817     0.3608     0.3948     0.0222
1234.4680     0.3279     0.045     0.402     0.0689     0.3279     0.4153     0.3817     0.3608     0.3948     0.0222
1234.5212     0.4370     0.050     0.402     0.0685     0.4370     0.4153     0.3817     0.3608     0.3948     0.0222
1234.5745     0.4718     0.053     0.402     0.0681     0.4718     0.4153     0.3817     0.3608     0.3948     0.0222
1234.6278     0.4414     0.051     0.403     0.0677     0.4414     0.4153     0.3817     0.3608     0.3948     0.0222
1234.6810     0.4382     0.052     0.403     0.0673     0.4382     0.4105     0.4079     0.3941     0.3948     0.0224
1234.7343     0.4026     0.050     0.403     0.0669     0.4026     0.4105     0.4079     0.3941     0.3948     0.0224
1234.7875     0.3757     0.048     0.403     0.0666     0.3757     0.4105     0.4079     0.3941     0.3948     0.0224
1234.8408     0.4137     0.051     0.403     0.0662     0.4137     0.4105     0.4079     0.3941     0.3948     0.0224
1234.8940     0.4224     0.051     0.403     0.0658     0.4224     0.4105     0.4079     0.3941     0.3948     0.0224
1234.9473     0.4092     0.049     0.403     0.0654     0.4092     0.4053     0.4079     0.3941     0.3948     0.0220
1235.0005     0.4122     0.049     0.403     0.0650     0.4122     0.4053     0.4079     0.3941     0.3948     0.0220
1235.0538     0.4384     0.051     0.403     0.0647     0.4384     0.4053     0.4079     0.3941     0.3948     0.0220
1235.1071     0.3586     0.046     0.403     0.0643     0.3586     0.4053     0.4079     0.3941     0.3948     0.0220
1235.1603     0.4081     0.050     0.403     0.0639     0.4081     0.4053     0.4079     0.3941     0.3948     0.0220
1235.2135     0.2944     0.042     0.403     0.0635     0.2944     0.3666     0.3558     0.3941     0.3668     0.0209
1235.2668     0.3916     0.049     0.404     0.0631     0.3916     0.3666     0.3558     0.3941     0.3668     0.0209
1235.3201     0.4634     0.053     0.404     0.0628     0.4634     0.3666     0.3558     0.3941     0.3668     0.0209
1235.3733     0.3977     0.048     0.404     0.0624     0.3977     0.3666     0.3558     0.3941     0.3668     0.0209
1235.4265     0.2857     0.041     0.404     0.0620     0.2857     0.3666     0.3558     0.3941     0.3668     0.0209
1235.4799     0.3516     0.045     0.404     0.0617     0.3516     0.3451     0.3558     0.3668     0.3668     0.0205
1235.5331     0.3323     0.045     0.404     0.0613     0.3323     0.3451     0.3558     0.3668     0.3668     0.0205
1235.5863     0.2992     0.042     0.404     0.0609     0.2992     0.3451     0.3558     0.3668     0.3668     0.0205
1235.6395     0.3451     0.046     0.404     0.0605     0.3451     0.3451     0.3558     0.3668     0.3668     0.0205
1235.6927     0.3973     0.051     0.404     0.0602     0.3973     0.3451     0.3558     0.3668     0.3668     0.0205
1235.7461     0.4005     0.049     0.404     0.0598     0.4005     0.3925     0.3777     0.3668     0.3668     0.0214
1235.7993     0.3652     0.046     0.404     0.0595     0.3652     0.3925     0.3777     0.3668     0.3668     0.0214
1235.8525     0.4531     0.051     0.404     0.0591     0.4531     0.3925     0.3777     0.3668     0.3668     0.0214
1235.9058     0.4042     0.048     0.404     0.0587     0.4042     0.3925     0.3777     0.3668     0.3668     0.0214
1235.9590     0.3394     0.045     0.405     0.0584     0.3394     0.3925     0.3777     0.3668     0.3668     0.0214
1236.0123     0.3668     0.046     0.405     0.0580     0.3668     0.3630     0.3777     0.3668     0.3668     0.0206
1236.0656     0.3564     0.045     0.405     0.0576     0.3564     0.3630     0.3777     0.3668     0.3668     0.0206
1236.1188     0.2581     0.039     0.405     0.0573     0.2581     0.3630     0.3777     0.3668     0.3668     0.0206
1236.1720     0.3857     0.048     0.405     0.0569     0.3857     0.3630     0.3777     0.3668     0.3668     0.0206
1236.2252     0.4480     0.051     0.405     0.0566     0.4480     0.3630     0.3777     0.3668     0.3668     0.0206
1236.2786     0.3702     0.047     0.405     0.0562     0.3702     0.4007     0.4229     0.4281     0.4223     0.0216
1236.3318     0.4788     0.052     0.405     0.0559     0.4788     0.4007     0.4229     0.4281     0.4223     0.0216
1236.3850     0.3602     0.046     0.405     0.0555     0.3602     0.4007     0.4229     0.4281     0.4223     0.0216
1236.4382     0.4154     0.049     0.405     0.0552     0.4154     0.4007     0.4229     0.4281     0.4223     0.0216
1236.4915     0.3789     0.047     0.405     0.0548     0.3789     0.4007     0.4229     0.4281     0.4223     0.0216
1236.5447     0.4213     0.050     0.405     0.0545     0.4213     0.4451     0.4229     0.4281     0.4223     0.0227
1236.5980     0.5323     0.055     0.405     0.0541     0.5323     0.4451     0.4229     0.4281     0.4223     0.0227
1236.6512     0.3953     0.048     0.406     0.0538     0.3953     0.4451     0.4229     0.4281     0.4223     0.0227
1236.7045     0.4059     0.048     0.406     0.0534     0.4059     0.4451     0.4229     0.4281     0.4223     0.0227
1236.7577     0.4706     0.052     0.406     0.0531     0.4706     0.4451     0.4229     0.4281     0.4223     0.0227
1236.8109     0.3818     0.047     0.406     0.0527     0.3818     0.4385     0.4217     0.4281     0.4223     0.0224
1236.8641     0.5199     0.054     0.406     0.0524     0.5199     0.4385     0.4217     0.4281     0.4223     0.0224
1236.9175     0.3840     0.047     0.406     0.0521     0.3840     0.4385     0.4217     0.4281     0.4223     0.0224
1236.9707     0.4754     0.052     0.406     0.0517     0.4754     0.4385     0.4217     0.4281     0.4223     0.0224
1237.0239     0.4312     0.049     0.406     0.0514     0.4312     0.4385     0.4217     0.4281     0.4223     0.0224
1237.0771     0.4541     0.051     0.406     0.0510     0.4541     0.4049     0.4217     0.4206     0.4223     0.0215
1237.1304     0.4325     0.050     0.406     0.0507     0.4325     0.4049     0.4217     0.4206     0.4223     0.0215
1237.1836     0.3608     0.046     0.406     0.0504     0.3608     0.4049     0.4217     0.4206     0.4223     0.0215
1237.2368     0.3699     0.046     0.406     0.0500     0.3699     0.4049     0.4217     0.4206     0.4223     0.0215
1237.2902     0.4071     0.048     0.406     0.0497     0.4071     0.4049     0.4217     0.4206     0.4223     0.0215
1237.3434     0.4361     0.050     0.407     0.0494     0.4361     0.4305     0.4284     0.4206     0.4346     0.0221
1237.3966     0.4545     0.051     0.407     0.0490     0.4545     0.4305     0.4284     0.4206     0.4346     0.0221
1237.4498     0.3785     0.047     0.407     0.0487     0.3785     0.4305     0.4284     0.4206     0.4346     0.0221
1237.5031     0.4478     0.050     0.407     0.0484     0.4478     0.4305     0.4284     0.4206     0.4346     0.0221
1237.5563     0.4355     0.050     0.407     0.0480     0.4355     0.4305     0.4284     0.4206     0.4346     0.0221
1237.6095     0.4712     0.052     0.407     0.0477     0.4712     0.4263     0.4284     0.4206     0.4346     0.0220
1237.6627     0.3555     0.045     0.407     0.0474     0.3555     0.4263     0.4284     0.4206     0.4346     0.0220
1237.7159     0.4452     0.050     0.407     0.0471     0.4452     0.4263     0.4284     0.4206     0.4346     0.0220
1237.7693     0.4299     0.050     0.407     0.0467     0.4299     0.4263     0.4284     0.4206     0.4346     0.0220
1237.8225     0.4299     0.049     0.407     0.0464     0.4299     0.4263     0.4284     0.4206     0.4346     0.0220
1237.8757     0.4349     0.049     0.407     0.0461     0.4349     0.4297     0.4409     0.4211     0.4346     0.0221
1237.9290     0.4199     0.049     0.407     0.0458     0.4199     0.4297     0.4409     0.4211     0.4346     0.0221
1237.9822     0.4676     0.051     0.407     0.0455     0.4676     0.4297     0.4409     0.4211     0.4346     0.0221
1238.0354     0.4144     0.049     0.407     0.0451     0.4144     0.4297     0.4409     0.4211     0.4346     0.0221
1238.0886     0.4117     0.049     0.407     0.0448     0.4117     0.4297     0.4409     0.4211     0.4346     0.0221
1238.1418     0.4294     0.049     0.408     0.0445     0.4294     0.4521     0.4409     0.4211     0.4346     0.0226
1238.1951     0.4291     0.049     0.408     0.0442     0.4291     0.4521     0.4409     0.4211     0.4346     0.0226
1238.2483     0.5031     0.053     0.408     0.0439     0.5031     0.4521     0.4409     0.4211     0.4346     0.0226
1238.3015     0.4758     0.052     0.408     0.0436     0.4758     0.4521     0.4409     0.4211     0.4346     0.0226
1238.3549     0.4229     0.049     0.408     0.0432     0.4229     0.4521     0.4409     0.4211     0.4346     0.0226
1238.4081     0.3853     0.046     0.408     0.0429     0.3853     0.3816     0.3788     0.4211     0.3741     0.0207
1238.4613     0.3972     0.047     0.408     0.0426     0.3972     0.3816     0.3788     0.4211     0.3741     0.0207
1238.5145     0.3754     0.046     0.408     0.0423     0.3754     0.3816     0.3788     0.4211     0.3741     0.0207
1238.5677     0.3365     0.043     0.408     0.0420     0.3365     0.3816     0.3788     0.4211     0.3741     0.0207
1238.6210     0.4135     0.048     0.408     0.0417     0.4135     0.3816     0.3788     0.4211     0.3741     0.0207
1238.6742     0.3580     0.045     0.408     0.0414     0.3580     0.3760     0.3788     0.3717     0.3741     0.0205
1238.7274     0.4125     0.048     0.408     0.0411     0.4125     0.3760     0.3788     0.3717     0.3741     0.0205
1238.7806     0.3504     0.045     0.408     0.0408     0.3504     0.3760     0.3788     0.3717     0.3741     0.0205
1238.8339     0.4284     0.049     0.408     0.0405     0.4284     0.3760     0.3788     0.3717     0.3741     0.0205
1238.8871     0.3306     0.043     0.408     0.0402     0.3306     0.3760     0.3788     0.3717     0.3741     0.0205
1238.9403     0.3893     0.047     0.408     0.0399     0.3893     0.3579     0.3695     0.3717     0.3741     0.0200
1238.9935     0.3583     0.045     0.409     0.0396     0.3583     0.3579     0.3695     0.3717     0.3741     0.0200
1239.0468     0.4298     0.049     0.409     0.0393     0.4298     0.3579     0.3695     0.3717     0.3741     0.0200
1239.1000     0.2932     0.041     0.409     0.0390     0.2932     0.3579     0.3695     0.3717     0.3741     0.0200
1239.1532     0.3188     0.042     0.409     0.0387     0.3188     0.3579     0.3695     0.3717     0.3741     0.0200
1239.2064     0.4035     0.047     0.409     0.0384     0.4035     0.3811     0.3695     0.3717     0.3741     0.0205
1239.2596     0.3849     0.046     0.409     0.0381     0.3849     0.3811     0.3695     0.3717     0.3741     0.0205
1239.3129     0.3555     0.044     0.409     0.0378     0.3555     0.3811     0.3695     0.3717     0.3741     0.0205
1239.3661     0.3819     0.046     0.409     0.0375     0.3819     0.3811     0.3695     0.3717     0.3741     0.0205
1239.4193     0.3798     0.046     0.409     0.0372     0.3798     0.3811     0.3695     0.3717     0.3741     0.0205
1239.4725     0.3582     0.044     0.409     0.0370     0.3582     0.4195     0.3954     0.4002     0.3981     0.0213
1239.5258     0.4547     0.049     0.409     0.0367     0.4547     0.4195     0.3954     0.4002     0.3981     0.0213
1239.5790     0.4960     0.052     0.409     0.0364     0.4960     0.4195     0.3954     0.4002     0.3981     0.0213
1239.6322     0.3899     0.046     0.409     0.0361     0.3899     0.4195     0.3954     0.4002     0.3981     0.0213
1239.6855     0.3984     0.047     0.409     0.0358     0.3984     0.4195     0.3954     0.4002     0.3981     0.0213
1239.7388     0.4060     0.047     0.409     0.0355     0.4060     0.3713     0.3954     0.4002     0.3981     0.0201
1239.7920     0.4217     0.048     0.409     0.0352     0.4217     0.3713     0.3954     0.4002     0.3981     0.0201
1239.8451     0.2819     0.039     0.410     0.0350     0.2819     0.3713     0.3954     0.4002     0.3981     0.0201
1239.8983     0.3526     0.044     0.410     0.0347     0.3526     0.3713     0.3954     0.4002     0.3981     0.0201
1239.9515     0.3944     0.046     0.410     0.0344     0.3944     0.3713     0.3954     0.4002     0.3981     0.0201
1240.0048     0.4101     0.047     0.410     0.0341     0.4101     0.4098     0.4008     0.4002     0.3981     0.0211
1240.0580     0.3951     0.046     0.410     0.0338     0.3951     0.4098     0.4008     0.4002     0.3981     0.0211
1240.1112     0.3401     0.043     0.410     0.0336     0.3401     0.4098     0.4008     0.4002     0.3981     0.0211
1240.1644     0.4560     0.050     0.410     0.0333     0.4560     0.4098     0.4008     0.4002     0.3981     0.0211
1240.2177     0.4479     0.049     0.410     0.0330     0.4479     0.4098     0.4008     0.4002     0.3981     0.0211
1240.2709     0.4355     0.049     0.410     0.0327     0.4355     0.3918     0.4008     0.4061     0.3981     0.0206
1240.3241     0.3730     0.045     0.410     0.0325     0.3730     0.3918     0.4008     0.4061     0.3981     0.0206
1240.3773     0.3727     0.045     0.410     0.0322     0.3727     0.3918     0.4008     0.4061     0.3981     0.0206
1240.4305     0.3410     0.043     0.410     0.0319     0.3410     0.3918     0.4008     0.4061     0.3981     0.0206
1240.4838     0.4367     0.048     0.410     0.0317     0.4367     0.3918     0.4008     0.4061     0.3981     0.0206
1240.5370     0.4563     0.049     0.410     0.0314     0.4563     0.4220     0.4133     0.4061     0.4112     0.0213
1240.5902     0.4466     0.049     0.410     0.0311     0.4466     0.4220     0.4133     0.4061     0.4112     0.0213
1240.6434     0.4098     0.047     0.410     0.0309     0.4098     0.4220     0.4133     0.4061     0.4112     0.0213
1240.6967     0.4361     0.048     0.410     0.0306     0.4361     0.4220     0.4133     0.4061     0.4112     0.0213
1240.7499     0.3612     0.044     0.410     0.0303     0.3612     0.4220     0.4133     0.4061     0.4112     0.0213
1240.8031     0.3857     0.046     0.410     0.0301     0.3857     0.4046     0.4133     0.4061     0.4112     0.0208
1240.8563     0.3189     0.041     0.411     0.0298     0.3189     0.4046     0.4133     0.4061     0.4112     0.0208
1240.9095     0.4425     0.049     0.411     0.0296     0.4425     0.4046     0.4133     0.4061     0.4112     0.0208
1240.9628     0.4359     0.048     0.411     0.0293     0.4359     0.4046     0.4133     0.4061     0.4112     0.0208
1241.0160     0.4400     0.049     0.411     0.0291     0.4400     0.4046     0.4133     0.4061     0.4112     0.0208
1241.0692     0.4666     0.050     0.411     0.0288     0.4666     0.4101     0.4090     0.4159     0.4112     0.0210
1241.1224     0.4700     0.050     0.411     0.0285     0.4700     0.4101     0.4090     0.4159     0.4112     0.0210
1241.1755     0.4608     0.050     0.411     0.0283     0.4608     0.4101     0.4090     0.4159     0.4112     0.0210
1241.2288     0.3510     0.043     0.411     0.0280     0.3510     0.4101     0.4090     0.4159     0.4112     0.0210
1241.2820     0.3020     0.040     0.411     0.0278     0.3020     0.4101     0.4090     0.4159     0.4112     0.0210
1241.3352     0.4139     0.047     0.411     0.0275     0.4139     0.4079     0.4090     0.4159     0.4112     0.0209
1241.3884     0.4094     0.046     0.411     0.0273     0.4094     0.4079     0.4090     0.4159     0.4112     0.0209
1241.4417     0.4125     0.046     0.411     0.0270     0.4125     0.4079     0.4090     0.4159     0.4112     0.0209
1241.4949     0.3980     0.046     0.411     0.0268     0.3980     0.4079     0.4090     0.4159     0.4112     0.0209
1241.5481     0.4060     0.047     0.411     0.0266     0.4060     0.4079     0.4090     0.4159     0.4112     0.0209
1241.6013     0.4860     0.051     0.411     0.0263     0.4860     0.4298     0.4261     0.4159     0.4230     0.0214
1241.6545     0.4316     0.048     0.411     0.0261     0.4316     0.4298     0.4261     0.4159     0.4230     0.0214
1241.7078     0.3966     0.046     0.411     0.0258     0.3966     0.4298     0.4261     0.4159     0.4230     0.0214
1241.7609     0.4287     0.047     0.411     0.0256     0.4287     0.4298     0.4261     0.4159     0.4230     0.0214
1241.8141     0.4060     0.046     0.411     0.0253     0.4060     0.4298     0.4261     0.4159     0.4230     0.0214
1241.8673     0.5036     0.052     0.411     0.0251     0.5036     0.4223     0.4261     0.4207     0.4230     0.0212
1241.9205     0.3777     0.044     0.411     0.0249     0.3777     0.4223     0.4261     0.4207     0.4230     0.0212
1241.9738     0.3928     0.046     0.412     0.0246     0.3928     0.4223     0.4261     0.4207     0.4230     0.0212
1242.0270     0.4364     0.048     0.412     0.0244     0.4364     0.4223     0.4261     0.4207     0.4230     0.0212
1242.0802     0.4012     0.046     0.412     0.0242     0.4012     0.4223     0.4261     0.4207     0.4230     0.0212
1242.1334     0.4790     0.050     0.412     0.0239     0.4790     0.4302     0.4199     0.4207     0.4230     0.0212
1242.1866     0.4232     0.047     0.412     0.0237     0.4232     0.4302     0.4199     0.4207     0.4230     0.0212
1242.2397     0.3906     0.045     0.412     0.0235     0.3906     0.4302     0.4199     0.4207     0.4230     0.0212
1242.2930     0.4382     0.048     0.412     0.0232     0.4382     0.4302     0.4199     0.4207     0.4230     0.0212
1242.3462     0.4197     0.047     0.412     0.0230     0.4197     0.4302     0.4199     0.4207     0.4230     0.0212
1242.3994     0.4062     0.046     0.412     0.0228     0.4062     0.4097     0.4199     0.4207     0.4230     0.0207
1242.4526     0.4488     0.049     0.412     0.0226     0.4488     0.4097     0.4199     0.4207     0.4230     0.0207
1242.5059     0.3622     0.043     0.412     0.0223     0.3622     0.4097     0.4199     0.4207     0.4230     0.0207
1242.5591     0.4156     0.047     0.412     0.0221     0.4156     0.4097     0.4199     0.4207     0.4230     0.0207
1242.6122     0.4156     0.047     0.412     0.0219     0.4156     0.4097     0.4199     0.4207     0.4230     0.0207
1242.6654     0.3528     0.043     0.412     0.0217     0.3528     0.3896     0.4171     0.4222     0.4193     0.0202
1242.7186     0.3422     0.042     0.412     0.0214     0.3422     0.3896     0.4171     0.4222     0.4193     0.0202
1242.7719     0.3993     0.046     0.412     0.0212     0.3993     0.3896     0.4171     0.4222     0.4193     0.0202
1242.8251     0.4220     0.047     0.412     0.0210     0.4220     0.3896     0.4171     0.4222     0.4193     0.0202
1242.8783     0.4319     0.047     0.412     0.0208     0.4319     0.3896     0.4171     0.4222     0.4193     0.0202
1242.9314     0.3808     0.045     0.412     0.0206     0.3808     0.4446     0.4171     0.4222     0.4193     0.0216
1242.9846     0.4106     0.046     0.412     0.0204     0.4106     0.4446     0.4171     0.4222     0.4193     0.0216
1243.0378     0.4543     0.049     0.412     0.0202     0.4543     0.4446     0.4171     0.4222     0.4193     0.0216
1243.0911     0.5518     0.054     0.412     0.0199     0.5518     0.4446     0.4171     0.4222     0.4193     0.0216
1243.1443     0.4254     0.048     0.412     0.0197     0.4254     0.4446     0.4171     0.4222     0.4193     0.0216
1243.1975     0.4536     0.049     0.412     0.0195     0.4536     0.4323     0.4214     0.4222     0.4193     0.0215
1243.2506     0.4293     0.048     0.413     0.0193     0.4293     0.4323     0.4214     0.4222     0.4193     0.0215
1243.3038     0.4530     0.049     0.413     0.0191     0.4530     0.4323     0.4214     0.4222     0.4193     0.0215
1243.3571     0.3952     0.046     0.413     0.0189     0.3952     0.4323     0.4214     0.4222     0.4193     0.0215
1243.4103     0.4303     0.048     0.413     0.0187     0.4303     0.4323     0.4214     0.4222     0.4193     0.0215
1243.4636     0.3872     0.045     0.413     0.0185     0.3872     0.4106     0.4214     0.4135     0.4193     0.0208
1243.5167     0.4418     0.048     0.413     0.0183     0.4418     0.4106     0.4214     0.4135     0.4193     0.0208
1243.5699     0.4059     0.046     0.413     0.0181     0.4059     0.4106     0.4214     0.4135     0.4193     0.0208
1243.6232     0.4149     0.047     0.413     0.0179     0.4149     0.4106     0.4214     0.4135     0.4193     0.0208
1243.6764     0.4031     0.046     0.413     0.0177     0.4031     0.4106     0.4214     0.4135     0.4193     0.0208
1243.7296     0.3700     0.044     0.413     0.0175     0.3700     0.3899     0.4149     0.4135     0.3771     0.0203
1243.7827     0.5249     0.053     0.413     0.0173     0.5249     0.3899     0.4149     0.4135     0.3771     0.0203
1243.8359     0.3628     0.044     0.413     0.0171     0.3628     0.3899     0.4149     0.4135     0.3771     0.0203
1243.8892     0.3460     0.043     0.413     0.0169     0.3460     0.3899     0.4149     0.4135     0.3771     0.0203
1243.9424     0.3461     0.043     0.413     0.0167     0.3461     0.3899     0.4149     0.4135     0.3771     0.0203
1243.9956     0.4583     0.049     0.413     0.0165     0.4583     0.4399     0.4149     0.4135     0.3771     0.0214
1244.0487     0.4113     0.046     0.413     0.0163     0.4113     0.4399     0.4149     0.4135     0.3771     0.0214
1244.1019     0.5378     0.053     0.413     0.0162     0.5378     0.4399     0.4149     0.4135     0.3771     0.0214
1244.1552     0.4504     0.048     0.413     0.0160     0.4504     0.4399     0.4149     0.4135     0.3771     0.0214
1244.2084     0.3415     0.042     0.413     0.0158     0.3415     0.4399     0.4149     0.4135     0.3771     0.0214
1244.2615     0.3848     0.044     0.413     0.0156     0.3848     0.3526     0.3393     0.3528     0.3771     0.0190
1244.3147     0.3424     0.042     0.413     0.0154     0.3424     0.3526     0.3393     0.3528     0.3771     0.0190
1244.3679     0.3843     0.044     0.413     0.0152     0.3843     0.3526     0.3393     0.3528     0.3771     0.0190
1244.4211     0.3598     0.043     0.413     0.0151     0.3598     0.3526     0.3393     0.3528     0.3771     0.0190
1244.4742     0.2914     0.039     0.413     0.0149     0.2914     0.3526     0.3393     0.3528     0.3771     0.0190
1244.5275     0.2694     0.037     0.413     0.0147     0.2694     0.3261     0.3393     0.3528     0.3771     0.0183
1244.5807     0.3709     0.044     0.413     0.0145     0.3709     0.3261     0.3393     0.3528     0.3771     0.0183
1244.6339     0.3521     0.043     0.413     0.0143     0.3521     0.3261     0.3393     0.3528     0.3771     0.0183
1244.6870     0.3487     0.042     0.413     0.0142     0.3487     0.3261     0.3393     0.3528     0.3771     0.0183
1244.7402     0.2893     0.039     0.413     0.0140     0.2893     0.3261     0.3393     0.3528     0.3771     0.0183
1244.7935     0.3712     0.043     0.413     0.0138     0.3712     0.3799     0.3729     0.3528     0.3762     0.0197
1244.8467     0.3725     0.043     0.414     0.0137     0.3725     0.3799     0.3729     0.3528     0.3762     0.0197
1244.8998     0.3019     0.039     0.414     0.0135     0.3019     0.3799     0.3729     0.3528     0.3762     0.0197
1244.9530     0.4484     0.048     0.414     0.0133     0.4484     0.3799     0.3729     0.3528     0.3762     0.0197
1245.0062     0.4053     0.045     0.414     0.0132     0.4053     0.3799     0.3729     0.3528     0.3762     0.0197
1245.0594     0.3829     0.044     0.414     0.0130     0.3829     0.3659     0.3729     0.3750     0.3762     0.0193
1245.1125     0.3599     0.043     0.414     0.0128     0.3599     0.3659     0.3729     0.3750     0.3762     0.0193
1245.1658     0.3654     0.044     0.414     0.0127     0.3654     0.3659     0.3729     0.3750     0.3762     0.0193
1245.2190     0.3538     0.042     0.414     0.0125     0.3538     0.3659     0.3729     0.3750     0.3762     0.0193
1245.2721     0.3675     0.044     0.414     0.0123     0.3675     0.3659     0.3729     0.3750     0.3762     0.0193
1245.3253     0.3452     0.042     0.414     0.0122     0.3452     0.3893     0.3796     0.3750     0.3762     0.0198
1245.3785     0.3945     0.044     0.414     0.0120     0.3945     0.3893     0.3796     0.3750     0.3762     0.0198
1245.4316     0.4317     0.047     0.414     0.0119     0.4317     0.3893     0.3796     0.3750     0.3762     0.0198
1245.4849     0.4086     0.045     0.414     0.0117     0.4086     0.3893     0.3796     0.3750     0.3762     0.0198
1245.5381     0.3668     0.043     0.414     0.0116     0.3668     0.3893     0.3796     0.3750     0.3762     0.0198
1245.5913     0.4315     0.047     0.414     0.0114     0.4315     0.3698     0.3796     0.3750     0.3762     0.0194
1245.6444     0.3212     0.040     0.414     0.0113     0.3212     0.3698     0.3796     0.3750     0.3762     0.0194
1245.6976     0.3712     0.044     0.414     0.0111     0.3712     0.3698     0.3796     0.3750     0.3762     0.0194
1245.7509     0.3741     0.044     0.414     0.0110     0.3741     0.3698     0.3796     0.3750     0.3762     0.0194
1245.8040     0.3513     0.042     0.414     0.0108     0.3513     0.3698     0.3796     0.3750     0.3762     0.0194
1245.8572     0.3738     0.044     0.414     0.0107     0.3738     0.3875     0.4013     0.4069     0.4177     0.0199
1245.9104     0.3527     0.042     0.414     0.0105     0.3527     0.3875     0.4013     0.4069     0.4177     0.0199
1245.9635     0.3845     0.044     0.414     0.0104     0.3845     0.3875     0.4013     0.4069     0.4177     0.0199
1246.0167     0.3998     0.046     0.414     0.0103     0.3998     0.3875     0.4013     0.4069     0.4177     0.0199
1246.0699     0.4267     0.047     0.414     0.0101     0.4267     0.3875     0.4013     0.4069     0.4177     0.0199
1246.1230     0.4347     0.046     0.414     0.0100     0.4347     0.4150     0.4013     0.4069     0.4177     0.0203
1246.1763     0.4222     0.046     0.414     0.0099     0.4222     0.4150     0.4013     0.4069     0.4177     0.0203
1246.2295     0.3808     0.044     0.414     0.0097     0.3808     0.4150     0.4013     0.4069     0.4177     0.0203
1246.2826     0.4334     0.046     0.414     0.0096     0.4334     0.4150     0.4013     0.4069     0.4177     0.0203
1246.3358     0.4039     0.045     0.414     0.0095     0.4039     0.4150     0.4013     0.4069     0.4177     0.0203
1246.3890     0.3211     0.040     0.414     0.0093     0.3211     0.4181     0.4341     0.4069     0.4177     0.0204
1246.4421     0.5143     0.050     0.414     0.0092     0.5143     0.4181     0.4341     0.4069     0.4177     0.0204
1246.4954     0.5078     0.050     0.414     0.0091     0.5078     0.4181     0.4341     0.4069     0.4177     0.0204
1246.5486     0.3680     0.043     0.414     0.0090     0.3680     0.4181     0.4341     0.4069     0.4177     0.0204
1246.6017     0.3794     0.044     0.414     0.0089     0.3794     0.4181     0.4341     0.4069     0.4177     0.0204
1246.6549     0.4050     0.045     0.414     0.0087     0.4050     0.4500     0.4341     0.4219     0.4177     0.0212
1246.7080     0.4289     0.047     0.414     0.0086     0.4289     0.4500     0.4341     0.4219     0.4177     0.0212
1246.7612     0.4472     0.047     0.414     0.0085     0.4472     0.4500     0.4341     0.4219     0.4177     0.0212
1246.8145     0.4781     0.049     0.414     0.0084     0.4781     0.4500     0.4341     0.4219     0.4177     0.0212
1246.8676     0.4909     0.050     0.414     0.0083     0.4909     0.4500     0.4341     0.4219     0.4177     0.0212
1246.9208     0.4824     0.049     0.414     0.0082     0.4824     0.4366     0.4078     0.4219     0.3586     0.0208
1246.9740     0.4319     0.047     0.414     0.0081     0.4319     0.4366     0.4078     0.4219     0.3586     0.0208
1247.0271     0.3859     0.044     0.414     0.0080     0.3859     0.4366     0.4078     0.4219     0.3586     0.0208
1247.0803     0.4627     0.048     0.414     0.0078     0.4627     0.4366     0.4078     0.4219     0.3586     0.0208
1247.1334     0.4200     0.045     0.414     0.0077     0.4200     0.4366     0.4078     0.4219     0.3586     0.0208
1247.1866     0.3784     0.043     0.414     0.0076     0.3784     0.3791     0.4078     0.4219     0.3586     0.0194
1247.2399     0.3581     0.042     0.414     0.0075     0.3581     0.3791     0.4078     0.4219     0.3586     0.0194
1247.2930     0.4115     0.045     0.415     0.0074     0.4115     0.3791     0.4078     0.4219     0.3586     0.0194
1247.3462     0.3895     0.044     0.415     0.0074     0.3895     0.3791     0.4078     0.4219     0.3586     0.0194
1247.3993     0.3579     0.043     0.415     0.0073     0.3579     0.3791     0.4078     0.4219     0.3586     0.0194
1247.4525     0.2393     0.034     0.415     0.0072     0.2393     0.2915     0.3093     0.3364     0.3586     0.0170
1247.5057     0.2323     0.034     0.415     0.0071     0.2323     0.2915     0.3093     0.3364     0.3586     0.0170
1247.5588     0.2596     0.036     0.415     0.0070     0.2596     0.2915     0.3093     0.3364     0.3586     0.0170
1247.6121     0.3456     0.041     0.415     0.0069     0.3456     0.2915     0.3093     0.3364     0.3586     0.0170
1247.6652     0.3809     0.043     0.415     0.0068     0.3809     0.2915     0.3093     0.3364     0.3586     0.0170
1247.7184     0.3708     0.043     0.415     0.0067     0.3708     0.3270     0.3093     0.3364     0.3586     0.0179
1247.7716     0.3011     0.038     0.415     0.0067     0.3011     0.3270     0.3093     0.3364     0.3586     0.0179
1247.8247     0.3107     0.039     0.415     0.0066     0.3107     0.3270     0.3093     0.3364     0.3586     0.0179
1247.8779     0.2688     0.036     0.415     0.0065     0.2688     0.3270     0.3093     0.3364     0.3586     0.0179
1247.9310     0.3837     0.043     0.415     0.0064     0.3837     0.3270     0.3093     0.3364     0.3586     0.0179
1247.9843     0.3407     0.042     0.415     0.0064     0.3407     0.3906     0.3658     0.3364     0.3533     0.0195
1248.0374     0.4021     0.044     0.415     0.0063     0.4021     0.3906     0.3658     0.3364     0.3357     0.0195
1248.0906     0.4078     0.045     0.415     0.0062     0.4078     0.3906     0.3658     0.3364     0.3357     0.0195
1248.1438     0.3555     0.042     0.415     0.0062     0.3555     0.3906     0.3658     0.3364     0.3357     0.0195
1248.1969     0.4468     0.046     0.415     0.0061     0.4468     0.3906     0.3658     0.3364     0.3357     0.0195
1248.2501     0.3882     0.043     0.415     0.0060     0.3882     0.3409     0.3658     0.3409     0.3357     0.0182
1248.3032     0.3164     0.039     0.415     0.0060     0.3164     0.3409     0.3658     0.3182     0.3357     0.0182
1248.3564     0.3494     0.041     0.415     0.0059     0.3494     0.3409     0.3658     0.3182     0.3357     0.0182
1248.4095     0.3274     0.040     0.415     0.0059     0.3274     0.3409     0.3658     0.3182     0.3357     0.0182
1248.4628     0.3233     0.040     0.415     0.0058     0.3233     0.3409     0.3658     0.3182     0.3357     0.0182
1248.5159     0.3887     0.044     0.415     0.0058     0.3887     0.3690     0.3409     0.3182     0.3357     0.0189
1248.5691     0.3292     0.041     0.415     0.0057     0.3292     0.3690     0.3068     0.3182     0.3357     0.0189
1248.6222     0.3720     0.042     0.415     0.0057     0.3720     0.3690     0.3068     0.3182     0.3357     0.0189
1248.6754     0.3611     0.042     0.415     0.0056     0.3611     0.3690     0.3068     0.3182     0.3357     0.0189
1248.7286     0.3940     0.043     0.415     0.0056     0.3940     0.3690     0.3068     0.3182     0.3357     0.0189
1248.7817     0.3954     0.044     0.415     0.0056     0.3954     0.3128     0.3068     0.3182     0.3357     0.0177
1248.8350     0.4435     0.047     0.415     0.0055     0.4435     0.2503     0.3068     0.3182     0.3357     0.0158
1248.8881     0.3814     0.045     0.415     0.0055     0.3814     0.2503     0.3068     0.3182     0.3357     0.0158
1248.9413     0.3440     0.040     0.000     0.0055     0.3440     0.2503     0.3068     0.3182     0.3357     0.0158
1248.9944     0.0000     0.000     0.000     0.0054     0.0000     0.2503     0.3068     0.3182     0.3357     0.0158
1249.0476     0.0000     0.000     0.000     0.0054     0.0000     0.2503     0.3068     0.3182     0.3357     0.0158
1249.1007     0.0000     0.000     0.000     0.0054     0.0000     0.2503     0.3068     0.3182     0.3357     0.0158
