1195.4299     5.0699     0.372    -0.932    55.6680     5.0699     5.3056     5.3811     5.2237     4.9726     0.1696
1195.4834     5.2126     0.377    -0.932    55.3112     5.2126     5.3056     5.3811     5.2237     4.9726     0.1696
1195.5369     5.2575     0.378    -0.932    54.9562     5.2575     5.3056     5.3811     5.2237     4.9726     0.1696
1195.5903     5.4169     0.381    -0.932    54.6028     5.4169     5.3056     5.3811     5.2237     4.9726     0.1696
1195.6438     5.8866     0.398    -0.932    54.2512     5.8866     5.2846     5.1827     5.2237     5.2276     0.1681
1195.6973     5.3956     0.381    -0.932    53.9013     5.3956     5.2846     5.1827     5.2237     5.2276     0.1681
1195.7507     5.4776     0.385    -0.932    53.5530     5.4776     5.2846     5.1827     5.2237     5.2276     0.1681
1195.8042     4.9703     0.361    -0.932    53.2064     4.9703     5.2846     5.1827     5.2237     5.2276     0.1681
1195.8577     4.6931     0.352    -0.932    52.8614     4.6931     5.2846     5.1827     5.2237     5.2276     0.1681
1195.9111     4.5796     0.347    -0.932    52.5182     4.5796     5.0808     5.1827     5.2237     5.2276     0.1643
1195.9646     4.9896     0.364    -0.932    52.1766     4.9896     5.0808     5.1827     5.2237     5.2276     0.1643
1196.0181     5.5780     0.385    -0.932    51.8366     5.5780     5.0808     5.1827     5.2237     5.2276     0.1643
1196.0715     5.1978     0.371    -0.932    51.4984     5.1978     5.0808     5.1827     5.2237     5.2276     0.1643
1196.1250     5.0591     0.369    -0.932    51.1617     5.0591     5.0808     5.1827     5.2237     5.2276     0.1643
1196.1785     5.1016     0.367    -0.932    50.8267     5.1016     5.2728     5.2724     5.2347     5.2276     0.1674
1196.2319     5.3438     0.376    -0.932    50.4933     5.3438     5.2728     5.2724     5.2347     5.2276     0.1674
1196.2854     5.0678     0.369    -0.932    50.1608     5.0678     5.2728     5.2724     5.2347     5.2276     0.1674
1196.3387     5.5235     0.384    -0.932    49.8307     5.5235     5.2728     5.2724     5.2347     5.2276     0.1674
1196.3922     5.3271     0.375    -0.932    49.5022     5.3271     5.2728     5.2724     5.2347     5.2276     0.1674
1196.4457     5.3474     0.374    -0.932    49.1753     5.3474     5.2720     5.2724     5.2347     5.2276     0.1661
1196.4991     5.0881     0.362    -0.932    48.8501     5.0881     5.2720     5.2724     5.2347     5.2276     0.1661
1196.5526     4.9795     0.364    -0.932    48.5264     4.9795     5.2720     5.2724     5.2347     5.2276     0.1661
1196.6061     5.6645     0.382    -0.932    48.2043     5.6645     5.2720     5.2724     5.2347     5.2276     0.1661
1196.6595     5.2806     0.375    -0.932    47.8838     5.2806     5.2720     5.2724     5.2347     5.2276     0.1661
1196.7130     5.4319     0.383    -0.932    47.5649     5.4319     5.1594     5.0214     5.2347     4.9150     0.1651
1196.7665     4.6182     0.348    -0.932    47.2476     4.6182     5.1594     5.0214     5.2347     4.9150     0.1651
1196.8199     5.2858     0.372    -0.932    46.9319     5.2858     5.1594     5.0214     5.2347     4.9150     0.1651
1196.8734     5.4733     0.380    -0.932    46.6177     5.4733     5.1594     5.0214     5.2347     4.9150     0.1651
1196.9269     4.9878     0.361    -0.932    46.3051     4.9878     5.1594     5.0214     5.2347     4.9150     0.1651
1196.9803     4.9484     0.361    -0.932    45.9940     4.9484     4.8834     5.0214     4.8336     4.9150     0.1604
1197.0338     4.6250     0.350    -0.932    45.6846     4.6250     4.8834     5.0214     4.8336     4.9150     0.1604
1197.0873     5.0791     0.367    -0.932    45.3767     5.0791     4.8834     5.0214     4.8336     4.9150     0.1604
1197.1407     4.9597     0.357    -0.932    45.0703     4.9597     4.8834     5.0214     4.8336     4.9150     0.1604
1197.1942     4.8048     0.358    -0.932    44.7661     4.8048     4.8834     5.0214     4.8336     4.9150     0.1604
1197.2477     4.5029     0.344    -0.932    44.4628     4.5029     4.6965     4.8087     4.8336     4.9150     0.1558
1197.3011     4.7198     0.352    -0.932    44.1610     4.7198     4.6965     4.8087     4.8336     4.9150     0.1558
1197.3545     4.4740     0.336    -0.932    43.8608     4.4740     4.6965     4.8087     4.8336     4.9150     0.1558
1197.4080     4.6922     0.351    -0.932    43.5621     4.6922     4.6965     4.8087     4.8336     4.9150     0.1558
1197.4614     5.0933     0.358    -0.932    43.2648     5.0933     4.6965     4.8087     4.8336     4.9150     0.1558
1197.5149     5.3851     0.372    -0.932    42.9691     5.3851     4.9209     4.8087     4.8336     4.9150     0.1584
1197.5684     4.8135     0.349    -0.932    42.6749     4.8135     4.9209     4.8087     4.8336     4.9150     0.1584
1197.6218     4.8868     0.354    -0.932    42.3822     4.8868     4.9209     4.8087     4.8336     4.9150     0.1584
1197.6753     4.4439     0.334    -0.932    42.0910     4.4439     4.9209     4.8087     4.8336     4.9150     0.1584
1197.7288     5.0750     0.361    -0.932    41.8013     5.0750     4.9209     4.8087     4.8336     4.9150     0.1584
1197.7822     4.8732     0.349    -0.932    41.5130     4.8732     5.1059     5.2276     5.0535     5.0946     0.1613
1197.8357     5.1306     0.360    -0.932    41.2263     5.1306     5.1059     5.2276     5.0535     5.0946     0.1613
1197.8892     5.1501     0.363    -0.932    40.9410     5.1501     5.1059     5.2276     5.0535     5.0946     0.1613
1197.9425     4.7829     0.352    -0.932    40.6572     4.7829     5.1059     5.2276     5.0535     5.0946     0.1613
1197.9960     5.5926     0.379    -0.932    40.3748     5.5926     5.1059     5.2276     5.0535     5.0946     0.1613
1198.0494     5.5852     0.382    -0.932    40.0940     5.5852     5.3492     5.2276     5.0535     5.0946     0.1650
1198.1029     5.0679     0.361    -0.932    39.8145     5.0679     5.3492     5.2276     5.0535     5.0946     0.1650
1198.1564     5.8627     0.383    -0.932    39.5366     5.8627     5.3492     5.2276     5.0535     5.0946     0.1650
1198.2098     5.2211     0.364    -0.932    39.2606     5.2211     5.3492     5.2276     5.0535     5.0946     0.1650
1198.2633     5.0091     0.354    -0.932    38.9855     5.0091     5.3492     5.2276     5.0535     5.0946     0.1650
1198.3168     4.5826     0.344    -0.932    38.7119     4.5826     4.7055     4.9617     5.0535     5.0946     0.1547
1198.3701     4.9874     0.355    -0.932    38.4396     4.9874     4.7055     4.9617     5.0535     5.0946     0.1547
1198.4237     4.2615     0.329    -0.932    38.1688     4.2615     4.7055     4.9617     5.0535     5.0946     0.1547
1198.4772     4.8514     0.350    -0.932    37.8994     4.8514     4.7055     4.9617     5.0535     5.0946     0.1547
1198.5306     4.8447     0.351    -0.932    37.6315     4.8447     4.7055     4.9617     5.0535     5.0946     0.1547
1198.5841     5.5325     0.368    -0.932    37.3649     5.5325     5.2178     4.9617     4.9080     5.0946     0.1615
1198.6376     5.2154     0.365    -0.932    37.0997     5.2154     5.2178     4.9617     4.9080     5.0946     0.1615
1198.6910     5.6049     0.371    -0.932    36.8360     5.6049     5.2178     4.9617     4.9080     5.0946     0.1615
1198.7444     4.7124     0.343    -0.932    36.5736     4.7124     5.2178     4.9617     4.9080     5.0946     0.1615
1198.7979     5.0241     0.358    -0.932    36.3132     5.0241     5.2178     4.9617     4.9080     5.0946     0.1615
1198.8513     5.1570     0.360    -0.932    36.0536     5.1570     4.7971     4.7531     4.9080     3.2649     0.1545
1198.9048     4.4950     0.332    -0.932    35.7954     4.4950     4.7971     4.7531     4.9080     3.2649     0.1545
1198.9583     4.7545     0.345    -0.932    35.5386     4.7545     4.7971     4.7531     4.9080     3.2649     0.1545
1199.0117     4.3737     0.331    -0.932    35.2831     4.3737     4.7971     4.7531     4.9080     3.2649     0.1545
1199.0651     5.2053     0.357    -0.932    35.0290     5.2053     4.7971     4.7531     4.9080     3.2649     0.1545
1199.1185     4.8075     0.347    -0.932    34.7763     4.8075     4.7092     4.7531     4.9080     3.2649     0.1533
1199.1720     4.9866     0.353    -0.932    34.5249     4.9866     4.7092     4.7531     4.9080     3.2649     0.1533
1199.2255     4.8144     0.346    -0.932    34.2754     4.8144     4.7092     4.7531     4.9080     3.2649     0.1533
1199.2789     4.6763     0.340    -0.932    34.0262     4.6763     4.7092     4.7531     4.9080     3.2649     0.1533
1199.3324     4.2609     0.327    -0.932    33.7788     4.2609     4.7092     4.7531     4.9080     3.2649     0.1533
1199.3857     3.7426     0.306    -0.932    33.5329     3.7426     2.6186     1.7767     2.1238     3.2649     0.1143
1199.4392     3.3048     0.288    -0.932    33.2882     3.3048     2.6186     1.7767     2.1238     3.2649     0.1143
1199.4927     3.3240     0.287    -0.932    33.0448     3.3240     2.6186     1.7767     2.1238     3.2649     0.1143
1199.5461     1.6256     0.202    -0.932    32.8028     1.6256     2.6186     1.7767     2.1238     3.2649     0.1143
1199.5996     1.0963     0.165    -0.932    32.5626     1.0963     2.6186     1.7767     2.1238     3.2649     0.1143
1199.6530     0.8629     0.147    -0.932    32.3233     0.8629     0.9348     1.7767     2.1238     3.2649     0.0687
1199.7064     0.5057     0.113    -0.932    32.0852     0.5057     0.9348     1.7767     2.1238     3.2649     0.0687
1199.7599     0.8692     0.148    -0.932    31.8484     0.8692     0.9348     1.7767     2.1238     3.2649     0.0687
1199.8134     0.8931     0.150    -0.932    31.6129     0.8931     0.9348     1.7767     2.1238     3.2649     0.0687
1199.8668     1.5431     0.197    -0.932    31.3787     1.5431     0.9348     1.7767     2.1238     3.2649     0.0687
1199.9202     2.3056     0.238    -0.932    31.1464     2.3056     2.8179     2.0143     2.1238     1.7006     0.1179
1199.9736     2.4122     0.244    -0.932    30.9148     2.4122     2.8179     2.0143     2.1238     1.7006     0.1179
1200.0271     3.1137     0.276    -0.932    30.6844     3.1137     2.8179     2.0143     2.1238     1.7006     0.1179
1200.0806     3.5616     0.297    -0.932    30.4554     3.5616     2.8179     2.0143     2.1238     1.7006     0.1179
1200.1339     2.6967     0.259    -0.932    30.2276     2.6967     2.8179     2.0143     2.1238     1.7006     0.1179
1200.1874     2.2280     0.236    -0.932    30.0011     2.2280     1.2107     2.0143     1.3282     1.7006     0.0774
1200.2408     1.5970     0.196    -0.932    29.7763     1.5970     1.2107     2.0143     1.3282     1.7006     0.0774
1200.2943     0.9906     0.158    -0.932    29.5523     0.9906     1.2107     2.0143     1.3282     1.7006     0.0774
1200.3477     0.5986     0.121    -0.932    29.3296     0.5986     1.2107     2.0143     1.3282     1.7006     0.0774
1200.4011     0.6393     0.126    -0.932    29.1081     0.6393     1.2107     2.0143     1.3282     1.7006     0.0774
1200.4546     0.9344     0.151    -0.932    28.8878     0.9344     1.7808     1.3869     1.3282     1.7006     0.0933
1200.5081     1.5082     0.192    -0.932    28.6693     1.5082     1.7808     1.3869     1.3282     1.7006     0.0933
1200.5614     2.0349     0.221    -0.932    28.4515     2.0349     1.7808     1.3869     1.3282     1.7006     0.0933
1200.6149     2.5245     0.251    -0.932    28.2350     2.5245     1.7808     1.3869     1.3282     1.7006     0.0933
1200.6683     1.9019     0.215    -0.932    28.0196     1.9019     1.7808     1.3869     1.3282     1.7006     0.0933
1200.7218     1.3080     0.181    -0.932    27.8055     1.3080     0.9930     1.3869     1.3282     1.7006     0.0699
1200.7751     1.0042     0.156    -0.932    27.5931     1.0042     0.9930     1.3869     1.3282     1.7006     0.0699
1200.8286     0.8520     0.146    -0.932    27.3814     0.8520     0.9930     1.3869     1.3282     1.7006     0.0699
1200.8821     0.6824     0.129    -0.932    27.1709     0.6824     0.9930     1.3869     1.3282     1.7006     0.0699
1200.9355     1.1185     0.165    -0.932    26.9617     1.1185     0.9930     1.3869     1.3282     1.7006     0.0699
1200.9889     1.7855     0.208    -0.932    26.7541     1.7855     3.0503     3.7036     4.0719     4.2832     0.1210
1201.0424     2.6049     0.253    -0.932    26.5472     2.6049     3.0503     3.7036     4.0719     4.2832     0.1210
1201.0958     3.1308     0.273    -0.932    26.3414     3.1308     3.0503     3.7036     4.0719     4.2832     0.1210
1201.1493     3.8648     0.304    -0.932    26.1369     3.8648     3.0503     3.7036     4.0719     4.2832     0.1210
1201.2026     3.8656     0.303    -0.932    25.9341     3.8656     3.0503     3.7036     4.0719     4.2832     0.1210
1201.2561     4.4255     0.327    -0.932    25.7319     4.4255     4.3568     3.7036     4.0719     4.2832     0.1446
1201.3096     4.1276     0.316    -0.932    25.5309     4.1276     4.3568     3.7036     4.0719     4.2832     0.1446
1201.3629     4.1770     0.317    -0.932    25.3311     4.1770     4.3568     3.7036     4.0719     4.2832     0.1446
1201.4164     4.5717     0.331    -0.932    25.1328     4.5717     4.3568     3.7036     4.0719     4.2832     0.1446
1201.4698     4.4822     0.325    -0.932    24.9353     4.4822     4.3568     3.7036     4.0719     4.2832     0.1446
1201.5233     4.9457     0.343    -0.932    24.7390     4.9457     4.8086     4.8628     4.0719     4.2832     0.1514
1201.5767     4.5838     0.333    -0.932    24.5437     4.5838     4.8086     4.8628     4.0719     4.2832     0.1514
1201.6301     4.5992     0.329    -0.932    24.3501     4.5992     4.8086     4.8628     4.0719     4.2832     0.1514
1201.6836     4.9561     0.345    -0.932    24.1572     4.9561     4.8086     4.8628     4.0719     4.2832     0.1514
1201.7369     4.9581     0.344    -0.932    23.9654     4.9581     4.8086     4.8628     4.0719     4.2832     0.1514
1201.7904     4.5052     0.322    -0.932    23.7747     4.5052     4.9171     4.8628     4.7682     4.2832     0.1515
1201.8439     5.0656     0.344    -0.932    23.5856     5.0656     4.9171     4.8628     4.7682     4.2832     0.1515
1201.8972     4.6301     0.328    -0.932    23.3972     4.6301     4.9171     4.8628     4.7682     4.2832     0.1515
1201.9507     4.9773     0.342    -0.932    23.2099     4.9773     4.9171     4.8628     4.7682     4.2832     0.1515
1202.0042     5.4072     0.357    -0.932    23.0237     5.4072     4.9171     4.8628     4.7682     4.2832     0.1515
1202.0575     4.5752     0.331    -0.932    22.8390     4.5752     4.6811     4.6938     4.7682     4.6805     0.1491
1202.1110     4.6376     0.331    -0.932    22.6551     4.6376     4.6811     4.6938     4.7682     4.6805     0.1491
1202.1644     4.2727     0.320    -0.932    22.4722     4.2727     4.6811     4.6938     4.7682     4.6805     0.1491
1202.2178     4.9871     0.340    -0.932    22.2908     4.9871     4.6811     4.6938     4.7682     4.6805     0.1491
1202.2712     4.9326     0.343    -0.932    22.1101     4.9326     4.6811     4.6938     4.7682     4.6805     0.1491
1202.3247     4.8299     0.334    -0.932    21.9305     4.8299     4.7064     4.6938     4.7682     4.6805     0.1484
1202.3781     4.7930     0.335    -0.932    21.7520     4.7930     4.7064     4.6938     4.7682     4.6805     0.1484
1202.4315     4.4533     0.326    -0.932    21.5749     4.4533     4.7064     4.6938     4.7682     4.6805     0.1484
1202.4851     4.6450     0.330    -0.932    21.3985     4.6450     4.7064     4.6938     4.7682     4.6805     0.1484
1202.5385     4.8109     0.334    -0.932    21.2232     4.8109     4.7064     4.6938     4.7682     4.6805     0.1484
1202.5919     4.7276     0.336    -0.932    21.0494     4.7276     4.6809     4.6673     4.6131     4.6805     0.1479
1202.6454     4.3459     0.317    -0.932    20.8762     4.3459     4.6809     4.6673     4.6131     4.6805     0.1479
1202.6987     4.6266     0.327    -0.932    20.7041     4.6266     4.6809     4.6673     4.6131     4.6805     0.1479
1202.7522     4.5600     0.327    -0.932    20.5334     4.5600     4.6809     4.6673     4.6131     4.6805     0.1479
1202.8055     5.1445     0.347    -0.932    20.3634     5.1445     4.6809     4.6673     4.6131     4.6805     0.1479
1202.8590     4.4774     0.319    -0.932    20.1944     4.4774     4.6536     4.6673     4.6131     4.6805     0.1477
1202.9125     5.2463     0.348    -0.932    20.0268     5.2463     4.6536     4.6673     4.6131     4.6805     0.1477
1202.9658     4.5529     0.329    -0.932    19.8599     4.5529     4.6536     4.6673     4.6131     4.6805     0.1477
1203.0193     4.2108     0.320    -0.932    19.6941     4.2108     4.6536     4.6673     4.6131     4.6805     0.1477
1203.0728     4.7806     0.334    -0.932    19.5296     4.7806     4.6536     4.6673     4.6131     4.6805     0.1477
1203.1261     4.9731     0.338    -0.932    19.3658     4.9731     4.5048     4.5583     4.6131     4.5696     0.1428
1203.1796     4.3835     0.315    -0.932    19.2029     4.3835     4.5048     4.5583     4.6131     4.5696     0.1428
1203.2329     4.3697     0.313    -0.932    19.0415     4.3697     4.5048     4.5583     4.6131     4.5696     0.1428
1203.2864     4.4419     0.318    -0.932    18.8807     4.4419     4.5048     4.5583     4.6131     4.5696     0.1428
1203.3398     4.3561     0.312    -0.932    18.7206     4.3561     4.5048     4.5583     4.6131     4.5696     0.1428
1203.3932     4.2897     0.312    -0.932    18.5622     4.2897     4.6117     4.5583     4.5912     4.5696     0.1446
1203.4467     4.9153     0.330    -0.932    18.4044     4.9153     4.6117     4.5583     4.5912     4.5696     0.1446
1203.5000     4.8319     0.333    -0.932    18.2476     4.8319     4.6117     4.5583     4.5912     4.5696     0.1446
1203.5535     4.4375     0.319    -0.932    18.0922     4.4375     4.6117     4.5583     4.5912     4.5696     0.1446
1203.6069     4.5840     0.322    -0.932    17.9373     4.5840     4.6117     4.5583     4.5912     4.5696     0.1446
1203.6603     4.2109     0.306    -0.932    17.7839     4.2109     4.5122     4.5810     4.5912     4.5696     0.1430
1203.7137     4.4884     0.320    -0.932    17.6310     4.4884     4.5122     4.5810     4.5912     4.5696     0.1430
1203.7671     4.6333     0.321    -0.932    17.4791     4.6333     4.5122     4.5810     4.5912     4.5696     0.1430
1203.8206     4.6614     0.328    -0.932    17.3286     4.6614     4.5122     4.5810     4.5912     4.5696     0.1430
1203.8739     4.5670     0.322    -0.932    17.1786     4.5670     4.5122     4.5810     4.5912     4.5696     0.1430
1203.9274     4.2444     0.314    -0.932    17.0296     4.2444     4.6498     4.5810     4.5912     4.5696     0.1457
1203.9808     4.5409     0.319    -0.932    16.8819     4.5409     4.6498     4.5810     4.5912     4.5696     0.1457
1204.0342     4.9100     0.336    -0.932    16.7348     4.9100     4.6498     4.5810     4.5912     4.5696     0.1457
1204.0876     4.7682     0.329    -0.932    16.5890     4.7682     4.6498     4.5810     4.5912     4.5696     0.1457
1204.1410     4.7854     0.331    -0.932    16.4438     4.7854     4.6498     4.5810     4.5912     4.5696     0.1457
1204.1945     4.6524     0.323    -0.932    16.2996     4.6524     4.4466     4.5718     4.5166     4.4522     0.1423
1204.2478     4.3595     0.319    -0.932    16.1566     4.3595     4.4466     4.5718     4.5166     4.4522     0.1423
1204.3013     4.4261     0.316    -0.932    16.0142     4.4261     4.4466     4.5718     4.5166     4.4522     0.1423
1204.3546     4.4508     0.320    -0.932    15.8731     4.4508     4.4466     4.5718     4.5166     4.4522     0.1423
1204.4081     4.3443     0.313    -0.932    15.7326     4.3443     4.4466     4.5718     4.5166     4.4522     0.1423
1204.4615     4.8066     0.328    -0.932    15.5930     4.8066     4.6971     4.5718     4.5166     4.4522     0.1448
1204.5149     4.6657     0.322    -0.932    15.4546     4.6657     4.6971     4.5718     4.5166     4.4522     0.1448
1204.5684     4.6699     0.323    -0.932    15.3168     4.6699     4.6971     4.5718     4.5166     4.4522     0.1448
1204.6217     4.6993     0.321    -0.932    15.1803     4.6993     4.6971     4.5718     4.5166     4.4522     0.1448
1204.6752     4.6438     0.325    -0.932    15.0443     4.6438     4.6971     4.5718     4.5166     4.4522     0.1448
1204.7285     5.0360     0.335    -0.932    14.9095     5.0360     4.4062     4.3325     4.5166     4.4522     0.1400
1204.7820     4.2628     0.310    -0.932    14.7754     4.2628     4.4062     4.3325     4.5166     4.4522     0.1400
1204.8353     3.8356     0.293    -0.932    14.6421     3.8356     4.4062     4.3325     4.5166     4.4522     0.1400
1204.8888     4.7662     0.325    -0.932    14.5100     4.7662     4.4062     4.3325     4.5166     4.4522     0.1400
1204.9421     4.1303     0.300    -0.932    14.3785     4.1303     4.4062     4.3325     4.5166     4.4522     0.1400
1204.9956     4.9313     0.333    -0.932    14.2482     4.9313     4.2588     4.3325     4.4085     4.4522     0.1369
1205.0490     4.4796     0.312    -0.932    14.1184     4.4796     4.2588     4.3325     4.4085     4.4522     0.1369
1205.1024     4.4850     0.311    -0.932    13.9899     4.4850     4.2588     4.3325     4.4085     4.4522     0.1369
1205.1558     3.8273     0.291    -0.932    13.8619     3.8273     4.2588     4.3325     4.4085     4.4522     0.1369
1205.2092     3.5708     0.281    -0.932    13.7350     3.5708     4.2588     4.3325     4.4085     4.4522     0.1369
1205.2626     4.5153     0.314    -0.932    13.6087     4.5153     4.5542     4.4834     4.4085     4.1889     0.1415
1205.3160     4.5775     0.320    -0.932    13.4833     4.5775     4.5542     4.4834     4.4085     4.1889     0.1415
1205.3694     4.4297     0.313    -0.932    13.3590     4.4297     4.5542     4.4834     4.4085     4.1889     0.1415
1205.4229     4.8540     0.323    -0.932    13.2353     4.8540     4.5542     4.4834     4.4085     4.1889     0.1415
1205.4762     4.3945     0.312    -0.932    13.1127     4.3945     4.5542     4.4834     4.4085     4.1889     0.1415
1205.5297     4.6460     0.317    -0.932    12.9907     4.6460     4.4126     4.4834     4.4085     4.1889     0.1394
1205.5830     4.5067     0.317    -0.932    12.8698     4.5067     4.4126     4.4834     4.4085     4.1889     0.1394
1205.6365     4.1877     0.303    -0.932    12.7494     4.1877     4.4126     4.4834     4.4085     4.1889     0.1394
1205.6898     4.3761     0.312    -0.932    12.6302     4.3761     4.4126     4.4834     4.4085     4.1889     0.1394
1205.7433     4.3466     0.309    -0.932    12.5115     4.3466     4.4126     4.4834     4.4085     4.1889     0.1394
1205.7966     4.1330     0.302    -0.932    12.3939     4.1330     4.1156     3.8944     3.0904     4.1889     0.1341
1205.8501     3.9885     0.294    -0.932    12.2768     3.9885     4.1156     3.8944     3.0904     4.1889     0.1341
1205.9034     4.2280     0.304    -0.932    12.1609     4.2280     4.1156     3.8944     3.0904     4.1889     0.1341
1205.9569     4.0810     0.297    -0.932    12.0454     4.0810     4.1156     3.8944     3.0904     4.1889     0.1341
1206.0103     4.1474     0.302    -0.932    11.9311     4.1474     4.1156     3.8944     3.0904     4.1889     0.1341
1206.0636     3.6304     0.284    -0.932    11.8173     3.6304     3.6732     3.8944     3.0904     4.1889     0.1265
1206.1171     4.0054     0.294    -0.932    11.7045     4.0054     3.6732     3.8944     3.0904     4.1889     0.1265
1206.1704     3.6993     0.282    -0.932    11.5923     3.6993     3.6732     3.8944     3.0904     4.1889     0.1265
1206.2239     3.6866     0.285    -0.932    11.4812     3.6866     3.6732     3.8944     3.0904     4.1889     0.1265
1206.2772     3.3442     0.268    -0.932    11.3705     3.3442     3.6732     3.8944     3.0904     4.1889     0.1265
1206.3307     3.0524     0.257    -0.932    11.2609     3.0524     1.4825     0.8332     3.0904     0.8088     0.0807
1206.3840     1.9687     0.208    -0.932    11.1519     1.9687     1.4825     0.8332     3.0904     0.8088     0.0807
1206.4375     1.1971     0.162    -0.932    11.0438     1.1971     1.4825     0.8332     3.0904     0.8088     0.0807
1206.4908     0.6743     0.123    -0.932    10.9363     0.6743     1.4825     0.8332     3.0904     0.8088     0.0807
1206.5443     0.5198     0.110    -0.932    10.8298     0.5198     1.4825     0.8332     3.0904     0.8088     0.0807
1206.5978     0.2388     0.077    -0.932    10.7239     0.2388     0.1840     0.8332     0.5842     0.8088     0.0306
1206.6511     0.2486     0.078    -0.932    10.6189     0.2486     0.1840     0.8332     0.5842     0.8088     0.0306
1206.7046     0.1744     0.067    -0.932    10.5145     0.1744     0.1840     0.8332     0.5842     0.8088     0.0306
1206.7579     0.1301     0.059    -0.932    10.4110     0.1301     0.1840     0.8332     0.5842     0.8088     0.0306
1206.8114     0.1280     0.058    -0.932    10.3081     0.1280     0.1840     0.8332     0.5842     0.8088     0.0306
1206.8647     0.0978     0.052    -0.932    10.2061     0.0978     0.2987     0.7843     0.5842     0.8088     0.0378
1206.9181     0.2337     0.076    -0.932    10.1049     0.2337     0.2987     0.7843     0.5842     0.8088     0.0378
1206.9716     0.2441     0.078    -0.932    10.0042     0.2441     0.2987     0.7843     0.5842     0.8088     0.0378
1207.0249     0.3257     0.089    -0.932     9.9045     0.3257     0.2987     0.7843     0.5842     0.8088     0.0378
1207.0784     0.5921     0.115    -0.932     9.8053     0.5921     0.2987     0.7843     0.5842     0.8088     0.0378
1207.1317     0.7021     0.127    -0.932     9.7070     0.7021     1.2700     0.7843     0.5842     0.8088     0.0746
1207.1851     0.7787     0.130    -0.932     9.6093     0.7787     1.2700     0.7843     0.5842     0.8088     0.0746
1207.2385     1.2293     0.164    -0.932     9.5124     1.2293     1.2700     0.7843     0.5842     0.8088     0.0746
1207.2919     1.6225     0.189    -0.932     9.4161     1.6225     1.2700     0.7843     0.5842     0.8088     0.0746
1207.3453     2.0174     0.209    -0.932     9.3207     2.0174     1.2700     0.7843     0.5842     0.8088     0.0746
1207.3987     2.0881     0.210    -0.932     9.2259     2.0881     2.1610     2.7833     3.0218     3.1795     0.0967
1207.4520     1.6517     0.193    -0.932     9.1317     1.6517     2.1610     2.7833     3.0218     3.1795     0.0967
1207.5055     1.9880     0.207    -0.932     9.0384     1.9880     2.1610     2.7833     3.0218     3.1795     0.0967
1207.5588     2.4593     0.233    -0.932     8.9457     2.4593     2.1610     2.7833     3.0218     3.1795     0.0967
1207.6122     2.6178     0.235    -0.932     8.8538     2.6178     2.1610     2.7833     3.0218     3.1795     0.0967
1207.6656     2.7638     0.245    -0.932     8.7625     2.7638     3.4057     2.7833     3.0218     3.1795     0.1207
1207.7190     3.2663     0.264    -0.932     8.6720     3.2663     3.4057     2.7833     3.0218     3.1795     0.1207
1207.7725     3.7215     0.282    -0.932     8.5822     3.7215     3.4057     2.7833     3.0218     3.1795     0.1207
1207.8258     3.5313     0.274    -0.932     8.4929     3.5313     3.4057     2.7833     3.0218     3.1795     0.1207
1207.8792     3.7455     0.284    -0.932     8.4045     3.7455     3.4057     2.7833     3.0218     3.1795     0.1207
1207.9326     3.4619     0.270    -0.932     8.3166     3.4619     3.4987     3.5756     3.0218     3.1795     0.1214
1207.9860     3.1505     0.260    -0.932     8.2296     3.1505     3.4987     3.5756     3.0218     3.1795     0.1214
1208.0393     3.5212     0.271    -0.932     8.1432     3.5212     3.4987     3.5756     3.0218     3.1795     0.1214
1208.0928     3.8352     0.284    -0.932     8.0573     3.8352     3.4987     3.5756     3.0218     3.1795     0.1214
1208.1461     3.5247     0.272    -0.932     7.9722     3.5247     3.4987     3.5756     3.0218     3.1795     0.1214
1208.1995     3.4324     0.270    -0.932     7.8876     3.4324     3.6526     3.5756     3.4615     3.1795     0.1243
1208.2529     3.5771     0.274    -0.932     7.8039     3.5771     3.6526     3.5756     3.4615     3.1795     0.1243
1208.3063     3.7142     0.282    -0.932     7.7208     3.7142     3.6526     3.5756     3.4615     3.1795     0.1243
1208.3596     3.6848     0.277    -0.932     7.6382     3.6848     3.6526     3.5756     3.4615     3.1795     0.1243
1208.4131     3.8545     0.286    -0.932     7.5564     3.8545     3.6526     3.5756     3.4615     3.1795     0.1243
1208.4664     3.1770     0.257    -0.932     7.4753     3.1770     3.4171     3.3660     3.4615     3.2904     0.1199
1208.5198     3.4957     0.271    -0.932     7.3946     3.4957     3.4171     3.3660     3.4615     3.2904     0.1199
1208.5732     3.8868     0.287    -0.932     7.3147     3.8868     3.4171     3.3660     3.4615     3.2904     0.1199
1208.6266     3.3763     0.268    -0.932     7.2353     3.3763     3.4171     3.3660     3.4615     3.2904     0.1199
1208.6799     3.1497     0.256    -0.932     7.1567     3.1497     3.4171     3.3660     3.4615     3.2904     0.1199
1208.7334     3.2418     0.260    -0.932     7.0788     3.2418     3.3149     3.3660     3.4615     3.2904     0.1188
1208.7867     3.4740     0.270    -0.932     7.0013     3.4740     3.3149     3.3660     3.4615     3.2904     0.1188
1208.8401     3.3786     0.270    -0.932     6.9245     3.3786     3.3149     3.3660     3.4615     3.2904     0.1188
1208.8934     3.2042     0.262    -0.932     6.8484     3.2042     3.3149     3.3660     3.4615     3.2904     0.1188
1208.9469     3.2759     0.267    -0.932     6.7728     3.2759     3.3149     3.3660     3.4615     3.2904     0.1188
1209.0002     3.4666     0.270    -0.932     6.6979     3.4666     3.3252     3.2147     3.1179     3.2904     0.1179
1209.0536     3.3689     0.264    -0.932     6.6236     3.3689     3.3252     3.2147     3.1179     3.2904     0.1179
1209.1071     3.5001     0.271    -0.932     6.5498     3.5001     3.3252     3.2147     3.1179     3.2904     0.1179
1209.1604     2.8046     0.241    -0.932     6.4768     2.8046     3.3252     3.2147     3.1179     3.2904     0.1179
1209.2137     3.4858     0.271    -0.932     6.4043     3.4858     3.3252     3.2147     3.1179     3.2904     0.1179
1209.2672     3.1603     0.260    -0.932     6.3323     3.1603     3.1042     3.2147     3.1179     3.2904     0.1142
1209.3206     3.1726     0.258    -0.932     6.2610     3.1726     3.1042     3.2147     3.1179     3.2904     0.1142
1209.3739     3.2995     0.264    -0.932     6.1903     3.2995     3.1042     3.2147     3.1179     3.2904     0.1142
1209.4272     2.9777     0.250    -0.932     6.1200     2.9777     3.1042     3.2147     3.1179     3.2904     0.1142
1209.4807     2.9111     0.244    -0.932     6.0505     2.9111     3.1042     3.2147     3.1179     3.2904     0.1142
1209.5341     2.8117     0.243    -0.932     5.9816     2.8117     2.9243     2.7276     3.1179     2.5450     0.1106
1209.5874     2.9460     0.246    -0.932     5.9131     2.9460     2.9243     2.7276     3.1179     2.5450     0.1106
1209.6407     3.1093     0.255    -0.932     5.8453     3.1093     2.9243     2.7276     3.1179     2.5450     0.1106
1209.6942     2.8669     0.246    -0.932     5.7780     2.8669     2.9243     2.7276     3.1179     2.5450     0.1106
1209.7476     2.8876     0.246    -0.932     5.7114     2.8876     2.9243     2.7276     3.1179     2.5450     0.1106
1209.8009     2.7393     0.236    -0.932     5.6452     2.7393     2.5309     2.7276     2.4186     2.5450     0.1020
1209.8544     2.3091     0.219    -0.932     5.5796     2.3091     2.5309     2.7276     2.4186     2.5450     0.1020
1209.9077     2.6053     0.231    -0.932     5.5146     2.6053     2.5309     2.7276     2.4186     2.5450     0.1020
1209.9611     2.4870     0.227    -0.932     5.4501     2.4870     2.5309     2.7276     2.4186     2.5450     0.1020
1210.0144     2.5136     0.227    -0.932     5.3862     2.5136     2.5309     2.7276     2.4186     2.5450     0.1020
1210.0677     2.3751     0.222    -0.932     5.3229     2.3751     2.5039     2.3625     2.4186     2.5450     0.1011
1210.1212     2.6613     0.233    -0.932     5.2600     2.6613     2.5039     2.3625     2.4186     2.5450     0.1011
1210.1746     2.5202     0.226    -0.932     5.1977     2.5202     2.5039     2.3625     2.4186     2.5450     0.1011
1210.2279     2.4201     0.223    -0.932     5.1361     2.4201     2.5039     2.3625     2.4186     2.5450     0.1011
1210.2812     2.5428     0.226    -0.932     5.0749     2.5428     2.5039     2.3625     2.4186     2.5450     0.1011
1210.3347     2.5834     0.231    -0.932     5.0141     2.5834     2.2210     2.3625     2.4186     2.5450     0.0952
1210.3881     2.3845     0.222    -0.932     4.9540     2.3845     2.2210     2.3625     2.4186     2.5450     0.0952
1210.4414     1.9581     0.199    -0.932     4.8945     1.9581     2.2210     2.3625     2.4186     2.5450     0.0952
1210.4948     2.1250     0.206    -0.932     4.8354     2.1250     2.2210     2.3625     2.4186     2.5450     0.0952
1210.5482     2.0540     0.205    -0.932     4.7768     2.0540     2.2210     2.3625     2.4186     2.5450     0.0952
1210.6017     2.2230     0.210    -0.932     4.7188     2.2230     2.2151     2.0463     1.9376     1.8030     0.0945
1210.6550     2.5564     0.228    -0.932     4.6613     2.5564     2.2151     2.0463     1.9376     1.8030     0.0945
1210.7084     2.3443     0.218    -0.932     4.6042     2.3443     2.2151     2.0463     1.9376     1.8030     0.0945
1210.7617     2.0149     0.204    -0.932     4.5477     2.0149     2.2151     2.0463     1.9376     1.8030     0.0945
1210.8152     1.9369     0.196    -0.932     4.4917     1.9369     2.2151     2.0463     1.9376     1.8030     0.0945
1210.8685     2.0384     0.203    -0.932     4.4363     2.0384     1.8775     2.0463     1.9376     1.8030     0.0872
1210.9219     1.8674     0.193    -0.932     4.3813     1.8674     1.8775     2.0463     1.9376     1.8030     0.0872
1210.9752     1.7654     0.189    -0.932     4.3267     1.7654     1.8775     2.0463     1.9376     1.8030     0.0872
1211.0286     1.6304     0.180    -0.932     4.2727     1.6304     1.8775     2.0463     1.9376     1.8030     0.0872
1211.0820     2.0859     0.208    -0.932     4.2193     2.0859     1.8775     2.0463     1.9376     1.8030     0.0872
1211.1354     1.8351     0.192    -0.932     4.1663     1.8351     1.7201     1.5598     1.9376     1.8030     0.0835
1211.1887     1.4750     0.174    -0.932     4.1136     1.4750     1.7201     1.5598     1.9376     1.8030     0.0835
1211.2421     1.7977     0.191    -0.932     4.0616     1.7977     1.7201     1.5598     1.9376     1.8030     0.0835
1211.2954     1.6295     0.183    -0.932     4.0101     1.6295     1.7201     1.5598     1.9376     1.8030     0.0835
1211.3488     1.8632     0.193    -0.932     3.9590     1.8632     1.7201     1.5598     1.9376     1.8030     0.0835
1211.4022     1.6254     0.182    -0.932     3.9083     1.6254     1.3995     1.5598     1.1716     1.8030     0.0758
1211.4556     1.3975     0.168    -0.932     3.8581     1.3975     1.3995     1.5598     1.1716     1.8030     0.0758
1211.5089     1.4491     0.173    -0.932     3.8084     1.4491     1.3995     1.5598     1.1716     1.8030     0.0758
1211.5623     1.2871     0.162    -0.932     3.7592     1.2871     1.3995     1.5598     1.1716     1.8030     0.0758
1211.6156     1.2382     0.161    -0.932     3.7105     1.2382     1.3995     1.5598     1.1716     1.8030     0.0758
1211.6689     1.3589     0.167    -0.932     3.6621     1.3589     1.1753     1.0577     1.1716     0.8325     0.0699
1211.7224     1.2491     0.163    -0.932     3.6143     1.2491     1.1753     1.0577     1.1716     0.8325     0.0699
1211.7758     1.1895     0.157    -0.932     3.5670     1.1895     1.1753     1.0577     1.1716     0.8325     0.0699
1211.8291     1.0441     0.147    -0.932     3.5200     1.0441     1.1753     1.0577     1.1716     0.8325     0.0699
1211.8824     1.0352     0.145    -0.932     3.4736     1.0352     1.1753     1.0577     1.1716     0.8325     0.0699
1211.9358     0.9431     0.140    -0.932     3.4275     0.9431     0.9401     1.0577     1.1716     0.8325     0.0621
1211.9891     1.1688     0.155    -0.932     3.3819     1.1688     0.9401     1.0577     1.1716     0.8325     0.0621
1212.0425     0.8414     0.131    -0.932     3.3368     0.8414     0.9401     1.0577     1.1716     0.8325     0.0621
1212.0959     0.9101     0.135    -0.932     3.2921     0.9101     0.9401     1.0577     1.1716     0.8325     0.0621
1212.1493     0.8370     0.132    -0.932     3.2478     0.8370     0.9401     1.0577     1.1716     0.8325     0.0621
1212.2026     0.9060     0.136    -0.932     3.2040     0.9060     0.7150     0.6074     0.5061     0.8325     0.0543
1212.2560     0.8387     0.132    -0.932     3.1605     0.8387     0.7150     0.6074     0.5061     0.8325     0.0543
1212.3093     0.5453     0.107    -0.932     3.1175     0.5453     0.7150     0.6074     0.5061     0.8325     0.0543
1212.3627     0.6915     0.119    -0.932     3.0750     0.6915     0.7150     0.6074     0.5061     0.8325     0.0543
1212.4160     0.5936     0.111    -0.932     3.0329     0.5936     0.7150     0.6074     0.5061     0.8325     0.0543
1212.4694     0.5254     0.106    -0.932     2.9912     0.5254     0.4998     0.6074     0.5061     0.8325     0.0459
1212.5228     0.4956     0.102    -0.932     2.9499     0.4956     0.4998     0.6074     0.5061     0.8325     0.0459
1212.5762     0.5104     0.105    -0.932     2.9089     0.5104     0.4998     0.6074     0.5061     0.8325     0.0459
1212.6295     0.5065     0.103    -0.932     2.8684     0.5065     0.4998     0.6074     0.5061     0.8325     0.0459
1212.6829     0.4610     0.098    -0.932     2.8284     0.4610     0.4998     0.6074     0.5061     0.8325     0.0459
1212.7362     0.4892     0.101    -0.932     2.7887     0.4892     0.3034     0.2376     0.5061     0.1388     0.0362
1212.7896     0.3316     0.084    -0.932     2.7495     0.3316     0.3034     0.2376     0.5061     0.1388     0.0362
1212.8429     0.2636     0.077    -0.932     2.7106     0.2636     0.3034     0.2376     0.5061     0.1388     0.0362
1212.8962     0.2204     0.071    -0.932     2.6721     0.2204     0.3034     0.2376     0.5061     0.1388     0.0362
1212.9496     0.2121     0.069    -0.932     2.6340     0.2121     0.3034     0.2376     0.5061     0.1388     0.0362
1213.0029     0.1267     0.056    -0.932     2.5963     0.1267     0.1719     0.2376     0.0839     0.1388     0.0280
1213.0564     0.1297     0.056    -0.932     2.5590     0.1297     0.1719     0.2376     0.0839     0.1388     0.0280
1213.1097     0.2105     0.067    -0.932     2.5221     0.2105     0.1719     0.2376     0.0839     0.1388     0.0280
1213.1631     0.1923     0.066    -0.932     2.4856     0.1923     0.1719     0.2376     0.0839     0.1388     0.0280
1213.2164     0.2000     0.066    -0.932     2.4495     0.2000     0.1719     0.2376     0.0839     0.1388     0.0280
1213.2698     0.0907     0.048    -0.932     2.4138     0.0907     0.0438     0.0399     0.0839     0.1388     0.0170
1213.3231     0.0308     0.034    -0.932     2.3784     0.0308     0.0438     0.0399     0.0839     0.1388     0.0170
1213.3765     0.0512     0.041    -0.932     2.3433     0.0512     0.0438     0.0399     0.0839     0.1388     0.0170
1213.4298     0.0631     0.042    -0.932     2.3087     0.0631     0.0438     0.0399     0.0839     0.1388     0.0170
1213.4832    -0.0169     0.017    -0.932     2.2744    -0.0169     0.0438     0.0399     0.0839     0.1388     0.0170
1213.5365     0.0197     0.031    -0.932     2.2405     0.0197     0.0361     0.0399     0.0839     0.1388     0.0160
1213.5898     0.0580     0.041    -0.932     2.2070     0.0580     0.0361     0.0399     0.0839     0.1388     0.0160
1213.6432     0.0267     0.034    -0.932     2.1738     0.0267     0.0361     0.0399     0.0839     0.1388     0.0160
1213.6965     0.0367     0.036    -0.932     2.1410     0.0367     0.0361     0.0399     0.0839     0.1388     0.0160
1213.7499     0.0394     0.037    -0.932     2.1085     0.0394     0.0361     0.0399     0.0839     0.1388     0.0160
1213.8032    -0.0032     0.023    -0.932     2.0764    -0.0032     0.0064     0.0222     0.0309     0.0512     0.0120
1213.8566    -0.0144     0.018    -0.932     2.0447    -0.0144     0.0064     0.0222     0.0309     0.0512     0.0120
1213.9099     0.0317     0.034    -0.932     2.0132     0.0317     0.0064     0.0222     0.0309     0.0512     0.0120
1213.9633     0.0108     0.029    -0.932     1.9821     0.0108     0.0064     0.0222     0.0309     0.0512     0.0120
1214.0167     0.0073     0.027    -0.932     1.9514     0.0073     0.0064     0.0222     0.0309     0.0512     0.0120
1214.0701     0.0417     0.037    -0.932     1.9210     0.0417     0.0380     0.0222     0.0309     0.0512     0.0163
1214.1234     0.0510     0.040    -0.932     1.8910     0.0510     0.0380     0.0222     0.0309     0.0512     0.0163
1214.1768     0.0399     0.037    -0.932     1.8613     0.0399     0.0380     0.0222     0.0309     0.0512     0.0163
1214.2301    -0.0092     0.020    -0.932     1.8319    -0.0092     0.0380     0.0222     0.0309     0.0512     0.0163
1214.2834     0.0667     0.044    -0.932     1.8029     0.0667     0.0380     0.0222     0.0309     0.0512     0.0163
1214.3368     0.0417     0.037    -0.932     1.7742     0.0417     0.0482     0.0802     0.0309     0.0512     0.0173
1214.3901     0.0511     0.040    -0.932     1.7458     0.0511     0.0482     0.0802     0.0309     0.0512     0.0173
1214.4435     0.0220     0.031    -0.932     1.7178     0.0220     0.0482     0.0802     0.0309     0.0512     0.0173
1214.4968     0.0737     0.045    -0.932     1.6900     0.0737     0.0482     0.0802     0.0309     0.0512     0.0173
1214.5502     0.0526     0.039    -0.932     1.6626     0.0526     0.0482     0.0802     0.0309     0.0512     0.0173
1214.6035     0.1123     0.052    -0.932     1.6355     0.1123     0.1121     0.0802    -0.0340     0.0512     0.0234
1214.6570     0.0050     0.026    -0.932     1.6087     0.0050     0.1121     0.0802    -0.0340     0.0512     0.0234
1214.7103     0.1177     0.053    -0.932     1.5823     0.1177     0.1121     0.0802    -0.0340     0.0512     0.0234
1214.7637     0.1225     0.054    -0.932     1.5561     0.1225     0.1121     0.0802    -0.0340     0.0512     0.0234
1214.8170     0.2030     0.067    -0.932     1.5303     0.2030     0.1121     0.0802    -0.0340     0.0512     0.0234
1214.8704     0.2059     0.073    -0.932     1.5047     0.2059    -0.0046    -0.1071    -0.0340     0.1029     0.0358
1214.9237     0.0968     0.085    -0.932     1.4794     0.0968    -0.0046    -0.1071    -0.0340     0.1029     0.0358
1214.9771     0.0527     0.083    -0.932     1.4545     0.0527    -0.0046    -0.1071    -0.0340     0.1029     0.0358
1215.0304    -0.2751     0.068    -0.932     1.4298    -0.2751    -0.0046    -0.1071    -0.0340     0.1029     0.0358
1215.0837    -0.1036     0.089    -0.932     1.4055    -0.1036    -0.0046    -0.1071    -0.0340     0.1029     0.0358
1215.1371     0.0819     0.111    -0.932     1.3814     0.0819    -0.2096    -0.1071    -0.0340     0.1029     0.0618
1215.1904    -0.2076     0.113    -0.932     1.3577    -0.2076    -0.2096    -0.1071    -0.0340     0.1029     0.0618
1215.2437    -0.1268     0.121    -0.932     1.3342    -0.1268    -0.2096    -0.1071    -0.0340     0.1029     0.0618
1215.2970    -0.3295     0.147    -0.932     1.3110    -0.3295    -0.2096    -0.1071    -0.0340     0.1029     0.0618
1215.3503    -0.4660     0.186    -0.932     1.2881    -0.4660    -0.2096    -0.1071    -0.0340     0.1029     0.0618
1215.4037    -0.2396     0.294    -0.932     1.2655    -0.2396     0.3272     0.3128     0.1594     0.1029     0.2128
1215.4570     0.8138     0.425    -0.932     1.2432     0.8138     0.3272     0.3128     0.1594     0.1029     0.2128
1215.5104     0.6561     0.515    -0.932     1.2211     0.6561     0.3272     0.3128     0.1594     0.1029     0.2128
1215.5637     0.1915     0.546    -0.932     1.1993     0.1915     0.3272     0.3128     0.1594     0.1029     0.2128
1215.6171     0.2140     0.550    -0.932     1.1778     0.2140     0.3272     0.3128     0.1594     0.1029     0.2128
1215.6704     0.9644     0.549    -0.932     1.1566     0.9644     0.2985     0.3128     0.1594     0.1029     0.1928
1215.7238     0.6507     0.525    -0.932     1.1356     0.6507     0.2985     0.3128     0.1594     0.1029     0.1928
1215.7771     0.3708     0.441    -0.932     1.1149     0.3708     0.2985     0.3128     0.1594     0.1029     0.1928
1215.8304    -0.3600     0.328    -0.932     1.0945    -0.3600     0.2985     0.3128     0.1594     0.1029     0.1928
1215.8838    -0.1335     0.223    -0.932     1.0743    -0.1335     0.2985     0.3128     0.1594     0.1029     0.1928
1215.9371     0.0983     0.171    -0.932     1.0544     0.0983    -0.1476     0.0156     0.1594     0.0573     0.0569
1215.9905    -0.1587     0.132    -0.932     1.0348    -0.1587    -0.1476     0.0156     0.1594     0.0573     0.0569
1216.0438    -0.1802     0.114    -0.932     1.0154    -0.1802    -0.1476     0.0156     0.1594     0.0573     0.0569
1216.0972    -0.2275     0.114    -0.932     0.9963    -0.2275    -0.1476     0.0156     0.1594     0.0573     0.0569
1216.1504    -0.2699     0.091    -0.932     0.9774    -0.2699    -0.1476     0.0156     0.1594     0.0573     0.0569
1216.2037    -0.0104     0.074    -0.932     0.9588    -0.0104     0.1788     0.0156     0.1256     0.0573     0.0312
1216.2571     0.2922     0.078    -0.932     0.9404     0.2922     0.1788     0.0156     0.1256     0.0573     0.0312
1216.3104     0.3013     0.077    -0.932     0.9222     0.3013     0.1788     0.0156     0.1256     0.0573     0.0312
1216.3638     0.1651     0.060    -0.932     0.9043     0.1651     0.1788     0.0156     0.1256     0.0573     0.0312
1216.4171     0.1458     0.056    -0.932     0.8867     0.1458     0.1788     0.0156     0.1256     0.0573     0.0312
1216.4705     0.1295     0.054    -0.932     0.8693     0.1295     0.1426     0.0990     0.1256     0.0573     0.0253
1216.5238     0.1922     0.064    -0.932     0.8521     0.1922     0.1426     0.0990     0.1256     0.0573     0.0253
1216.5771     0.1529     0.058    -0.932     0.8352     0.1529     0.1426     0.0990     0.1256     0.0573     0.0253
1216.6305     0.2068     0.066    -0.932     0.8185     0.2068     0.1426     0.0990     0.1256     0.0573     0.0253
1216.6837     0.0312     0.034    -0.932     0.8020     0.0312     0.1426     0.0990     0.1256     0.0573     0.0253
1216.7371     0.0521     0.038    -0.932     0.7857     0.0521     0.0554     0.0990     0.1256     0.0573     0.0176
1216.7904     0.0196     0.030    -0.932     0.7697     0.0196     0.0554     0.0990     0.1256     0.0573     0.0176
1216.8438     0.0758     0.044    -0.932     0.7539     0.0758     0.0554     0.0990     0.1256     0.0573     0.0176
1216.8971     0.0593     0.040    -0.932     0.7384     0.0593     0.0554     0.0990     0.1256     0.0573     0.0176
1216.9504     0.0701     0.043    -0.932     0.7230     0.0701     0.0554     0.0990     0.1256     0.0573     0.0176
1217.0038     0.0477     0.037    -0.932     0.7079     0.0477     0.0346     0.0287     0.0309     0.0283     0.0152
1217.0571     0.0382     0.034    -0.932     0.6930     0.0382     0.0346     0.0287     0.0309     0.0283     0.0152
1217.1105     0.0350     0.034    -0.932     0.6783     0.0350     0.0346     0.0287     0.0309     0.0283     0.0152
1217.1637     0.0227     0.031    -0.932     0.6639     0.0227     0.0346     0.0287     0.0309     0.0283     0.0152
1217.2170     0.0292     0.033    -0.932     0.6496     0.0292     0.0346     0.0287     0.0309     0.0283     0.0152
1217.2704     0.0111     0.026    -0.932     0.6356     0.0111     0.0228     0.0287     0.0309     0.0283     0.0135
1217.3237     0.0088     0.026    -0.932     0.6217     0.0088     0.0228     0.0287     0.0309     0.0283     0.0135
1217.3771     0.0357     0.034    -0.932     0.6081     0.0357     0.0228     0.0287     0.0309     0.0283     0.0135
1217.4304     0.0209     0.029    -0.932     0.5946     0.0209     0.0228     0.0287     0.0309     0.0283     0.0135
1217.4838     0.0372     0.034    -0.932     0.5814     0.0372     0.0228     0.0287     0.0309     0.0283     0.0135
1217.5370     0.0674     0.042    -0.932     0.5684     0.0674     0.0355     0.0280     0.0309     0.0283     0.0152
1217.5903     0.0203     0.029    -0.932     0.5556     0.0203     0.0355     0.0280     0.0309     0.0283     0.0152
1217.6437     0.0694     0.042    -0.932     0.5430     0.0694     0.0355     0.0280     0.0309     0.0283     0.0152
1217.6970     0.0165     0.028    -0.932     0.5305     0.0165     0.0355     0.0280     0.0309     0.0283     0.0152
1217.7504     0.0037     0.024    -0.932     0.5183     0.0037     0.0355     0.0280     0.0309     0.0283     0.0152
1217.8037     0.0150     0.028    -0.932     0.5062     0.0150     0.0205     0.0280     0.1021     0.0283     0.0131
1217.8569    -0.0047     0.020    -0.932     0.4944    -0.0047     0.0205     0.0280     0.1021     0.0283     0.0131
1217.9103    -0.0015     0.021    -0.931     0.4827    -0.0015     0.0205     0.0280     0.1021     0.0283     0.0131
1217.9636     0.0220     0.029    -0.925     0.4712     0.0220     0.0205     0.0280     0.1021     0.0283     0.0131
1218.0170     0.0718     0.042    -0.898     0.4599     0.0718     0.0205     0.0280     0.1021     0.0283     0.0131
1218.0703     0.0438     0.035    -0.842     0.4488     0.0438     0.0793     0.1429     0.1021     0.2594     0.0194
1218.1235     0.0479     0.037    -0.770     0.4379     0.0479     0.0793     0.1429     0.1021     0.2594     0.0194
1218.1769     0.1616     0.058    -0.695     0.4271     0.1616     0.0793     0.1429     0.1021     0.2594     0.0194
1218.2302     0.0970     0.047    -0.621     0.4165     0.0970     0.0793     0.1429     0.1021     0.2594     0.0194
1218.2836     0.0460     0.035    -0.548     0.4061     0.0460     0.0793     0.1429     0.1021     0.2594     0.0194
1218.3369     0.2544     0.072    -0.476     0.3959     0.2544     0.2065     0.1429     0.1021     0.2594     0.0290
1218.3901     0.0718     0.042    -0.404     0.3858     0.0718     0.2065     0.1429     0.1021     0.2594     0.0290
1218.4435     0.2712     0.073    -0.333     0.3759     0.2712     0.2065     0.1429     0.1021     0.2594     0.0290
1218.4968     0.1991     0.064    -0.263     0.3662     0.1991     0.2065     0.1429     0.1021     0.2594     0.0290
1218.5502     0.2357     0.068    -0.194     0.3567     0.2357     0.2065     0.1429     0.1021     0.2594     0.0290
1218.6035     0.2135     0.065    -0.126     0.3473     0.2135     0.3162     0.3759     0.4576     0.2594     0.0348
1218.6567     0.2227     0.067    -0.058     0.3381     0.2227     0.3162     0.3759     0.4576     0.2594     0.0348
1218.7102     0.3969     0.086     0.009     0.3290     0.3969     0.3162     0.3759     0.4576     0.2594     0.0348
1218.7635     0.4170     0.089     0.075     0.3201     0.4170     0.3162     0.3759     0.4576     0.2594     0.0348
1218.8169     0.3307     0.080     0.141     0.3114     0.3307     0.3162     0.3759     0.4576     0.2594     0.0348
1218.8702     0.4448     0.092     0.205     0.3028     0.4448     0.4356     0.3759     0.4576     0.2594     0.0404
1218.9235     0.4568     0.092     0.269     0.2944     0.4568     0.4356     0.3759     0.4576     0.2594     0.0404
1218.9768     0.4390     0.090     0.333     0.2861     0.4390     0.4356     0.3759     0.4576     0.2594     0.0404
1219.0302     0.3682     0.083     0.395     0.2780     0.3682     0.4356     0.3759     0.4576     0.2594     0.0404
1219.0835     0.4693     0.093     0.457     0.2700     0.4693     0.4356     0.3759     0.4576     0.2594     0.0404
1219.1367     0.5301     0.099     0.518     0.2622     0.5301     0.6210     0.7370     0.4576     1.0389     0.0478
1219.1901     0.6132     0.107     0.578     0.2545     0.6132     0.6210     0.7370     0.4576     1.0389     0.0478
1219.2434     0.6926     0.113     0.638     0.2470     0.6926     0.6210     0.7370     0.4576     1.0389     0.0478
1219.2968     0.5423     0.101     0.697     0.2396     0.5423     0.6210     0.7370     0.4576     1.0389     0.0478
1219.3500     0.7268     0.115     0.755     0.2324     0.7268     0.6210     0.7370     0.4576     1.0389     0.0478
1219.4033     0.8823     0.127     0.813     0.2253     0.8823     0.8530     0.7370     1.1782     1.0389     0.0558
1219.4567     0.7553     0.117     0.870     0.2183     0.7553     0.8530     0.7370     1.1782     1.0389     0.0558
1219.5100     0.8705     0.128     0.926     0.2115     0.8705     0.8530     0.7370     1.1782     1.0389     0.0558
1219.5632     0.9720     0.133     0.982     0.2049     0.9720     0.8530     0.7370     1.1782     1.0389     0.0558
1219.6166     0.7847     0.119     1.037     0.1983     0.7847     0.8530     0.7370     1.1782     1.0389     0.0558
1219.6699     1.1188     0.143     1.091     0.1919     1.1188     1.2635     1.3408     1.1782     1.0389     0.0678
1219.7233     1.2745     0.153     1.145     0.1857     1.2745     1.2635     1.3408     1.1782     1.0389     0.0678
1219.7765     1.1574     0.144     1.198     0.1795     1.1574     1.2635     1.3408     1.1782     1.0389     0.0678
1219.8298     1.2037     0.149     1.251     0.1735     1.2037     1.2635     1.3408     1.1782     1.0389     0.0678
1219.8832     1.5631     0.169     1.302     0.1677     1.5631     1.2635     1.3408     1.1782     1.0389     0.0678
1219.9364     1.4365     0.159     1.354     0.1619     1.4365     1.4181     1.3408     1.1782     1.0389     0.0708
1219.9897     1.5063     0.163     1.404     0.1563     1.5063     1.4181     1.3408     1.1782     1.0389     0.0708
1220.0431     1.2899     0.151     1.454     0.1508     1.2899     1.4181     1.3408     1.1782     1.0389     0.0708
1220.0964     1.3570     0.156     1.504     0.1455     1.3570     1.4181     1.3408     1.1782     1.0389     0.0708
1220.1497     1.5006     0.163     1.552     0.1402     1.5006     1.4181     1.3408     1.1782     1.0389     0.0708
1220.2030     1.3845     0.158     1.600     0.1351     1.3845     1.6794     1.8272     1.9243     2.0428     0.0770
1220.2563     1.6429     0.171     1.648     0.1302     1.6429     1.6794     1.8272     1.9243     2.0428     0.0770
1220.3096     1.6307     0.171     1.695     0.1253     1.6307     1.6794     1.8272     1.9243     2.0428     0.0770
1220.3629     1.8349     0.177     1.741     0.1206     1.8349     1.6794     1.8272     1.9243     2.0428     0.0770
1220.4163     1.9041     0.183     1.787     0.1160     1.9041     1.6794     1.8272     1.9243     2.0428     0.0770
1220.4695     1.8208     0.177     1.833     0.1115     1.8208     1.9750     1.8272     1.9243     2.0428     0.0833
1220.5228     1.9167     0.183     1.877     0.1071     1.9167     1.9750     1.8272     1.9243     2.0428     0.0833
1220.5762     2.1833     0.198     1.922     0.1028     2.1833     1.9750     1.8272     1.9243     2.0428     0.0833
1220.6294     1.9455     0.187     1.965     0.0987     1.9455     1.9750     1.8272     1.9243     2.0428     0.0833
1220.6827     2.0087     0.185     2.008     0.0947     2.0087     1.9750     1.8272     1.9243     2.0428     0.0833
1220.7361     1.9586     0.184     2.051     0.0908     1.9586     2.1185     2.2584     1.9243     2.0428     0.0859
1220.7894     2.0883     0.191     2.093     0.0870     2.0883     2.1185     2.2584     1.9243     2.0428     0.0859
1220.8427     1.9747     0.186     2.134     0.0834     1.9747     2.1185     2.2584     1.9243     2.0428     0.0859
1220.8960     2.1814     0.195     2.175     0.0798     2.1814     2.1185     2.2584     1.9243     2.0428     0.0859
1220.9493     2.3895     0.205     2.216     0.0764     2.3895     2.1185     2.2584     1.9243     2.0428     0.0859
1221.0026     2.0418     0.190     2.255     0.0732     2.0418     2.3983     2.2584     2.4962     2.0428     0.0916
1221.0559     2.5263     0.208     2.295     0.0700     2.5263     2.3983     2.2584     2.4962     2.0428     0.0916
1221.1091     2.7045     0.219     2.334     0.0669     2.7045     2.3983     2.2584     2.4962     2.0428     0.0916
1221.1625     2.5159     0.209     2.372     0.0640     2.5159     2.3983     2.2584     2.4962     2.0428     0.0916
1221.2158     2.2027     0.196     2.410     0.0612     2.2027     2.3983     2.2584     2.4962     2.0428     0.0916
1221.2690     2.2505     0.196     2.447     0.0586     2.2505     2.4378     2.5451     2.4962     2.7383     0.0920
1221.3224     2.4292     0.207     2.484     0.0561     2.4292     2.4378     2.5451     2.4962     2.7383     0.0920
1221.3757     2.1701     0.194     2.521     0.0537     2.1701     2.4378     2.5451     2.4962     2.7383     0.0920
1221.4290     2.6062     0.213     2.557     0.0514     2.6062     2.4378     2.5451     2.4962     2.7383     0.0920
1221.4823     2.7332     0.218     2.592     0.0493     2.7332     2.4378     2.5451     2.4962     2.7383     0.0920
1221.5356     2.4434     0.209     2.627     0.0473     2.4434     2.6524     2.5451     2.4962     2.7383     0.0961
1221.5889     2.2630     0.198     2.662     0.0455     2.2630     2.6524     2.5451     2.4962     2.7383     0.0961
1221.6422     2.9866     0.228     2.696     0.0438     2.9866     2.6524     2.5451     2.4962     2.7383     0.0961
1221.6954     2.8498     0.220     2.730     0.0422     2.8498     2.6524     2.5451     2.4962     2.7383     0.0961
1221.7488     2.7193     0.218     2.763     0.0408     2.7193     2.6524     2.5451     2.4962     2.7383     0.0961
1221.8021     2.5630     0.212     2.796     0.0395     2.5630     2.9689     2.9314     3.0212     2.7383     0.1017
1221.8553     2.8734     0.224     2.828     0.0384     2.8734     2.9689     2.9314     3.0212     2.7383     0.1017
1221.9087     2.8356     0.221     2.860     0.0375     2.8356     2.9689     2.9314     3.0212     2.7383     0.1017
1221.9620     3.4307     0.248     2.891     0.0366     3.4307     2.9689     2.9314     3.0212     2.7383     0.1017
1222.0153     3.1420     0.231     2.922     0.0360     3.1420     2.9689     2.9314     3.0212     2.7383     0.1017
1222.0686     2.9413     0.228     2.953     0.0354     2.9413     2.8938     2.9314     3.0212     2.7383     0.0998
1222.1218     2.6792     0.214     2.983     0.0350     2.6792     2.8938     2.9314     3.0212     2.7383     0.0998
1222.1752     2.6173     0.212     3.013     0.0347     2.6173     2.8938     2.9314     3.0212     2.7383     0.0998
1222.2285     2.9273     0.225     3.042     0.0345     2.9273     2.8938     2.9314     3.0212     2.7383     0.0998
1222.2817     3.3041     0.236     3.071     0.0344     3.3041     2.8938     2.9314     3.0212     2.7383     0.0998
1222.3351     3.3165     0.238     3.100     0.0344     3.3165     3.2007     3.2599     3.0212     3.4177     0.1047
1222.3883     3.3768     0.241     3.128     0.0345     3.3768     3.2007     3.2599     3.0212     3.4177     0.1047
1222.4417     3.3546     0.238     3.156     0.0346     3.3546     3.2007     3.2599     3.0212     3.4177     0.1047
1222.4949     2.9444     0.226     3.183     0.0348     2.9444     3.2007     3.2599     3.0212     3.4177     0.1047
1222.5482     3.0114     0.227     3.210     0.0351     3.0114     3.2007     3.2599     3.0212     3.4177     0.1047
1222.6016     3.4682     0.241     3.237     0.0354     3.4682     3.3190     3.2599     3.4900     3.4177     0.1061
1222.6548     3.5758     0.248     3.263     0.0358     3.5758     3.3190     3.2599     3.4900     3.4177     0.1061
1222.7081     3.4579     0.243     3.289     0.0362     3.4579     3.3190     3.2599     3.4900     3.4177     0.1061
1222.7615     3.3494     0.237     3.315     0.0366     3.3494     3.3190     3.2599     3.4900     3.4177     0.1061
1222.8148     2.7436     0.216     3.340     0.0371     2.7436     3.3190     3.2599     3.4900     3.4177     0.1061
1222.8680     3.1829     0.230     3.365     0.0375     3.1829     3.4195     3.5755     3.4900     3.4177     0.1070
1222.9214     3.2554     0.234     3.389     0.0380     3.2554     3.4195     3.5755     3.4900     3.4177     0.1070
1222.9747     3.1730     0.230     3.414     0.0384     3.1730     3.4195     3.5755     3.4900     3.4177     0.1070
1223.0280     3.5631     0.245     3.437     0.0389     3.5631     3.4195     3.5755     3.4900     3.4177     0.1070
1223.0813     3.9228     0.256     3.461     0.0393     3.9228     3.4195     3.5755     3.4900     3.4177     0.1070
1223.1345     3.7532     0.252     3.484     0.0398     3.7532     3.7316     3.5755     3.4900     3.4177     0.1122
1223.1879     3.7624     0.251     3.507     0.0402     3.7624     3.7316     3.5755     3.4900     3.4177     0.1122
1223.2411     3.7103     0.249     3.529     0.0407     3.7103     3.7316     3.5755     3.4900     3.4177     0.1122
1223.2944     3.6672     0.250     3.551     0.0411     3.6672     3.7316     3.5755     3.4900     3.4177     0.1122
1223.3477     3.7649     0.253     3.573     0.0415     3.7649     3.7316     3.5755     3.4900     3.4177     0.1122
1223.4010     3.8138     0.254     3.595     0.0419     3.8138     3.4770     3.2592     3.3132     3.4243     0.1085
1223.4542     3.6472     0.253     3.616     0.0422     3.6472     3.4770     3.2592     3.3132     3.4243     0.1085
1223.5076     3.4900     0.244     3.637     0.0426     3.4900     3.4770     3.2592     3.3132     3.4243     0.1085
1223.5609     3.1238     0.226     3.657     0.0429     3.1238     3.4770     3.2592     3.3132     3.4243     0.1085
1223.6141     3.3101     0.236     3.678     0.0433     3.3101     3.4770     3.2592     3.3132     3.4243     0.1085
1223.6675     3.3192     0.235     3.698     0.0435     3.3192     3.0415     3.2592     3.3132     3.4243     0.1013
1223.7207     3.2101     0.233     3.717     0.0438     3.2101     3.0415     3.2592     3.3132     3.4243     0.1013
1223.7740     2.8612     0.221     3.737     0.0441     2.8612     3.0415     3.2592     3.3132     3.4243     0.1013
1223.8273     3.0361     0.226     3.756     0.0443     3.0361     3.0415     3.2592     3.3132     3.4243     0.1013
1223.8806     2.7808     0.217     3.775     0.0445     2.7808     3.0415     3.2592     3.3132     3.4243     0.1013
1223.9338     2.8469     0.218     3.793     0.0447     2.8469     3.4213     3.5893     3.3132     3.4243     0.1068
1223.9872     3.3459     0.234     3.811     0.0449     3.3459     3.4213     3.5893     3.3132     3.4243     0.1068
1224.0404     3.2829     0.238     3.829     0.0450     3.2829     3.4213     3.5893     3.3132     3.4243     0.1068
1224.0938     3.8805     0.252     3.847     0.0452     3.8805     3.4213     3.5893     3.3132     3.4243     0.1068
1224.1470     3.7500     0.250     3.865     0.0453     3.7500     3.4213     3.5893     3.3132     3.4243     0.1068
1224.2003     4.0810     0.264     3.882     0.0454     4.0810     3.7573     3.5893     3.7843     3.4243     0.1124
1224.2535     3.6110     0.245     3.899     0.0455     3.6110     3.7573     3.5893     3.7843     3.4243     0.1124
1224.3069     3.6257     0.245     3.916     0.0455     3.6257     3.7573     3.5893     3.7843     3.4243     0.1124
1224.3601     3.6965     0.251     3.932     0.0456     3.6965     3.7573     3.5893     3.7843     3.4243     0.1124
1224.4135     3.7723     0.251     3.948     0.0456     3.7723     3.7573     3.5893     3.7843     3.4243     0.1124
1224.4667     3.9264     0.255     3.964     0.0456     3.9264     3.7846     3.7978     3.7843     3.8948     0.1121
1224.5199     4.0487     0.262     3.980     0.0456     4.0487     3.7846     3.7978     3.7843     3.8948     0.1121
1224.5732     3.7473     0.250     3.995     0.0456     3.7473     3.7846     3.7978     3.7843     3.8948     0.1121
1224.6265     3.6698     0.247     4.011     0.0455     3.6698     3.7846     3.7978     3.7843     3.8948     0.1121
1224.6798     3.5308     0.240     4.026     0.0455     3.5308     3.7846     3.7978     3.7843     3.8948     0.1121
1224.7330     3.6673     0.248     4.040     0.0454     3.6673     3.8110     3.7978     3.7843     3.8948     0.1120
1224.7864     3.6256     0.243     4.055     0.0453     3.6256     3.8110     3.7978     3.7843     3.8948     0.1120
1224.8396     3.5849     0.243     4.069     0.0452     3.5849     3.8110     3.7978     3.7843     3.8948     0.1120
1224.8929     3.6559     0.245     4.084     0.0451     3.6559     3.8110     3.7978     3.7843     3.8948     0.1120
1224.9462     4.5211     0.272     4.097     0.0450     4.5211     3.8110     3.7978     3.7843     3.8948     0.1120
1224.9995     4.2545     0.263     4.111     0.0448     4.2545     4.1038     3.9918     3.4702     3.8948     0.1157
1225.0527     4.1525     0.262     4.125     0.0447     4.1525     4.1038     3.9918     3.4702     3.8948     0.1157
1225.1060     4.1472     0.258     4.138     0.0445     4.1472     4.1038     3.9918     3.4702     3.8948     0.1157
1225.1593     3.8738     0.253     4.151     0.0444     3.8738     4.1038     3.9918     3.4702     3.8948     0.1157
1225.2125     4.0908     0.258     4.164     0.0442     4.0908     4.1038     3.9918     3.4702     3.8948     0.1157
1225.2659     4.3637     0.270     4.177     0.0440     4.3637     3.8799     3.9918     3.4702     3.8948     0.1131
1225.3191     4.0140     0.256     4.189     0.0438     4.0140     3.8799     3.9918     3.4702     3.8948     0.1131
1225.3724     3.8959     0.253     4.201     0.0436     3.8959     3.8799     3.9918     3.4702     3.8948     0.1131
1225.4257     3.6649     0.244     4.214     0.0434     3.6649     3.8799     3.9918     3.4702     3.8948     0.1131
1225.4790     3.4610     0.240     4.225     0.0432     3.4610     3.8799     3.9918     3.4702     3.8948     0.1131
1225.5322     2.9265     0.217     4.237     0.0429     2.9265     2.4268     3.0823     3.4702     3.6764     0.0892
1225.5854     2.5211     0.205     4.249     0.0427     2.5211     2.4268     3.0823     3.4702     3.6764     0.0892
1225.6388     2.1672     0.190     4.260     0.0425     2.1672     2.4268     3.0823     3.4702     3.6764     0.0892
1225.6920     1.8912     0.177     4.271     0.0423     1.8912     2.4268     3.0823     3.4702     3.6764     0.0892
1225.7454     2.6282     0.206     4.282     0.0420     2.6282     2.4268     3.0823     3.4702     3.6764     0.0892
1225.7986     2.9800     0.219     4.293     0.0418     2.9800     3.7378     3.0823     4.0929     3.6764     0.1101
1225.8518     3.2492     0.227     4.304     0.0415     3.2492     3.7378     3.0823     4.0929     3.6764     0.1101
1225.9052     3.8459     0.248     4.315     0.0413     3.8459     3.7378     3.0823     4.0929     3.6764     0.1101
1225.9584     3.9350     0.254     4.325     0.0410     3.9350     3.7378     3.0823     4.0929     3.6764     0.1101
1226.0117     4.6787     0.278     4.335     0.0408     4.6787     3.7378     3.0823     4.0929     3.6764     0.1101
1226.0649     3.8155     0.250     4.345     0.0405     3.8155     4.1619     4.2705     4.0929     3.6764     0.1165
1226.1182     4.3334     0.268     4.355     0.0402     4.3334     4.1619     4.2705     4.0929     3.6764     0.1165
1226.1715     4.2852     0.264     4.365     0.0400     4.2852     4.1619     4.2705     4.0929     3.6764     0.1165
1226.2247     4.3186     0.264     4.375     0.0397     4.3186     4.1619     4.2705     4.0929     3.6764     0.1165
1226.2781     4.0566     0.256     4.384     0.0395     4.0566     4.1619     4.2705     4.0929     3.6764     0.1165
1226.3313     4.0635     0.258     4.394     0.0392     4.0635     4.3791     4.2705     4.0929     3.6764     0.1200
1226.3845     4.6537     0.274     4.403     0.0390     4.6537     4.3791     4.2705     4.0929     3.6764     0.1200
1226.4379     4.5890     0.278     4.412     0.0387     4.5890     4.3791     4.2705     4.0929     3.6764     0.1200
1226.4911     4.3892     0.270     4.421     0.0385     4.3892     4.3791     4.2705     4.0929     3.6764     0.1200
1226.5443     4.2002     0.261     4.430     0.0382     4.2002     4.3791     4.2705     4.0929     3.6764     0.1200
1226.5977     4.1539     0.259     4.438     0.0380     4.1539     4.2308     4.3058     4.3563     4.4349     0.1170
1226.6509     4.0311     0.256     4.447     0.0377     4.0311     4.2308     4.3058     4.3563     4.4349     0.1170
1226.7041     4.5148     0.269     4.455     0.0375     4.5148     4.2308     4.3058     4.3563     4.4349     0.1170
1226.7574     4.2914     0.264     4.463     0.0372     4.2914     4.2308     4.3058     4.3563     4.4349     0.1170
1226.8108     4.1626     0.259     4.472     0.0370     4.1626     4.2308     4.3058     4.3563     4.4349     0.1170
1226.8640     4.2865     0.263     4.480     0.0368     4.2865     4.3808     4.3058     4.3563     4.4349     0.1190
1226.9174     4.2460     0.260     4.488     0.0365     4.2460     4.3808     4.3058     4.3563     4.4349     0.1190
1226.9706     4.3373     0.266     4.495     0.0363     4.3373     4.3808     4.3058     4.3563     4.4349     0.1190
1227.0239     4.4103     0.266     4.503     0.0361     4.4103     4.3808     4.3058     4.3563     4.4349     0.1190
1227.0771     4.6240     0.276     4.511     0.0359     4.6240     4.3808     4.3058     4.3563     4.4349     0.1190
1227.1304     4.3289     0.264     4.518     0.0357     4.3289     4.4574     4.5641     4.3563     4.4349     0.1184
1227.1837     4.5490     0.266     4.526     0.0355     4.5490     4.4574     4.5641     4.3563     4.4349     0.1184
1227.2369     5.1837     0.286     4.533     0.0353     5.1837     4.4574     4.5641     4.3563     4.4349     0.1184
1227.2902     4.5284     0.266     4.540     0.0351     4.5284     4.4574     4.5641     4.3563     4.4349     0.1184
1227.3435     3.6970     0.240     4.547     0.0349     3.6970     4.4574     4.5641     4.3563     4.4349     0.1184
1227.3967     4.4038     0.265     4.554     0.0347     4.4038     4.6708     4.5641     4.6080     4.4349     0.1219
1227.4500     4.7893     0.280     4.561     0.0345     4.7893     4.6708     4.5641     4.6080     4.4349     0.1219
1227.5032     4.9760     0.281     4.568     0.0343     4.9760     4.6708     4.5641     4.6080     4.4349     0.1219
1227.5565     4.3988     0.263     4.574     0.0341     4.3988     4.6708     4.5641     4.6080     4.4349     0.1219
1227.6097     4.7861     0.273     4.581     0.0339     4.7861     4.6708     4.5641     4.6080     4.4349     0.1219
1227.6630     4.6431     0.271     4.588     0.0338     4.6431     4.3487     4.5766     4.6080     4.6093     0.1174
1227.7163     4.1033     0.252     4.594     0.0336     4.1033     4.3487     4.5766     4.6080     4.6093     0.1174
1227.7695     4.2577     0.261     4.600     0.0334     4.2577     4.3487     4.5766     4.6080     4.6093     0.1174
1227.8228     4.2598     0.263     4.607     0.0333     4.2598     4.3487     4.5766     4.6080     4.6093     0.1174
1227.8761     4.4797     0.264     4.613     0.0331     4.4797     4.3487     4.5766     4.6080     4.6093     0.1174
1227.9293     4.9771     0.278     4.619     0.0329     4.9771     4.8045     4.5766     4.6080     4.6093     0.1222
1227.9825     4.8700     0.276     4.625     0.0328     4.8700     4.8045     4.5766     4.6080     4.6093     0.1222
1228.0358     4.9318     0.276     4.631     0.0326     4.9318     4.8045     4.5766     4.6080     4.6093     0.1222
1228.0891     4.6808     0.268     4.637     0.0325     4.6808     4.8045     4.5766     4.6080     4.6093     0.1222
1228.1423     4.5630     0.268     4.642     0.0323     4.5630     4.8045     4.5766     4.6080     4.6093     0.1222
1228.1956     4.6445     0.270     4.648     0.0322     4.6445     4.6112     4.6419     4.6993     4.6093     0.1205
1228.2489     4.5254     0.267     4.654     0.0321     4.5254     4.6112     4.6419     4.6993     4.6093     0.1205
1228.3021     4.5540     0.266     4.659     0.0319     4.5540     4.6112     4.6419     4.6993     4.6093     0.1205
1228.3553     4.9466     0.282     4.665     0.0318     4.9466     4.6112     4.6419     4.6993     4.6093     0.1205
1228.4086     4.3858     0.262     4.670     0.0316     4.3858     4.6112     4.6419     4.6993     4.6093     0.1205
1228.4619     5.0817     0.281     4.676     0.0315     5.0817     4.6726     4.6419     4.6993     4.6093     0.1211
1228.5151     4.7344     0.271     4.681     0.0314     4.7344     4.6726     4.6419     4.6993     4.6093     0.1211
1228.5684     4.3489     0.261     4.686     0.0313     4.3489     4.6726     4.6419     4.6993     4.6093     0.1211
1228.6216     4.8049     0.275     4.691     0.0311     4.8049     4.6726     4.6419     4.6993     4.6093     0.1211
1228.6749     4.3931     0.265     4.696     0.0310     4.3931     4.6726     4.6419     4.6993     4.6093     0.1211
1228.7281     4.8455     0.277     4.701     0.0309     4.8455     4.8141     4.9048     4.6993     4.8508     0.1231
1228.7814     4.5669     0.269     4.706     0.0307     4.5669     4.8141     4.9048     4.6993     4.8508     0.1231
1228.8346     4.9683     0.279     4.711     0.0306     4.9683     4.8141     4.9048     4.6993     4.8508     0.1231
1228.8879     4.6171     0.270     4.716     0.0305     4.6171     4.8141     4.9048     4.6993     4.8508     0.1231
1228.9412     5.0729     0.281     4.721     0.0304     5.0729     4.8141     4.9048     4.6993     4.8508     0.1231
1228.9944     4.7959     0.273     4.726     0.0302     4.7959     4.9955     4.9048     4.8630     4.8508     0.1251
1229.0476     5.5075     0.294     4.731     0.0301     5.5075     4.9955     4.9048     4.8630     4.8508     0.1251
1229.1010     4.7386     0.272     4.735     0.0300     4.7386     4.9955     4.9048     4.8630     4.8508     0.1251
1229.1542     5.0057     0.279     4.740     0.0298     5.0057     4.9955     4.9048     4.8630     4.8508     0.1251
1229.2074     4.9298     0.280     4.744     0.0297     4.9298     4.9955     4.9048     4.8630     4.8508     0.1251
1229.2606     4.5669     0.267     4.749     0.0296     4.5669     4.8992     4.7967     4.8630     4.8508     0.1243
1229.3138     4.8724     0.279     4.753     0.0295     4.8724     4.8992     4.7967     4.8630     4.8508     0.1243
1229.3672     5.1538     0.285     4.758     0.0293     5.1538     4.8992     4.7967     4.8630     4.8508     0.1243
1229.4204     5.0799     0.283     4.762     0.0292     5.0799     4.8992     4.7967     4.8630     4.8508     0.1243
1229.4736     4.8228     0.275     4.767     0.0291     4.8228     4.8992     4.7967     4.8630     4.8508     0.1243
1229.5269     4.4028     0.262     4.771     0.0289     4.4028     4.6943     4.7967     4.8630     4.8508     0.1214
1229.5802     4.5254     0.266     4.775     0.0288     4.5254     4.6943     4.7967     4.8630     4.8508     0.1214
1229.6334     4.5973     0.270     4.780     0.0287     4.5973     4.6943     4.7967     4.8630     4.8508     0.1214
1229.6866     5.0174     0.280     4.784     0.0286     5.0174     4.6943     4.7967     4.8630     4.8508     0.1214
1229.7399     4.9286     0.279     4.788     0.0284     4.9286     4.6943     4.7967     4.8630     4.8508     0.1214
1229.7931     4.6941     0.268     4.792     0.0283     4.6941     4.8982     4.8433     4.8715     4.8479     0.1233
1229.8464     4.8892     0.276     4.796     0.0282     4.8892     4.8982     4.8433     4.8715     4.8479     0.1233
1229.8997     5.1631     0.284     4.800     0.0280     5.1631     4.8982     4.8433     4.8715     4.8479     0.1233
1229.9529     5.1699     0.284     4.804     0.0279     5.1699     4.8982     4.8433     4.8715     4.8479     0.1233
1230.0061     4.5748     0.265     4.808     0.0278     4.5748     4.8982     4.8433     4.8715     4.8479     0.1233
1230.0593     5.0361     0.282     4.812     0.0277     5.0361     4.7883     4.8433     4.8715     4.8479     0.1220
1230.1125     4.8500     0.274     4.816     0.0275     4.8500     4.7883     4.8433     4.8715     4.8479     0.1220
1230.1659     4.9457     0.277     4.820     0.0274     4.9457     4.7883     4.8433     4.8715     4.8479     0.1220
1230.2191     4.5299     0.264     4.824     0.0273     4.5299     4.7883     4.8433     4.8715     4.8479     0.1220
1230.2723     4.5800     0.267     4.827     0.0272     4.5800     4.7883     4.8433     4.8715     4.8479     0.1220
1230.3256     4.9611     0.274     4.831     0.0270     4.9611     4.9279     4.8525     4.8715     4.8479     0.1231
1230.3788     4.7709     0.272     4.835     0.0269     4.7709     4.9279     4.8525     4.8715     4.8479     0.1231
1230.4320     4.9936     0.277     4.839     0.0268     4.9936     4.9279     4.8525     4.8715     4.8479     0.1231
1230.4854     4.6934     0.268     4.842     0.0267     4.6934     4.9279     4.8525     4.8715     4.8479     0.1231
1230.5386     5.2203     0.284     4.846     0.0266     5.2203     4.9279     4.8525     4.8715     4.8479     0.1231
1230.5918     4.5504     0.267     4.850     0.0265     4.5504     4.7772     4.8525     4.8697     4.8479     0.1208
1230.6450     5.0431     0.276     4.853     0.0264     5.0431     4.7772     4.8525     4.8697     4.8479     0.1208
1230.6982     4.6086     0.269     4.857     0.0263     4.6086     4.7772     4.8525     4.8697     4.8479     0.1208
1230.7515     4.7542     0.268     4.860     0.0262     4.7542     4.7772     4.8525     4.8697     4.8479     0.1208
1230.8047     4.9298     0.271     4.864     0.0261     4.9298     4.7772     4.8525     4.8697     4.8479     0.1208
1230.8582     4.5421     0.265     4.867     0.0261     4.5421     4.9786     4.9160     4.8697     4.8834     0.1228
1230.9114     5.0930     0.275     4.871     0.0260     5.0930     4.9786     4.9160     4.8697     4.8834     0.1228
1230.9646     5.1157     0.277     4.874     0.0259     5.1157     4.9786     4.9160     4.8697     4.8834     0.1228
1231.0178     4.6820     0.269     4.878     0.0259     4.6820     4.9786     4.9160     4.8697     4.8834     0.1228
1231.0710     5.4604     0.287     4.881     0.0258     5.4604     4.9786     4.9160     4.8697     4.8834     0.1228
1231.1243     5.0784     0.277     4.884     0.0258     5.0784     4.8533     4.9160     4.8697     4.8834     0.1212
1231.1775     5.1617     0.281     4.888     0.0258     5.1617     4.8533     4.9160     4.8697     4.8834     0.1212
1231.2307     4.4808     0.259     4.891     0.0258     4.4808     4.8533     4.9160     4.8697     4.8834     0.1212
1231.2841     4.8881     0.272     4.894     0.0257     4.8881     4.8533     4.9160     4.8697     4.8834     0.1212
1231.3373     4.6578     0.265     4.898     0.0257     4.6578     4.8533     4.9160     4.8697     4.8834     0.1212
1231.3905     4.3142     0.255     4.901     0.0258     4.3142     4.6416     4.8509     4.9101     4.8834     0.1187
1231.4437     4.7915     0.273     4.904     0.0258     4.7915     4.6416     4.8509     4.9101     4.8834     0.1187
1231.4969     4.9639     0.274     4.907     0.0258     4.9639     4.6416     4.8509     4.9101     4.8834     0.1187
1231.5502     4.2665     0.254     4.910     0.0258     4.2665     4.6416     4.8509     4.9101     4.8834     0.1187
1231.6034     4.8717     0.271     4.913     0.0259     4.8717     4.6416     4.8509     4.9101     4.8834     0.1187
1231.6566     5.1599     0.279     4.916     0.0260     5.1599     5.0602     4.8509     4.9101     4.8834     0.1237
1231.7098     5.0192     0.276     4.920     0.0260     5.0192     5.0602     4.8509     4.9101     4.8834     0.1237
1231.7632     5.0636     0.278     4.923     0.0261     5.0636     5.0602     4.8509     4.9101     4.8834     0.1237
1231.8164     5.0118     0.276     4.926     0.0262     5.0118     5.0602     4.8509     4.9101     4.8834     0.1237
1231.8696     5.0466     0.275     4.929     0.0263     5.0466     5.0602     4.8509     4.9101     4.8834     0.1237
1231.9229     4.8533     0.271     4.932     0.0264     4.8533     5.0285     4.9970     4.9101     5.0102     0.1234
1231.9761     4.6937     0.268     4.934     0.0266     4.6937     5.0285     4.9970     4.9101     5.0102     0.1234
1232.0293     5.3268     0.283     4.937     0.0267     5.3268     5.0285     4.9970     4.9101     5.0102     0.1234
1232.0825     5.2130     0.281     4.940     0.0269     5.2130     5.0285     4.9970     4.9101     5.0102     0.1234
1232.1357     5.0558     0.277     4.943     0.0270     5.0558     5.0285     4.9970     4.9101     5.0102     0.1234
1232.1890     5.0127     0.273     4.946     0.0272     5.0127     4.9655     4.9970     5.0041     5.0102     0.1218
1232.2422     4.9533     0.272     4.949     0.0274     4.9533     4.9655     4.9970     5.0041     5.0102     0.1218
1232.2954     5.0269     0.276     4.951     0.0276     5.0269     4.9655     4.9970     5.0041     5.0102     0.1218
1232.3486     4.8181     0.267     4.954     0.0278     4.8181     4.9655     4.9970     5.0041     5.0102     0.1218
1232.4019     5.0166     0.275     4.957     0.0280     5.0166     4.9655     4.9970     5.0041     5.0102     0.1218
1232.4551     5.4314     0.286     4.960     0.0282     5.4314     5.0753     5.0233     5.0041     5.0102     0.1226
1232.5083     5.1192     0.276     4.962     0.0284     5.1192     5.0753     5.0233     5.0041     5.0102     0.1226
1232.5616     4.7092     0.263     4.965     0.0287     4.7092     5.0753     5.0233     5.0041     5.0102     0.1226
1232.6149     4.8272     0.267     4.967     0.0289     4.8272     5.0753     5.0233     5.0041     5.0102     0.1226
1232.6681     5.2898     0.278     4.970     0.0292     5.2898     5.0753     5.0233     5.0041     5.0102     0.1226
1232.7213     5.0305     0.273     4.972     0.0294     5.0305     4.9713     5.0233     5.0041     5.0102     0.1224
1232.7745     4.9376     0.272     4.975     0.0297     4.9376     4.9713     5.0233     5.0041     5.0102     0.1224
1232.8278     5.3189     0.284     4.977     0.0300     5.3189     4.9713     5.0233     5.0041     5.0102     0.1224
1232.8810     4.6324     0.264     4.980     0.0303     4.6324     4.9713     5.0233     5.0041     5.0102     0.1224
1232.9342     4.9371     0.275     4.982     0.0305     4.9371     4.9713     5.0233     5.0041     5.0102     0.1224
1232.9874     5.0180     0.274     4.984     0.0308     5.0180     4.7260     4.7929     4.8593     4.8254     0.1187
1233.0406     4.9413     0.271     4.987     0.0311     4.9413     4.7260     4.7929     4.8593     4.8254     0.1187
1233.0939     4.3369     0.254     4.989     0.0314     4.3369     4.7260     4.7929     4.8593     4.8254     0.1187
1233.1471     4.6395     0.264     4.991     0.0317     4.6395     4.7260     4.7929     4.8593     4.8254     0.1187
1233.2003     4.6944     0.263     4.993     0.0320     4.6944     4.7260     4.7929     4.8593     4.8254     0.1187
1233.2535     5.0671     0.277     4.995     0.0323     5.0671     4.8598     4.7929     4.8593     4.8254     0.1204
1233.3068     4.6904     0.265     4.998     0.0326     4.6904     4.8598     4.7929     4.8593     4.8254     0.1204
1233.3600     4.5575     0.262     5.000     0.0329     4.5575     4.8598     4.7929     4.8593     4.8254     0.1204
1233.4132     4.9605     0.270     5.002     0.0332     4.9605     4.8598     4.7929     4.8593     4.8254     0.1204
1233.4664     5.0235     0.272     5.004     0.0335     5.0235     4.8598     4.7929     4.8593     4.8254     0.1204
1233.5197     5.0878     0.275     5.005     0.0338     5.0878     4.9921     4.8579     4.8593     4.8254     0.1217
1233.5729     5.0436     0.273     5.007     0.0340     5.0436     4.9921     4.8579     4.8593     4.8254     0.1217
1233.6261     5.1557     0.276     5.009     0.0343     5.1557     4.9921     4.8579     4.8593     4.8254     0.1217
1233.6793     4.9746     0.275     5.011     0.0346     4.9746     4.9921     4.8579     4.8593     4.8254     0.1217
1233.7325     4.6985     0.262     5.013     0.0349     4.6985     4.9921     4.8579     4.8593     4.8254     0.1217
1233.7858     4.5056     0.258     5.014     0.0351     4.5056     4.7238     4.8579     4.5722     4.8254     0.1183
1233.8390     4.8822     0.269     5.016     0.0354     4.8822     4.7238     4.8579     4.5722     4.8254     0.1183
1233.8922     5.0602     0.273     5.017     0.0357     5.0602     4.7238     4.8579     4.5722     4.8254     0.1183
1233.9454     4.6542     0.262     5.019     0.0359     4.6542     4.7238     4.8579     4.5722     4.8254     0.1183
1233.9987     4.5166     0.260     5.020     0.0361     4.5166     4.7238     4.8579     4.5722     4.8254     0.1183
1234.0519     4.6196     0.261     5.022     0.0364     4.6196     4.4091     4.4965     4.5722     4.7569     0.1148
1234.1051     4.3553     0.254     5.023     0.0366     4.3553     4.4091     4.4965     4.5722     4.7569     0.1148
1234.1583     4.3051     0.253     5.024     0.0368     4.3051     4.4091     4.4965     4.5722     4.7569     0.1148
1234.2115     4.4038     0.258     5.026     0.0370     4.4038     4.4091     4.4965     4.5722     4.7569     0.1148
1234.2648     4.3619     0.258     5.027     0.0372     4.3619     4.4091     4.4965     4.5722     4.7569     0.1148
1234.3179     4.3749     0.257     5.028     0.0373     4.3749     4.5838     4.4965     4.5722     4.7569     0.1161
1234.3711     4.1359     0.247     5.029     0.0375     4.1359     4.5838     4.4965     4.5722     4.7569     0.1161
1234.4243     4.2861     0.250     5.030     0.0377     4.2861     4.5838     4.4965     4.5722     4.7569     0.1161
1234.4775     5.0341     0.271     5.031     0.0378     5.0341     4.5838     4.4965     4.5722     4.7569     0.1161
1234.5308     5.0880     0.271     5.032     0.0379     5.0880     4.5838     4.4965     4.5722     4.7569     0.1161
1234.5840     4.7350     0.266     5.032     0.0380     4.7350     4.9082     5.0174     4.9943     4.7569     0.1208
1234.6372     4.7634     0.268     5.033     0.0381     4.7634     4.9082     5.0174     4.9943     4.7569     0.1208
1234.6904     5.0895     0.273     5.034     0.0382     5.0895     4.9082     5.0174     4.9943     4.7569     0.1208
1234.7437     4.8417     0.270     5.034     0.0383     4.8417     4.9082     5.0174     4.9943     4.7569     0.1208
1234.7969     5.1113     0.275     5.035     0.0383     5.1113     4.9082     5.0174     4.9943     4.7569     0.1208
1234.8501     5.2138     0.278     5.035     0.0383     5.2138     5.1266     5.0174     4.9943     4.7569     0.1232
1234.9034     4.8412     0.267     5.035     0.0384     4.8412     5.1266     5.0174     4.9943     4.7569     0.1232
1234.9567     5.1376     0.275     5.035     0.0384     5.1376     5.1266     5.0174     4.9943     4.7569     0.1232
1235.0099     5.2135     0.276     5.036     0.0383     5.2135     5.1266     5.0174     4.9943     4.7569     0.1232
1235.0631     5.2267     0.281     5.036     0.0383     5.2267     5.1266     5.0174     4.9943     4.7569     0.1232
1235.1162     4.7467     0.265     5.036     0.0383     4.7467     4.9482     5.0692     4.9943     5.0667     0.1202
1235.1694     5.0796     0.272     5.035     0.0382     5.0796     4.9482     5.0692     4.9943     5.0667     0.1202
1235.2227     4.9797     0.273     5.035     0.0381     4.9797     4.9482     5.0692     4.9943     5.0667     0.1202
1235.2759     5.0379     0.271     5.035     0.0381     5.0379     4.9482     5.0692     4.9943     5.0667     0.1202
1235.3291     4.8972     0.263     5.034     0.0380     4.8972     4.9482     5.0692     4.9943     5.0667     0.1202
1235.3823     5.2699     0.277     5.034     0.0378     5.2699     5.1902     5.0692     5.1062     5.0667     0.1222
1235.4355     5.1125     0.271     5.033     0.0377     5.1125     5.1902     5.0692     5.1062     5.0667     0.1222
1235.4888     5.3263     0.276     5.033     0.0376     5.3263     5.1902     5.0692     5.1062     5.0667     0.1222
1235.5420     5.2416     0.275     5.032     0.0374     5.2416     5.1902     5.0692     5.1062     5.0667     0.1222
1235.5952     5.0007     0.268     5.031     0.0373     5.0007     5.1902     5.0692     5.1062     5.0667     0.1222
1235.6483     5.0745     0.270     5.030     0.0371     5.0745     5.0175     5.0642     5.1062     5.0667     0.1199
1235.7015     4.8011     0.264     5.029     0.0370     4.8011     5.0175     5.0642     5.1062     5.0667     0.1199
1235.7548     5.2676     0.274     5.028     0.0368     5.2676     5.0175     5.0642     5.1062     5.0667     0.1199
1235.8080     4.8086     0.261     5.026     0.0366     4.8086     5.0175     5.0642     5.1062     5.0667     0.1199
1235.8612     5.1356     0.272     5.025     0.0365     5.1356     5.0175     5.0642     5.1062     5.0667     0.1199
1235.9144     5.0687     0.270     5.023     0.0363     5.0687     5.1109     5.0642     5.1062     5.0667     0.1211
