1205.3694     4.4297     0.313    -0.932    55.6680     4.4297     4.5542     4.4834     4.4085     4.1889     0.1415
1205.4229     4.8540     0.323    -0.932    55.3112     4.8540     4.5542     4.4834     4.4085     4.1889     0.1415
1205.4762     4.3945     0.312    -0.932    54.9562     4.3945     4.5542     4.4834     4.4085     4.1889     0.1415
1205.5297     4.6460     0.317    -0.932    54.6028     4.6460     4.4126     4.4834     4.4085     4.1889     0.1394
1205.5830     4.5067     0.317    -0.932    54.2512     4.5067     4.4126     4.4834     4.4085     4.1889     0.1394
1205.6365     4.1877     0.303    -0.932    53.9013     4.1877     4.4126     4.4834     4.4085     4.1889     0.1394
1205.6898     4.3761     0.312    -0.932    53.5530     4.3761     4.4126     4.4834     4.4085     4.1889     0.1394
1205.7433     4.3466     0.309    -0.932    53.2064     4.3466     4.4126     4.4834     4.4085     4.1889     0.1394
1205.7966     4.1330     0.302    -0.932    52.8614     4.1330     4.1156     3.8944     3.0904     4.1889     0.1341
1205.8501     3.9885     0.294    -0.932    52.5182     3.9885     4.1156     3.8944     3.0904     4.1889     0.1341
1205.9034     4.2280     0.304    -0.932    52.1766     4.2280     4.1156     3.8944     3.0904     4.1889     0.1341
1205.9569     4.0810     0.297    -0.932    51.8366     4.0810     4.1156     3.8944     3.0904     4.1889     0.1341
1206.0103     4.1474     0.302    -0.932    51.4984     4.1474     4.1156     3.8944     3.0904     4.1889     0.1341
1206.0636     3.6304     0.284    -0.932    51.1617     3.6304     3.6732     3.8944     3.0904     4.1889     0.1265
1206.1171     4.0054     0.294    -0.932    50.8267     4.0054     3.6732     3.8944     3.0904     4.1889     0.1265
1206.1704     3.6993     0.282    -0.932    50.4933     3.6993     3.6732     3.8944     3.0904     4.1889     0.1265
1206.2239     3.6866     0.285    -0.932    50.1608     3.6866     3.6732     3.8944     3.0904     4.1889     0.1265
1206.2772     3.3442     0.268    -0.932    49.8307     3.3442     3.6732     3.8944     3.0904     4.1889     0.1265
1206.3307     3.0524     0.257    -0.932    49.5022     3.0524     1.4825     0.8332     3.0904     0.8088     0.0807
1206.3840     1.9687     0.208    -0.932    49.1753     1.9687     1.4825     0.8332     3.0904     0.8088     0.0807
1206.4375     1.1971     0.162    -0.932    48.8501     1.1971     1.4825     0.8332     3.0904     0.8088     0.0807
1206.4908     0.6743     0.123    -0.932    48.5264     0.6743     1.4825     0.8332     3.0904     0.8088     0.0807
1206.5443     0.5198     0.110    -0.932    48.2043     0.5198     1.4825     0.8332     3.0904     0.8088     0.0807
1206.5978     0.2388     0.077    -0.932    47.8838     0.2388     0.1840     0.8332     0.5842     0.8088     0.0306
1206.6511     0.2486     0.078    -0.932    47.5649     0.2486     0.1840     0.8332     0.5842     0.8088     0.0306
1206.7046     0.1744     0.067    -0.932    47.2476     0.1744     0.1840     0.8332     0.5842     0.8088     0.0306
1206.7579     0.1301     0.059    -0.932    46.9319     0.1301     0.1840     0.8332     0.5842     0.8088     0.0306
1206.8114     0.1280     0.058    -0.932    46.6177     0.1280     0.1840     0.8332     0.5842     0.8088     0.0306
1206.8647     0.0978     0.052    -0.932    46.3051     0.0978     0.2987     0.7843     0.5842     0.8088     0.0378
1206.9181     0.2337     0.076    -0.932    45.9940     0.2337     0.2987     0.7843     0.5842     0.8088     0.0378
1206.9716     0.2441     0.078    -0.932    45.6846     0.2441     0.2987     0.7843     0.5842     0.8088     0.0378
1207.0249     0.3257     0.089    -0.932    45.3767     0.3257     0.2987     0.7843     0.5842     0.8088     0.0378
1207.0784     0.5921     0.115    -0.932    45.0703     0.5921     0.2987     0.7843     0.5842     0.8088     0.0378
1207.1317     0.7021     0.127    -0.932    44.7661     0.7021     1.2700     0.7843     0.5842     0.8088     0.0746
1207.1851     0.7787     0.130    -0.932    44.4628     0.7787     1.2700     0.7843     0.5842     0.8088     0.0746
1207.2385     1.2293     0.164    -0.932    44.1610     1.2293     1.2700     0.7843     0.5842     0.8088     0.0746
1207.2919     1.6225     0.189    -0.932    43.8608     1.6225     1.2700     0.7843     0.5842     0.8088     0.0746
1207.3453     2.0174     0.209    -0.932    43.5621     2.0174     1.2700     0.7843     0.5842     0.8088     0.0746
1207.3987     2.0881     0.210    -0.932    43.2648     2.0881     2.1610     2.7833     3.0218     3.1795     0.0967
1207.4520     1.6517     0.193    -0.932    42.9691     1.6517     2.1610     2.7833     3.0218     3.1795     0.0967
1207.5055     1.9880     0.207    -0.932    42.6749     1.9880     2.1610     2.7833     3.0218     3.1795     0.0967
1207.5588     2.4593     0.233    -0.932    42.3822     2.4593     2.1610     2.7833     3.0218     3.1795     0.0967
1207.6122     2.6178     0.235    -0.932    42.0910     2.6178     2.1610     2.7833     3.0218     3.1795     0.0967
1207.6656     2.7638     0.245    -0.932    41.8013     2.7638     3.4057     2.7833     3.0218     3.1795     0.1207
1207.7190     3.2663     0.264    -0.932    41.5130     3.2663     3.4057     2.7833     3.0218     3.1795     0.1207
1207.7725     3.7215     0.282    -0.932    41.2263     3.7215     3.4057     2.7833     3.0218     3.1795     0.1207
1207.8258     3.5313     0.274    -0.932    40.9410     3.5313     3.4057     2.7833     3.0218     3.1795     0.1207
1207.8792     3.7455     0.284    -0.932    40.6572     3.7455     3.4057     2.7833     3.0218     3.1795     0.1207
1207.9326     3.4619     0.270    -0.932    40.3748     3.4619     3.4987     3.5756     3.0218     3.1795     0.1214
1207.9860     3.1505     0.260    -0.932    40.0940     3.1505     3.4987     3.5756     3.0218     3.1795     0.1214
1208.0393     3.5212     0.271    -0.932    39.8145     3.5212     3.4987     3.5756     3.0218     3.1795     0.1214
1208.0928     3.8352     0.284    -0.932    39.5366     3.8352     3.4987     3.5756     3.0218     3.1795     0.1214
1208.1461     3.5247     0.272    -0.932    39.2606     3.5247     3.4987     3.5756     3.0218     3.1795     0.1214
1208.1995     3.4324     0.270    -0.932    38.9855     3.4324     3.6526     3.5756     3.4615     3.1795     0.1243
1208.2529     3.5771     0.274    -0.932    38.7119     3.5771     3.6526     3.5756     3.4615     3.1795     0.1243
1208.3063     3.7142     0.282    -0.932    38.4396     3.7142     3.6526     3.5756     3.4615     3.1795     0.1243
1208.3596     3.6848     0.277    -0.932    38.1688     3.6848     3.6526     3.5756     3.4615     3.1795     0.1243
1208.4131     3.8545     0.286    -0.932    37.8994     3.8545     3.6526     3.5756     3.4615     3.1795     0.1243
1208.4664     3.1770     0.257    -0.932    37.6315     3.1770     3.4171     3.3660     3.4615     3.2904     0.1199
1208.5198     3.4957     0.271    -0.932    37.3649     3.4957     3.4171     3.3660     3.4615     3.2904     0.1199
1208.5732     3.8868     0.287    -0.932    37.0997     3.8868     3.4171     3.3660     3.4615     3.2904     0.1199
1208.6266     3.3763     0.268    -0.932    36.8360     3.3763     3.4171     3.3660     3.4615     3.2904     0.1199
1208.6799     3.1497     0.256    -0.932    36.5736     3.1497     3.4171     3.3660     3.4615     3.2904     0.1199
1208.7334     3.2418     0.260    -0.932    36.3132     3.2418     3.3149     3.3660     3.4615     3.2904     0.1188
1208.7867     3.4740     0.270    -0.932    36.0536     3.4740     3.3149     3.3660     3.4615     3.2904     0.1188
1208.8401     3.3786     0.270    -0.932    35.7954     3.3786     3.3149     3.3660     3.4615     3.2904     0.1188
1208.8934     3.2042     0.262    -0.932    35.5386     3.2042     3.3149     3.3660     3.4615     3.2904     0.1188
1208.9469     3.2759     0.267    -0.932    35.2831     3.2759     3.3149     3.3660     3.4615     3.2904     0.1188
1209.0002     3.4666     0.270    -0.932    35.0290     3.4666     3.3252     3.2147     3.1179     3.2904     0.1179
1209.0536     3.3689     0.264    -0.932    34.7763     3.3689     3.3252     3.2147     3.1179     3.2904     0.1179
1209.1071     3.5001     0.271    -0.932    34.5249     3.5001     3.3252     3.2147     3.1179     3.2904     0.1179
1209.1604     2.8046     0.241    -0.932    34.2754     2.8046     3.3252     3.2147     3.1179     3.2904     0.1179
1209.2137     3.4858     0.271    -0.932    34.0262     3.4858     3.3252     3.2147     3.1179     3.2904     0.1179
1209.2672     3.1603     0.260    -0.932    33.7788     3.1603     3.1042     3.2147     3.1179     3.2904     0.1142
1209.3206     3.1726     0.258    -0.932    33.5329     3.1726     3.1042     3.2147     3.1179     3.2904     0.1142
1209.3739     3.2995     0.264    -0.932    33.2882     3.2995     3.1042     3.2147     3.1179     3.2904     0.1142
1209.4272     2.9777     0.250    -0.932    33.0448     2.9777     3.1042     3.2147     3.1179     3.2904     0.1142
1209.4807     2.9111     0.244    -0.932    32.8028     2.9111     3.1042     3.2147     3.1179     3.2904     0.1142
1209.5341     2.8117     0.243    -0.932    32.5626     2.8117     2.9243     2.7276     3.1179     2.5450     0.1106
1209.5874     2.9460     0.246    -0.932    32.3233     2.9460     2.9243     2.7276     3.1179     2.5450     0.1106
1209.6407     3.1093     0.255    -0.932    32.0852     3.1093     2.9243     2.7276     3.1179     2.5450     0.1106
1209.6942     2.8669     0.246    -0.932    31.8484     2.8669     2.9243     2.7276     3.1179     2.5450     0.1106
1209.7476     2.8876     0.246    -0.932    31.6129     2.8876     2.9243     2.7276     3.1179     2.5450     0.1106
1209.8009     2.7393     0.236    -0.932    31.3787     2.7393     2.5309     2.7276     2.4186     2.5450     0.1020
1209.8544     2.3091     0.219    -0.932    31.1464     2.3091     2.5309     2.7276     2.4186     2.5450     0.1020
1209.9077     2.6053     0.231    -0.932    30.9148     2.6053     2.5309     2.7276     2.4186     2.5450     0.1020
1209.9611     2.4870     0.227    -0.932    30.6844     2.4870     2.5309     2.7276     2.4186     2.5450     0.1020
1210.0144     2.5136     0.227    -0.932    30.4554     2.5136     2.5309     2.7276     2.4186     2.5450     0.1020
1210.0677     2.3751     0.222    -0.932    30.2276     2.3751     2.5039     2.3625     2.4186     2.5450     0.1011
1210.1212     2.6613     0.233    -0.932    30.0011     2.6613     2.5039     2.3625     2.4186     2.5450     0.1011
1210.1746     2.5202     0.226    -0.932    29.7763     2.5202     2.5039     2.3625     2.4186     2.5450     0.1011
1210.2279     2.4201     0.223    -0.932    29.5523     2.4201     2.5039     2.3625     2.4186     2.5450     0.1011
1210.2812     2.5428     0.226    -0.932    29.3296     2.5428     2.5039     2.3625     2.4186     2.5450     0.1011
1210.3347     2.5834     0.231    -0.932    29.1081     2.5834     2.2210     2.3625     2.4186     2.5450     0.0952
1210.3881     2.3845     0.222    -0.932    28.8878     2.3845     2.2210     2.3625     2.4186     2.5450     0.0952
1210.4414     1.9581     0.199    -0.932    28.6693     1.9581     2.2210     2.3625     2.4186     2.5450     0.0952
1210.4948     2.1250     0.206    -0.932    28.4515     2.1250     2.2210     2.3625     2.4186     2.5450     0.0952
1210.5482     2.0540     0.205    -0.932    28.2350     2.0540     2.2210     2.3625     2.4186     2.5450     0.0952
1210.6017     2.2230     0.210    -0.932    28.0196     2.2230     2.2151     2.0463     1.9376     1.8030     0.0945
1210.6550     2.5564     0.228    -0.932    27.8055     2.5564     2.2151     2.0463     1.9376     1.8030     0.0945
1210.7084     2.3443     0.218    -0.932    27.5931     2.3443     2.2151     2.0463     1.9376     1.8030     0.0945
1210.7617     2.0149     0.204    -0.932    27.3814     2.0149     2.2151     2.0463     1.9376     1.8030     0.0945
1210.8152     1.9369     0.196    -0.932    27.1709     1.9369     2.2151     2.0463     1.9376     1.8030     0.0945
1210.8685     2.0384     0.203    -0.932    26.9617     2.0384     1.8775     2.0463     1.9376     1.8030     0.0872
1210.9219     1.8674     0.193    -0.932    26.7541     1.8674     1.8775     2.0463     1.9376     1.8030     0.0872
1210.9752     1.7654     0.189    -0.932    26.5472     1.7654     1.8775     2.0463     1.9376     1.8030     0.0872
1211.0286     1.6304     0.180    -0.932    26.3414     1.6304     1.8775     2.0463     1.9376     1.8030     0.0872
1211.0820     2.0859     0.208    -0.932    26.1369     2.0859     1.8775     2.0463     1.9376     1.8030     0.0872
1211.1354     1.8351     0.192    -0.932    25.9341     1.8351     1.7201     1.5598     1.9376     1.8030     0.0835
1211.1887     1.4750     0.174    -0.932    25.7319     1.4750     1.7201     1.5598     1.9376     1.8030     0.0835
1211.2421     1.7977     0.191    -0.932    25.5309     1.7977     1.7201     1.5598     1.9376     1.8030     0.0835
1211.2954     1.6295     0.183    -0.932    25.3311     1.6295     1.7201     1.5598     1.9376     1.8030     0.0835
1211.3488     1.8632     0.193    -0.932    25.1328     1.8632     1.7201     1.5598     1.9376     1.8030     0.0835
1211.4022     1.6254     0.182    -0.932    24.9353     1.6254     1.3995     1.5598     1.1716     1.8030     0.0758
1211.4556     1.3975     0.168    -0.932    24.7390     1.3975     1.3995     1.5598     1.1716     1.8030     0.0758
1211.5089     1.4491     0.173    -0.932    24.5437     1.4491     1.3995     1.5598     1.1716     1.8030     0.0758
1211.5623     1.2871     0.162    -0.932    24.3501     1.2871     1.3995     1.5598     1.1716     1.8030     0.0758
1211.6156     1.2382     0.161    -0.932    24.1572     1.2382     1.3995     1.5598     1.1716     1.8030     0.0758
1211.6689     1.3589     0.167    -0.932    23.9654     1.3589     1.1753     1.0577     1.1716     0.8325     0.0699
1211.7224     1.2491     0.163    -0.932    23.7747     1.2491     1.1753     1.0577     1.1716     0.8325     0.0699
1211.7758     1.1895     0.157    -0.932    23.5856     1.1895     1.1753     1.0577     1.1716     0.8325     0.0699
1211.8291     1.0441     0.147    -0.932    23.3972     1.0441     1.1753     1.0577     1.1716     0.8325     0.0699
1211.8824     1.0352     0.145    -0.932    23.2099     1.0352     1.1753     1.0577     1.1716     0.8325     0.0699
1211.9358     0.9431     0.140    -0.932    23.0237     0.9431     0.9401     1.0577     1.1716     0.8325     0.0621
1211.9891     1.1688     0.155    -0.932    22.8390     1.1688     0.9401     1.0577     1.1716     0.8325     0.0621
1212.0425     0.8414     0.131    -0.932    22.6551     0.8414     0.9401     1.0577     1.1716     0.8325     0.0621
1212.0959     0.9101     0.135    -0.932    22.4722     0.9101     0.9401     1.0577     1.1716     0.8325     0.0621
1212.1493     0.8370     0.132    -0.932    22.2908     0.8370     0.9401     1.0577     1.1716     0.8325     0.0621
1212.2026     0.9060     0.136    -0.932    22.1101     0.9060     0.7150     0.6074     0.5061     0.8325     0.0543
1212.2560     0.8387     0.132    -0.932    21.9305     0.8387     0.7150     0.6074     0.5061     0.8325     0.0543
1212.3093     0.5453     0.107    -0.932    21.7520     0.5453     0.7150     0.6074     0.5061     0.8325     0.0543
1212.3627     0.6915     0.119    -0.932    21.5749     0.6915     0.7150     0.6074     0.5061     0.8325     0.0543
1212.4160     0.5936     0.111    -0.932    21.3985     0.5936     0.7150     0.6074     0.5061     0.8325     0.0543
1212.4694     0.5254     0.106    -0.932    21.2232     0.5254     0.4998     0.6074     0.5061     0.8325     0.0459
1212.5228     0.4956     0.102    -0.932    21.0494     0.4956     0.4998     0.6074     0.5061     0.8325     0.0459
1212.5762     0.5104     0.105    -0.932    20.8762     0.5104     0.4998     0.6074     0.5061     0.8325     0.0459
1212.6295     0.5065     0.103    -0.932    20.7041     0.5065     0.4998     0.6074     0.5061     0.8325     0.0459
1212.6829     0.4610     0.098    -0.932    20.5334     0.4610     0.4998     0.6074     0.5061     0.8325     0.0459
1212.7362     0.4892     0.101    -0.932    20.3634     0.4892     0.3034     0.2376     0.5061     0.1388     0.0362
1212.7896     0.3316     0.084    -0.932    20.1944     0.3316     0.3034     0.2376     0.5061     0.1388     0.0362
1212.8429     0.2636     0.077    -0.932    20.0268     0.2636     0.3034     0.2376     0.5061     0.1388     0.0362
1212.8962     0.2204     0.071    -0.932    19.8599     0.2204     0.3034     0.2376     0.5061     0.1388     0.0362
1212.9496     0.2121     0.069    -0.932    19.6941     0.2121     0.3034     0.2376     0.5061     0.1388     0.0362
1213.0029     0.1267     0.056    -0.932    19.5296     0.1267     0.1719     0.2376     0.0839     0.1388     0.0280
1213.0564     0.1297     0.056    -0.932    19.3658     0.1297     0.1719     0.2376     0.0839     0.1388     0.0280
1213.1097     0.2105     0.067    -0.932    19.2029     0.2105     0.1719     0.2376     0.0839     0.1388     0.0280
1213.1631     0.1923     0.066    -0.932    19.0415     0.1923     0.1719     0.2376     0.0839     0.1388     0.0280
1213.2164     0.2000     0.066    -0.932    18.8807     0.2000     0.1719     0.2376     0.0839     0.1388     0.0280
1213.2698     0.0907     0.048    -0.932    18.7206     0.0907     0.0438     0.0399     0.0839     0.1388     0.0170
1213.3231     0.0308     0.034    -0.932    18.5622     0.0308     0.0438     0.0399     0.0839     0.1388     0.0170
1213.3765     0.0512     0.041    -0.932    18.4044     0.0512     0.0438     0.0399     0.0839     0.1388     0.0170
1213.4298     0.0631     0.042    -0.932    18.2476     0.0631     0.0438     0.0399     0.0839     0.1388     0.0170
1213.4832    -0.0169     0.017    -0.932    18.0922    -0.0169     0.0438     0.0399     0.0839     0.1388     0.0170
1213.5365     0.0197     0.031    -0.932    17.9373     0.0197     0.0361     0.0399     0.0839     0.1388     0.0160
1213.5898     0.0580     0.041    -0.932    17.7839     0.0580     0.0361     0.0399     0.0839     0.1388     0.0160
1213.6432     0.0267     0.034    -0.932    17.6310     0.0267     0.0361     0.0399     0.0839     0.1388     0.0160
1213.6965     0.0367     0.036    -0.932    17.4791     0.0367     0.0361     0.0399     0.0839     0.1388     0.0160
1213.7499     0.0394     0.037    -0.932    17.3286     0.0394     0.0361     0.0399     0.0839     0.1388     0.0160
1213.8032    -0.0032     0.023    -0.932    17.1786    -0.0032     0.0064     0.0222     0.0309     0.0512     0.0120
1213.8566    -0.0144     0.018    -0.932    17.0296    -0.0144     0.0064     0.0222     0.0309     0.0512     0.0120
1213.9099     0.0317     0.034    -0.932    16.8819     0.0317     0.0064     0.0222     0.0309     0.0512     0.0120
1213.9633     0.0108     0.029    -0.932    16.7348     0.0108     0.0064     0.0222     0.0309     0.0512     0.0120
1214.0167     0.0073     0.027    -0.932    16.5890     0.0073     0.0064     0.0222     0.0309     0.0512     0.0120
1214.0701     0.0417     0.037    -0.932    16.4438     0.0417     0.0380     0.0222     0.0309     0.0512     0.0163
1214.1234     0.0510     0.040    -0.932    16.2996     0.0510     0.0380     0.0222     0.0309     0.0512     0.0163
1214.1768     0.0399     0.037    -0.932    16.1566     0.0399     0.0380     0.0222     0.0309     0.0512     0.0163
1214.2301    -0.0092     0.020    -0.932    16.0142    -0.0092     0.0380     0.0222     0.0309     0.0512     0.0163
1214.2834     0.0667     0.044    -0.932    15.8731     0.0667     0.0380     0.0222     0.0309     0.0512     0.0163
1214.3368     0.0417     0.037    -0.932    15.7326     0.0417     0.0482     0.0802     0.0309     0.0512     0.0173
1214.3901     0.0511     0.040    -0.932    15.5930     0.0511     0.0482     0.0802     0.0309     0.0512     0.0173
1214.4435     0.0220     0.031    -0.932    15.4546     0.0220     0.0482     0.0802     0.0309     0.0512     0.0173
1214.4968     0.0737     0.045    -0.932    15.3168     0.0737     0.0482     0.0802     0.0309     0.0512     0.0173
1214.5502     0.0526     0.039    -0.932    15.1803     0.0526     0.0482     0.0802     0.0309     0.0512     0.0173
1214.6035     0.1123     0.052    -0.932    15.0443     0.1123     0.1121     0.0802    -0.0340     0.0512     0.0234
1214.6570     0.0050     0.026    -0.932    14.9095     0.0050     0.1121     0.0802    -0.0340     0.0512     0.0234
1214.7103     0.1177     0.053    -0.932    14.7754     0.1177     0.1121     0.0802    -0.0340     0.0512     0.0234
1214.7637     0.1225     0.054    -0.932    14.6421     0.1225     0.1121     0.0802    -0.0340     0.0512     0.0234
1214.8170     0.2030     0.067    -0.932    14.5100     0.2030     0.1121     0.0802    -0.0340     0.0512     0.0234
1214.8704     0.2059     0.073    -0.932    14.3785     0.2059    -0.0046    -0.1071    -0.0340     0.1029     0.0358
1214.9237     0.0968     0.085    -0.932    14.2482     0.0968    -0.0046    -0.1071    -0.0340     0.1029     0.0358
1214.9771     0.0527     0.083    -0.932    14.1184     0.0527    -0.0046    -0.1071    -0.0340     0.1029     0.0358
1215.0304    -0.2751     0.068    -0.932    13.9899    -0.2751    -0.0046    -0.1071    -0.0340     0.1029     0.0358
1215.0837    -0.1036     0.089    -0.932    13.8619    -0.1036    -0.0046    -0.1071    -0.0340     0.1029     0.0358
1215.1371     0.0819     0.111    -0.932    13.7350     0.0819    -0.2096    -0.1071    -0.0340     0.1029     0.0618
1215.1904    -0.2076     0.113    -0.932    13.6087    -0.2076    -0.2096    -0.1071    -0.0340     0.1029     0.0618
1215.2437    -0.1268     0.121    -0.932    13.4833    -0.1268    -0.2096    -0.1071    -0.0340     0.1029     0.0618
1215.2970    -0.3295     0.147    -0.932    13.3590    -0.3295    -0.2096    -0.1071    -0.0340     0.1029     0.0618
1215.3503    -0.4660     0.186    -0.932    13.2353    -0.4660    -0.2096    -0.1071    -0.0340     0.1029     0.0618
1215.4037    -0.2396     0.294    -0.932    13.1127    -0.2396     0.3272     0.3128     0.1594     0.1029     0.2128
1215.4570     0.8138     0.425    -0.932    12.9907     0.8138     0.3272     0.3128     0.1594     0.1029     0.2128
1215.5104     0.6561     0.515    -0.932    12.8698     0.6561     0.3272     0.3128     0.1594     0.1029     0.2128
1215.5637     0.1915     0.546    -0.932    12.7494     0.1915     0.3272     0.3128     0.1594     0.1029     0.2128
1215.6171     0.2140     0.550    -0.932    12.6302     0.2140     0.3272     0.3128     0.1594     0.1029     0.2128
1215.6704     0.9644     0.549    -0.932    12.5115     0.9644     0.2985     0.3128     0.1594     0.1029     0.1928
1215.7238     0.6507     0.525    -0.932    12.3939     0.6507     0.2985     0.3128     0.1594     0.1029     0.1928
1215.7771     0.3708     0.441    -0.932    12.2768     0.3708     0.2985     0.3128     0.1594     0.1029     0.1928
1215.8304    -0.3600     0.328    -0.932    12.1609    -0.3600     0.2985     0.3128     0.1594     0.1029     0.1928
1215.8838    -0.1335     0.223    -0.932    12.0454    -0.1335     0.2985     0.3128     0.1594     0.1029     0.1928
1215.9371     0.0983     0.171    -0.932    11.9311     0.0983    -0.1476     0.0156     0.1594     0.0573     0.0569
1215.9905    -0.1587     0.132    -0.932    11.8173    -0.1587    -0.1476     0.0156     0.1594     0.0573     0.0569
1216.0438    -0.1802     0.114    -0.932    11.7045    -0.1802    -0.1476     0.0156     0.1594     0.0573     0.0569
1216.0972    -0.2275     0.114    -0.932    11.5923    -0.2275    -0.1476     0.0156     0.1594     0.0573     0.0569
1216.1504    -0.2699     0.091    -0.932    11.4812    -0.2699    -0.1476     0.0156     0.1594     0.0573     0.0569
1216.2037    -0.0104     0.074    -0.932    11.3705    -0.0104     0.1788     0.0156     0.1256     0.0573     0.0312
1216.2571     0.2922     0.078    -0.932    11.2609     0.2922     0.1788     0.0156     0.1256     0.0573     0.0312
1216.3104     0.3013     0.077    -0.932    11.1519     0.3013     0.1788     0.0156     0.1256     0.0573     0.0312
1216.3638     0.1651     0.060    -0.932    11.0438     0.1651     0.1788     0.0156     0.1256     0.0573     0.0312
1216.4171     0.1458     0.056    -0.932    10.9363     0.1458     0.1788     0.0156     0.1256     0.0573     0.0312
1216.4705     0.1295     0.054    -0.932    10.8298     0.1295     0.1426     0.0990     0.1256     0.0573     0.0253
1216.5238     0.1922     0.064    -0.932    10.7239     0.1922     0.1426     0.0990     0.1256     0.0573     0.0253
1216.5771     0.1529     0.058    -0.932    10.6189     0.1529     0.1426     0.0990     0.1256     0.0573     0.0253
1216.6305     0.2068     0.066    -0.932    10.5145     0.2068     0.1426     0.0990     0.1256     0.0573     0.0253
1216.6837     0.0312     0.034    -0.932    10.4110     0.0312     0.1426     0.0990     0.1256     0.0573     0.0253
1216.7371     0.0521     0.038    -0.932    10.3081     0.0521     0.0554     0.0990     0.1256     0.0573     0.0176
1216.7904     0.0196     0.030    -0.932    10.2061     0.0196     0.0554     0.0990     0.1256     0.0573     0.0176
1216.8438     0.0758     0.044    -0.932    10.1049     0.0758     0.0554     0.0990     0.1256     0.0573     0.0176
1216.8971     0.0593     0.040    -0.932    10.0042     0.0593     0.0554     0.0990     0.1256     0.0573     0.0176
1216.9504     0.0701     0.043    -0.932     9.9045     0.0701     0.0554     0.0990     0.1256     0.0573     0.0176
1217.0038     0.0477     0.037    -0.932     9.8053     0.0477     0.0346     0.0287     0.0309     0.0283     0.0152
1217.0571     0.0382     0.034    -0.932     9.7070     0.0382     0.0346     0.0287     0.0309     0.0283     0.0152
1217.1105     0.0350     0.034    -0.932     9.6093     0.0350     0.0346     0.0287     0.0309     0.0283     0.0152
1217.1637     0.0227     0.031    -0.932     9.5124     0.0227     0.0346     0.0287     0.0309     0.0283     0.0152
1217.2170     0.0292     0.033    -0.932     9.4161     0.0292     0.0346     0.0287     0.0309     0.0283     0.0152
1217.2704     0.0111     0.026    -0.932     9.3207     0.0111     0.0228     0.0287     0.0309     0.0283     0.0135
1217.3237     0.0088     0.026    -0.932     9.2259     0.0088     0.0228     0.0287     0.0309     0.0283     0.0135
1217.3771     0.0357     0.034    -0.932     9.1317     0.0357     0.0228     0.0287     0.0309     0.0283     0.0135
1217.4304     0.0209     0.029    -0.932     9.0384     0.0209     0.0228     0.0287     0.0309     0.0283     0.0135
1217.4838     0.0372     0.034    -0.932     8.9457     0.0372     0.0228     0.0287     0.0309     0.0283     0.0135
1217.5370     0.0674     0.042    -0.932     8.8538     0.0674     0.0355     0.0280     0.0309     0.0283     0.0152
1217.5903     0.0203     0.029    -0.932     8.7625     0.0203     0.0355     0.0280     0.0309     0.0283     0.0152
1217.6437     0.0694     0.042    -0.932     8.6720     0.0694     0.0355     0.0280     0.0309     0.0283     0.0152
1217.6970     0.0165     0.028    -0.932     8.5822     0.0165     0.0355     0.0280     0.0309     0.0283     0.0152
1217.7504     0.0037     0.024    -0.932     8.4929     0.0037     0.0355     0.0280     0.0309     0.0283     0.0152
1217.8037     0.0150     0.028    -0.932     8.4045     0.0150     0.0205     0.0280     0.1021     0.0283     0.0131
1217.8569    -0.0047     0.020    -0.932     8.3166    -0.0047     0.0205     0.0280     0.1021     0.0283     0.0131
1217.9103    -0.0015     0.021    -0.931     8.2296    -0.0015     0.0205     0.0280     0.1021     0.0283     0.0131
1217.9636     0.0220     0.029    -0.925     8.1432     0.0220     0.0205     0.0280     0.1021     0.0283     0.0131
1218.0170     0.0718     0.042    -0.898     8.0573     0.0718     0.0205     0.0280     0.1021     0.0283     0.0131
1218.0703     0.0438     0.035    -0.842     7.9722     0.0438     0.0793     0.1429     0.1021     0.2594     0.0194
1218.1235     0.0479     0.037    -0.770     7.8876     0.0479     0.0793     0.1429     0.1021     0.2594     0.0194
1218.1769     0.1616     0.058    -0.695     7.8039     0.1616     0.0793     0.1429     0.1021     0.2594     0.0194
1218.2302     0.0970     0.047    -0.621     7.7208     0.0970     0.0793     0.1429     0.1021     0.2594     0.0194
1218.2836     0.0460     0.035    -0.548     7.6382     0.0460     0.0793     0.1429     0.1021     0.2594     0.0194
1218.3369     0.2544     0.072    -0.476     7.5564     0.2544     0.2065     0.1429     0.1021     0.2594     0.0290
1218.3901     0.0718     0.042    -0.404     7.4753     0.0718     0.2065     0.1429     0.1021     0.2594     0.0290
1218.4435     0.2712     0.073    -0.333     7.3946     0.2712     0.2065     0.1429     0.1021     0.2594     0.0290
1218.4968     0.1991     0.064    -0.263     7.3147     0.1991     0.2065     0.1429     0.1021     0.2594     0.0290
1218.5502     0.2357     0.068    -0.194     7.2353     0.2357     0.2065     0.1429     0.1021     0.2594     0.0290
1218.6035     0.2135     0.065    -0.126     7.1567     0.2135     0.3162     0.3759     0.4576     0.2594     0.0348
1218.6567     0.2227     0.067    -0.058     7.0788     0.2227     0.3162     0.3759     0.4576     0.2594     0.0348
1218.7102     0.3969     0.086     0.009     7.0013     0.3969     0.3162     0.3759     0.4576     0.2594     0.0348
1218.7635     0.4170     0.089     0.075     6.9245     0.4170     0.3162     0.3759     0.4576     0.2594     0.0348
1218.8169     0.3307     0.080     0.141     6.8484     0.3307     0.3162     0.3759     0.4576     0.2594     0.0348
1218.8702     0.4448     0.092     0.205     6.7728     0.4448     0.4356     0.3759     0.4576     0.2594     0.0404
1218.9235     0.4568     0.092     0.269     6.6979     0.4568     0.4356     0.3759     0.4576     0.2594     0.0404
1218.9768     0.4390     0.090     0.333     6.6236     0.4390     0.4356     0.3759     0.4576     0.2594     0.0404
1219.0302     0.3682     0.083     0.395     6.5498     0.3682     0.4356     0.3759     0.4576     0.2594     0.0404
1219.0835     0.4693     0.093     0.457     6.4768     0.4693     0.4356     0.3759     0.4576     0.2594     0.0404
1219.1367     0.5301     0.099     0.518     6.4043     0.5301     0.6210     0.7370     0.4576     1.0389     0.0478
1219.1901     0.6132     0.107     0.578     6.3323     0.6132     0.6210     0.7370     0.4576     1.0389     0.0478
1219.2434     0.6926     0.113     0.638     6.2610     0.6926     0.6210     0.7370     0.4576     1.0389     0.0478
1219.2968     0.5423     0.101     0.697     6.1903     0.5423     0.6210     0.7370     0.4576     1.0389     0.0478
1219.3500     0.7268     0.115     0.755     6.1200     0.7268     0.6210     0.7370     0.4576     1.0389     0.0478
1219.4033     0.8823     0.127     0.813     6.0505     0.8823     0.8530     0.7370     1.1782     1.0389     0.0558
1219.4567     0.7553     0.117     0.870     5.9816     0.7553     0.8530     0.7370     1.1782     1.0389     0.0558
1219.5100     0.8705     0.128     0.926     5.9131     0.8705     0.8530     0.7370     1.1782     1.0389     0.0558
1219.5632     0.9720     0.133     0.982     5.8453     0.9720     0.8530     0.7370     1.1782     1.0389     0.0558
1219.6166     0.7847     0.119     1.037     5.7780     0.7847     0.8530     0.7370     1.1782     1.0389     0.0558
1219.6699     1.1188     0.143     1.091     5.7114     1.1188     1.2635     1.3408     1.1782     1.0389     0.0678
1219.7233     1.2745     0.153     1.145     5.6452     1.2745     1.2635     1.3408     1.1782     1.0389     0.0678
1219.7765     1.1574     0.144     1.198     5.5796     1.1574     1.2635     1.3408     1.1782     1.0389     0.0678
1219.8298     1.2037     0.149     1.251     5.5146     1.2037     1.2635     1.3408     1.1782     1.0389     0.0678
1219.8832     1.5631     0.169     1.302     5.4501     1.5631     1.2635     1.3408     1.1782     1.0389     0.0678
1219.9364     1.4365     0.159     1.354     5.3862     1.4365     1.4181     1.3408     1.1782     1.0389     0.0708
1219.9897     1.5063     0.163     1.404     5.3229     1.5063     1.4181     1.3408     1.1782     1.0389     0.0708
1220.0431     1.2899     0.151     1.454     5.2600     1.2899     1.4181     1.3408     1.1782     1.0389     0.0708
1220.0964     1.3570     0.156     1.504     5.1977     1.3570     1.4181     1.3408     1.1782     1.0389     0.0708
1220.1497     1.5006     0.163     1.552     5.1361     1.5006     1.4181     1.3408     1.1782     1.0389     0.0708
1220.2030     1.3845     0.158     1.600     5.0749     1.3845     1.6794     1.8272     1.9243     2.0428     0.0770
1220.2563     1.6429     0.171     1.648     5.0141     1.6429     1.6794     1.8272     1.9243     2.0428     0.0770
1220.3096     1.6307     0.171     1.695     4.9540     1.6307     1.6794     1.8272     1.9243     2.0428     0.0770
1220.3629     1.8349     0.177     1.741     4.8945     1.8349     1.6794     1.8272     1.9243     2.0428     0.0770
1220.4163     1.9041     0.183     1.787     4.8354     1.9041     1.6794     1.8272     1.9243     2.0428     0.0770
1220.4695     1.8208     0.177     1.833     4.7768     1.8208     1.9750     1.8272     1.9243     2.0428     0.0833
1220.5228     1.9167     0.183     1.877     4.7188     1.9167     1.9750     1.8272     1.9243     2.0428     0.0833
1220.5762     2.1833     0.198     1.922     4.6613     2.1833     1.9750     1.8272     1.9243     2.0428     0.0833
1220.6294     1.9455     0.187     1.965     4.6042     1.9455     1.9750     1.8272     1.9243     2.0428     0.0833
1220.6827     2.0087     0.185     2.008     4.5477     2.0087     1.9750     1.8272     1.9243     2.0428     0.0833
1220.7361     1.9586     0.184     2.051     4.4917     1.9586     2.1185     2.2584     1.9243     2.0428     0.0859
1220.7894     2.0883     0.191     2.093     4.4363     2.0883     2.1185     2.2584     1.9243     2.0428     0.0859
1220.8427     1.9747     0.186     2.134     4.3813     1.9747     2.1185     2.2584     1.9243     2.0428     0.0859
1220.8960     2.1814     0.195     2.175     4.3267     2.1814     2.1185     2.2584     1.9243     2.0428     0.0859
1220.9493     2.3895     0.205     2.216     4.2727     2.3895     2.1185     2.2584     1.9243     2.0428     0.0859
1221.0026     2.0418     0.190     2.255     4.2193     2.0418     2.3983     2.2584     2.4962     2.0428     0.0916
1221.0559     2.5263     0.208     2.295     4.1663     2.5263     2.3983     2.2584     2.4962     2.0428     0.0916
1221.1091     2.7045     0.219     2.334     4.1136     2.7045     2.3983     2.2584     2.4962     2.0428     0.0916
1221.1625     2.5159     0.209     2.372     4.0616     2.5159     2.3983     2.2584     2.4962     2.0428     0.0916
1221.2158     2.2027     0.196     2.410     4.0101     2.2027     2.3983     2.2584     2.4962     2.0428     0.0916
1221.2690     2.2505     0.196     2.447     3.9590     2.2505     2.4378     2.5451     2.4962     2.7383     0.0920
1221.3224     2.4292     0.207     2.484     3.9083     2.4292     2.4378     2.5451     2.4962     2.7383     0.0920
1221.3757     2.1701     0.194     2.521     3.8581     2.1701     2.4378     2.5451     2.4962     2.7383     0.0920
1221.4290     2.6062     0.213     2.557     3.8084     2.6062     2.4378     2.5451     2.4962     2.7383     0.0920
1221.4823     2.7332     0.218     2.592     3.7592     2.7332     2.4378     2.5451     2.4962     2.7383     0.0920
1221.5356     2.4434     0.209     2.627     3.7105     2.4434     2.6524     2.5451     2.4962     2.7383     0.0961
1221.5889     2.2630     0.198     2.662     3.6621     2.2630     2.6524     2.5451     2.4962     2.7383     0.0961
1221.6422     2.9866     0.228     2.696     3.6143     2.9866     2.6524     2.5451     2.4962     2.7383     0.0961
1221.6954     2.8498     0.220     2.730     3.5670     2.8498     2.6524     2.5451     2.4962     2.7383     0.0961
1221.7488     2.7193     0.218     2.763     3.5200     2.7193     2.6524     2.5451     2.4962     2.7383     0.0961
1221.8021     2.5630     0.212     2.796     3.4736     2.5630     2.9689     2.9314     3.0212     2.7383     0.1017
1221.8553     2.8734     0.224     2.828     3.4275     2.8734     2.9689     2.9314     3.0212     2.7383     0.1017
1221.9087     2.8356     0.221     2.860     3.3819     2.8356     2.9689     2.9314     3.0212     2.7383     0.1017
1221.9620     3.4307     0.248     2.891     3.3368     3.4307     2.9689     2.9314     3.0212     2.7383     0.1017
1222.0153     3.1420     0.231     2.922     3.2921     3.1420     2.9689     2.9314     3.0212     2.7383     0.1017
1222.0686     2.9413     0.228     2.953     3.2478     2.9413     2.8938     2.9314     3.0212     2.7383     0.0998
1222.1218     2.6792     0.214     2.983     3.2040     2.6792     2.8938     2.9314     3.0212     2.7383     0.0998
1222.1752     2.6173     0.212     3.013     3.1605     2.6173     2.8938     2.9314     3.0212     2.7383     0.0998
1222.2285     2.9273     0.225     3.042     3.1175     2.9273     2.8938     2.9314     3.0212     2.7383     0.0998
1222.2817     3.3041     0.236     3.071     3.0750     3.3041     2.8938     2.9314     3.0212     2.7383     0.0998
1222.3351     3.3165     0.238     3.100     3.0329     3.3165     3.2007     3.2599     3.0212     3.4177     0.1047
1222.3883     3.3768     0.241     3.128     2.9912     3.3768     3.2007     3.2599     3.0212     3.4177     0.1047
1222.4417     3.3546     0.238     3.156     2.9499     3.3546     3.2007     3.2599     3.0212     3.4177     0.1047
1222.4949     2.9444     0.226     3.183     2.9089     2.9444     3.2007     3.2599     3.0212     3.4177     0.1047
1222.5482     3.0114     0.227     3.210     2.8684     3.0114     3.2007     3.2599     3.0212     3.4177     0.1047
1222.6016     3.4682     0.241     3.237     2.8284     3.4682     3.3190     3.2599     3.4900     3.4177     0.1061
1222.6548     3.5758     0.248     3.263     2.7887     3.5758     3.3190     3.2599     3.4900     3.4177     0.1061
1222.7081     3.4579     0.243     3.289     2.7495     3.4579     3.3190     3.2599     3.4900     3.4177     0.1061
1222.7615     3.3494     0.237     3.315     2.7106     3.3494     3.3190     3.2599     3.4900     3.4177     0.1061
1222.8148     2.7436     0.216     3.340     2.6721     2.7436     3.3190     3.2599     3.4900     3.4177     0.1061
1222.8680     3.1829     0.230     3.365     2.6340     3.1829     3.4195     3.5755     3.4900     3.4177     0.1070
1222.9214     3.2554     0.234     3.389     2.5963     3.2554     3.4195     3.5755     3.4900     3.4177     0.1070
1222.9747     3.1730     0.230     3.414     2.5590     3.1730     3.4195     3.5755     3.4900     3.4177     0.1070
1223.0280     3.5631     0.245     3.437     2.5221     3.5631     3.4195     3.5755     3.4900     3.4177     0.1070
1223.0813     3.9228     0.256     3.461     2.4856     3.9228     3.4195     3.5755     3.4900     3.4177     0.1070
1223.1345     3.7532     0.252     3.484     2.4495     3.7532     3.7316     3.5755     3.4900     3.4177     0.1122
1223.1879     3.7624     0.251     3.507     2.4138     3.7624     3.7316     3.5755     3.4900     3.4177     0.1122
1223.2411     3.7103     0.249     3.529     2.3784     3.7103     3.7316     3.5755     3.4900     3.4177     0.1122
1223.2944     3.6672     0.250     3.551     2.3433     3.6672     3.7316     3.5755     3.4900     3.4177     0.1122
1223.3477     3.7649     0.253     3.573     2.3087     3.7649     3.7316     3.5755     3.4900     3.4177     0.1122
1223.4010     3.8138     0.254     3.595     2.2744     3.8138     3.4770     3.2592     3.3132     3.4243     0.1085
1223.4542     3.6472     0.253     3.616     2.2405     3.6472     3.4770     3.2592     3.3132     3.4243     0.1085
1223.5076     3.4900     0.244     3.637     2.2070     3.4900     3.4770     3.2592     3.3132     3.4243     0.1085
1223.5609     3.1238     0.226     3.657     2.1738     3.1238     3.4770     3.2592     3.3132     3.4243     0.1085
1223.6141     3.3101     0.236     3.678     2.1410     3.3101     3.4770     3.2592     3.3132     3.4243     0.1085
1223.6675     3.3192     0.235     3.698     2.1085     3.3192     3.0415     3.2592     3.3132     3.4243     0.1013
1223.7207     3.2101     0.233     3.717     2.0764     3.2101     3.0415     3.2592     3.3132     3.4243     0.1013
1223.7740     2.8612     0.221     3.737     2.0447     2.8612     3.0415     3.2592     3.3132     3.4243     0.1013
1223.8273     3.0361     0.226     3.756     2.0132     3.0361     3.0415     3.2592     3.3132     3.4243     0.1013
1223.8806     2.7808     0.217     3.775     1.9821     2.7808     3.0415     3.2592     3.3132     3.4243     0.1013
1223.9338     2.8469     0.218     3.793     1.9514     2.8469     3.4213     3.5893     3.3132     3.4243     0.1068
1223.9872     3.3459     0.234     3.811     1.9210     3.3459     3.4213     3.5893     3.3132     3.4243     0.1068
1224.0404     3.2829     0.238     3.829     1.8910     3.2829     3.4213     3.5893     3.3132     3.4243     0.1068
1224.0938     3.8805     0.252     3.847     1.8613     3.8805     3.4213     3.5893     3.3132     3.4243     0.1068
1224.1470     3.7500     0.250     3.865     1.8319     3.7500     3.4213     3.5893     3.3132     3.4243     0.1068
1224.2003     4.0810     0.264     3.882     1.8029     4.0810     3.7573     3.5893     3.7843     3.4243     0.1124
1224.2535     3.6110     0.245     3.899     1.7742     3.6110     3.7573     3.5893     3.7843     3.4243     0.1124
1224.3069     3.6257     0.245     3.916     1.7458     3.6257     3.7573     3.5893     3.7843     3.4243     0.1124
1224.3601     3.6965     0.251     3.932     1.7178     3.6965     3.7573     3.5893     3.7843     3.4243     0.1124
1224.4135     3.7723     0.251     3.948     1.6900     3.7723     3.7573     3.5893     3.7843     3.4243     0.1124
1224.4667     3.9264     0.255     3.964     1.6626     3.9264     3.7846     3.7978     3.7843     3.8948     0.1121
1224.5199     4.0487     0.262     3.980     1.6355     4.0487     3.7846     3.7978     3.7843     3.8948     0.1121
1224.5732     3.7473     0.250     3.995     1.6087     3.7473     3.7846     3.7978     3.7843     3.8948     0.1121
1224.6265     3.6698     0.247     4.011     1.5823     3.6698     3.7846     3.7978     3.7843     3.8948     0.1121
1224.6798     3.5308     0.240     4.026     1.5561     3.5308     3.7846     3.7978     3.7843     3.8948     0.1121
1224.7330     3.6673     0.248     4.040     1.5303     3.6673     3.8110     3.7978     3.7843     3.8948     0.1120
1224.7864     3.6256     0.243     4.055     1.5047     3.6256     3.8110     3.7978     3.7843     3.8948     0.1120
1224.8396     3.5849     0.243     4.069     1.4794     3.5849     3.8110     3.7978     3.7843     3.8948     0.1120
1224.8929     3.6559     0.245     4.084     1.4545     3.6559     3.8110     3.7978     3.7843     3.8948     0.1120
1224.9462     4.5211     0.272     4.097     1.4298     4.5211     3.8110     3.7978     3.7843     3.8948     0.1120
1224.9995     4.2545     0.263     4.111     1.4055     4.2545     4.1038     3.9918     3.4702     3.8948     0.1157
1225.0527     4.1525     0.262     4.125     1.3814     4.1525     4.1038     3.9918     3.4702     3.8948     0.1157
1225.1060     4.1472     0.258     4.138     1.3577     4.1472     4.1038     3.9918     3.4702     3.8948     0.1157
1225.1593     3.8738     0.253     4.151     1.3342     3.8738     4.1038     3.9918     3.4702     3.8948     0.1157
1225.2125     4.0908     0.258     4.164     1.3110     4.0908     4.1038     3.9918     3.4702     3.8948     0.1157
1225.2659     4.3637     0.270     4.177     1.2881     4.3637     3.8799     3.9918     3.4702     3.8948     0.1131
1225.3191     4.0140     0.256     4.189     1.2655     4.0140     3.8799     3.9918     3.4702     3.8948     0.1131
1225.3724     3.8959     0.253     4.201     1.2432     3.8959     3.8799     3.9918     3.4702     3.8948     0.1131
1225.4257     3.6649     0.244     4.214     1.2211     3.6649     3.8799     3.9918     3.4702     3.8948     0.1131
1225.4790     3.4610     0.240     4.225     1.1993     3.4610     3.8799     3.9918     3.4702     3.8948     0.1131
1225.5322     2.9265     0.217     4.237     1.1778     2.9265     2.4268     3.0823     3.4702     3.6764     0.0892
1225.5854     2.5211     0.205     4.249     1.1566     2.5211     2.4268     3.0823     3.4702     3.6764     0.0892
1225.6388     2.1672     0.190     4.260     1.1356     2.1672     2.4268     3.0823     3.4702     3.6764     0.0892
1225.6920     1.8912     0.177     4.271     1.1149     1.8912     2.4268     3.0823     3.4702     3.6764     0.0892
1225.7454     2.6282     0.206     4.282     1.0945     2.6282     2.4268     3.0823     3.4702     3.6764     0.0892
1225.7986     2.9800     0.219     4.293     1.0743     2.9800     3.7378     3.0823     4.0929     3.6764     0.1101
1225.8518     3.2492     0.227     4.304     1.0544     3.2492     3.7378     3.0823     4.0929     3.6764     0.1101
1225.9052     3.8459     0.248     4.315     1.0348     3.8459     3.7378     3.0823     4.0929     3.6764     0.1101
1225.9584     3.9350     0.254     4.325     1.0154     3.9350     3.7378     3.0823     4.0929     3.6764     0.1101
1226.0117     4.6787     0.278     4.335     0.9963     4.6787     3.7378     3.0823     4.0929     3.6764     0.1101
1226.0649     3.8155     0.250     4.345     0.9774     3.8155     4.1619     4.2705     4.0929     3.6764     0.1165
1226.1182     4.3334     0.268     4.355     0.9588     4.3334     4.1619     4.2705     4.0929     3.6764     0.1165
1226.1715     4.2852     0.264     4.365     0.9404     4.2852     4.1619     4.2705     4.0929     3.6764     0.1165
1226.2247     4.3186     0.264     4.375     0.9222     4.3186     4.1619     4.2705     4.0929     3.6764     0.1165
1226.2781     4.0566     0.256     4.384     0.9043     4.0566     4.1619     4.2705     4.0929     3.6764     0.1165
1226.3313     4.0635     0.258     4.394     0.8867     4.0635     4.3791     4.2705     4.0929     3.6764     0.1200
1226.3845     4.6537     0.274     4.403     0.8693     4.6537     4.3791     4.2705     4.0929     3.6764     0.1200
1226.4379     4.5890     0.278     4.412     0.8521     4.5890     4.3791     4.2705     4.0929     3.6764     0.1200
1226.4911     4.3892     0.270     4.421     0.8352     4.3892     4.3791     4.2705     4.0929     3.6764     0.1200
1226.5443     4.2002     0.261     4.430     0.8185     4.2002     4.3791     4.2705     4.0929     3.6764     0.1200
1226.5977     4.1539     0.259     4.438     0.8020     4.1539     4.2308     4.3058     4.3563     4.4349     0.1170
1226.6509     4.0311     0.256     4.447     0.7857     4.0311     4.2308     4.3058     4.3563     4.4349     0.1170
1226.7041     4.5148     0.269     4.455     0.7697     4.5148     4.2308     4.3058     4.3563     4.4349     0.1170
1226.7574     4.2914     0.264     4.463     0.7539     4.2914     4.2308     4.3058     4.3563     4.4349     0.1170
1226.8108     4.1626     0.259     4.472     0.7384     4.1626     4.2308     4.3058     4.3563     4.4349     0.1170
1226.8640     4.2865     0.263     4.480     0.7230     4.2865     4.3808     4.3058     4.3563     4.4349     0.1190
1226.9174     4.2460     0.260     4.488     0.7079     4.2460     4.3808     4.3058     4.3563     4.4349     0.1190
1226.9706     4.3373     0.266     4.495     0.6930     4.3373     4.3808     4.3058     4.3563     4.4349     0.1190
1227.0239     4.4103     0.266     4.503     0.6783     4.4103     4.3808     4.3058     4.3563     4.4349     0.1190
1227.0771     4.6240     0.276     4.511     0.6639     4.6240     4.3808     4.3058     4.3563     4.4349     0.1190
1227.1304     4.3289     0.264     4.518     0.6496     4.3289     4.4574     4.5641     4.3563     4.4349     0.1184
1227.1837     4.5490     0.266     4.526     0.6356     4.5490     4.4574     4.5641     4.3563     4.4349     0.1184
1227.2369     5.1837     0.286     4.533     0.6217     5.1837     4.4574     4.5641     4.3563     4.4349     0.1184
1227.2902     4.5284     0.266     4.540     0.6081     4.5284     4.4574     4.5641     4.3563     4.4349     0.1184
1227.3435     3.6970     0.240     4.547     0.5946     3.6970     4.4574     4.5641     4.3563     4.4349     0.1184
1227.3967     4.4038     0.265     4.554     0.5814     4.4038     4.6708     4.5641     4.6080     4.4349     0.1219
1227.4500     4.7893     0.280     4.561     0.5684     4.7893     4.6708     4.5641     4.6080     4.4349     0.1219
1227.5032     4.9760     0.281     4.568     0.5556     4.9760     4.6708     4.5641     4.6080     4.4349     0.1219
1227.5565     4.3988     0.263     4.574     0.5430     4.3988     4.6708     4.5641     4.6080     4.4349     0.1219
1227.6097     4.7861     0.273     4.581     0.5305     4.7861     4.6708     4.5641     4.6080     4.4349     0.1219
1227.6630     4.6431     0.271     4.588     0.5183     4.6431     4.3487     4.5766     4.6080     4.6093     0.1174
1227.7163     4.1033     0.252     4.594     0.5062     4.1033     4.3487     4.5766     4.6080     4.6093     0.1174
1227.7695     4.2577     0.261     4.600     0.4944     4.2577     4.3487     4.5766     4.6080     4.6093     0.1174
1227.8228     4.2598     0.263     4.607     0.4827     4.2598     4.3487     4.5766     4.6080     4.6093     0.1174
1227.8761     4.4797     0.264     4.613     0.4712     4.4797     4.3487     4.5766     4.6080     4.6093     0.1174
1227.9293     4.9771     0.278     4.619     0.4599     4.9771     4.8045     4.5766     4.6080     4.6093     0.1222
1227.9825     4.8700     0.276     4.625     0.4488     4.8700     4.8045     4.5766     4.6080     4.6093     0.1222
1228.0358     4.9318     0.276     4.631     0.4379     4.9318     4.8045     4.5766     4.6080     4.6093     0.1222
1228.0891     4.6808     0.268     4.637     0.4271     4.6808     4.8045     4.5766     4.6080     4.6093     0.1222
1228.1423     4.5630     0.268     4.642     0.4165     4.5630     4.8045     4.5766     4.6080     4.6093     0.1222
1228.1956     4.6445     0.270     4.648     0.4061     4.6445     4.6112     4.6419     4.6993     4.6093     0.1205
1228.2489     4.5254     0.267     4.654     0.3959     4.5254     4.6112     4.6419     4.6993     4.6093     0.1205
1228.3021     4.5540     0.266     4.659     0.3858     4.5540     4.6112     4.6419     4.6993     4.6093     0.1205
1228.3553     4.9466     0.282     4.665     0.3759     4.9466     4.6112     4.6419     4.6993     4.6093     0.1205
1228.4086     4.3858     0.262     4.670     0.3662     4.3858     4.6112     4.6419     4.6993     4.6093     0.1205
1228.4619     5.0817     0.281     4.676     0.3567     5.0817     4.6726     4.6419     4.6993     4.6093     0.1211
1228.5151     4.7344     0.271     4.681     0.3473     4.7344     4.6726     4.6419     4.6993     4.6093     0.1211
1228.5684     4.3489     0.261     4.686     0.3381     4.3489     4.6726     4.6419     4.6993     4.6093     0.1211
1228.6216     4.8049     0.275     4.691     0.3290     4.8049     4.6726     4.6419     4.6993     4.6093     0.1211
1228.6749     4.3931     0.265     4.696     0.3201     4.3931     4.6726     4.6419     4.6993     4.6093     0.1211
1228.7281     4.8455     0.277     4.701     0.3114     4.8455     4.8141     4.9048     4.6993     4.8508     0.1231
1228.7814     4.5669     0.269     4.706     0.3028     4.5669     4.8141     4.9048     4.6993     4.8508     0.1231
1228.8346     4.9683     0.279     4.711     0.2944     4.9683     4.8141     4.9048     4.6993     4.8508     0.1231
1228.8879     4.6171     0.270     4.716     0.2861     4.6171     4.8141     4.9048     4.6993     4.8508     0.1231
1228.9412     5.0729     0.281     4.721     0.2780     5.0729     4.8141     4.9048     4.6993     4.8508     0.1231
1228.9944     4.7959     0.273     4.726     0.2700     4.7959     4.9955     4.9048     4.8630     4.8508     0.1251
1229.0476     5.5075     0.294     4.731     0.2622     5.5075     4.9955     4.9048     4.8630     4.8508     0.1251
1229.1010     4.7386     0.272     4.735     0.2545     4.7386     4.9955     4.9048     4.8630     4.8508     0.1251
1229.1542     5.0057     0.279     4.740     0.2470     5.0057     4.9955     4.9048     4.8630     4.8508     0.1251
1229.2074     4.9298     0.280     4.744     0.2396     4.9298     4.9955     4.9048     4.8630     4.8508     0.1251
1229.2606     4.5669     0.267     4.749     0.2324     4.5669     4.8992     4.7967     4.8630     4.8508     0.1243
1229.3138     4.8724     0.279     4.753     0.2253     4.8724     4.8992     4.7967     4.8630     4.8508     0.1243
1229.3672     5.1538     0.285     4.758     0.2183     5.1538     4.8992     4.7967     4.8630     4.8508     0.1243
1229.4204     5.0799     0.283     4.762     0.2115     5.0799     4.8992     4.7967     4.8630     4.8508     0.1243
1229.4736     4.8228     0.275     4.767     0.2049     4.8228     4.8992     4.7967     4.8630     4.8508     0.1243
1229.5269     4.4028     0.262     4.771     0.1983     4.4028     4.6943     4.7967     4.8630     4.8508     0.1214
1229.5802     4.5254     0.266     4.775     0.1919     4.5254     4.6943     4.7967     4.8630     4.8508     0.1214
1229.6334     4.5973     0.270     4.780     0.1857     4.5973     4.6943     4.7967     4.8630     4.8508     0.1214
1229.6866     5.0174     0.280     4.784     0.1795     5.0174     4.6943     4.7967     4.8630     4.8508     0.1214
1229.7399     4.9286     0.279     4.788     0.1735     4.9286     4.6943     4.7967     4.8630     4.8508     0.1214
1229.7931     4.6941     0.268     4.792     0.1677     4.6941     4.8982     4.8433     4.8715     4.8479     0.1233
1229.8464     4.8892     0.276     4.796     0.1619     4.8892     4.8982     4.8433     4.8715     4.8479     0.1233
1229.8997     5.1631     0.284     4.800     0.1563     5.1631     4.8982     4.8433     4.8715     4.8479     0.1233
1229.9529     5.1699     0.284     4.804     0.1508     5.1699     4.8982     4.8433     4.8715     4.8479     0.1233
1230.0061     4.5748     0.265     4.808     0.1455     4.5748     4.8982     4.8433     4.8715     4.8479     0.1233
1230.0593     5.0361     0.282     4.812     0.1402     5.0361     4.7883     4.8433     4.8715     4.8479     0.1220
1230.1125     4.8500     0.274     4.816     0.1351     4.8500     4.7883     4.8433     4.8715     4.8479     0.1220
1230.1659     4.9457     0.277     4.820     0.1302     4.9457     4.7883     4.8433     4.8715     4.8479     0.1220
1230.2191     4.5299     0.264     4.824     0.1253     4.5299     4.7883     4.8433     4.8715     4.8479     0.1220
1230.2723     4.5800     0.267     4.827     0.1206     4.5800     4.7883     4.8433     4.8715     4.8479     0.1220
1230.3256     4.9611     0.274     4.831     0.1160     4.9611     4.9279     4.8525     4.8715     4.8479     0.1231
1230.3788     4.7709     0.272     4.835     0.1115     4.7709     4.9279     4.8525     4.8715     4.8479     0.1231
1230.4320     4.9936     0.277     4.839     0.1071     4.9936     4.9279     4.8525     4.8715     4.8479     0.1231
1230.4854     4.6934     0.268     4.842     0.1028     4.6934     4.9279     4.8525     4.8715     4.8479     0.1231
1230.5386     5.2203     0.284     4.846     0.0987     5.2203     4.9279     4.8525     4.8715     4.8479     0.1231
1230.5918     4.5504     0.267     4.850     0.0947     4.5504     4.7772     4.8525     4.8697     4.8479     0.1208
1230.6450     5.0431     0.276     4.853     0.0908     5.0431     4.7772     4.8525     4.8697     4.8479     0.1208
1230.6982     4.6086     0.269     4.857     0.0870     4.6086     4.7772     4.8525     4.8697     4.8479     0.1208
1230.7515     4.7542     0.268     4.860     0.0834     4.7542     4.7772     4.8525     4.8697     4.8479     0.1208
1230.8047     4.9298     0.271     4.864     0.0798     4.9298     4.7772     4.8525     4.8697     4.8479     0.1208
1230.8582     4.5421     0.265     4.867     0.0764     4.5421     4.9786     4.9160     4.8697     4.8834     0.1228
1230.9114     5.0930     0.275     4.871     0.0732     5.0930     4.9786     4.9160     4.8697     4.8834     0.1228
1230.9646     5.1157     0.277     4.874     0.0700     5.1157     4.9786     4.9160     4.8697     4.8834     0.1228
1231.0178     4.6820     0.269     4.878     0.0669     4.6820     4.9786     4.9160     4.8697     4.8834     0.1228
1231.0710     5.4604     0.287     4.881     0.0640     5.4604     4.9786     4.9160     4.8697     4.8834     0.1228
1231.1243     5.0784     0.277     4.884     0.0612     5.0784     4.8533     4.9160     4.8697     4.8834     0.1212
1231.1775     5.1617     0.281     4.888     0.0586     5.1617     4.8533     4.9160     4.8697     4.8834     0.1212
1231.2307     4.4808     0.259     4.891     0.0561     4.4808     4.8533     4.9160     4.8697     4.8834     0.1212
1231.2841     4.8881     0.272     4.894     0.0537     4.8881     4.8533     4.9160     4.8697     4.8834     0.1212
1231.3373     4.6578     0.265     4.898     0.0514     4.6578     4.8533     4.9160     4.8697     4.8834     0.1212
1231.3905     4.3142     0.255     4.901     0.0493     4.3142     4.6416     4.8509     4.9101     4.8834     0.1187
1231.4437     4.7915     0.273     4.904     0.0473     4.7915     4.6416     4.8509     4.9101     4.8834     0.1187
1231.4969     4.9639     0.274     4.907     0.0455     4.9639     4.6416     4.8509     4.9101     4.8834     0.1187
1231.5502     4.2665     0.254     4.910     0.0438     4.2665     4.6416     4.8509     4.9101     4.8834     0.1187
1231.6034     4.8717     0.271     4.913     0.0422     4.8717     4.6416     4.8509     4.9101     4.8834     0.1187
1231.6566     5.1599     0.279     4.916     0.0408     5.1599     5.0602     4.8509     4.9101     4.8834     0.1237
1231.7098     5.0192     0.276     4.920     0.0395     5.0192     5.0602     4.8509     4.9101     4.8834     0.1237
1231.7632     5.0636     0.278     4.923     0.0384     5.0636     5.0602     4.8509     4.9101     4.8834     0.1237
1231.8164     5.0118     0.276     4.926     0.0375     5.0118     5.0602     4.8509     4.9101     4.8834     0.1237
1231.8696     5.0466     0.275     4.929     0.0366     5.0466     5.0602     4.8509     4.9101     4.8834     0.1237
1231.9229     4.8533     0.271     4.932     0.0360     4.8533     5.0285     4.9970     4.9101     5.0102     0.1234
1231.9761     4.6937     0.268     4.934     0.0354     4.6937     5.0285     4.9970     4.9101     5.0102     0.1234
1232.0293     5.3268     0.283     4.937     0.0350     5.3268     5.0285     4.9970     4.9101     5.0102     0.1234
1232.0825     5.2130     0.281     4.940     0.0347     5.2130     5.0285     4.9970     4.9101     5.0102     0.1234
1232.1357     5.0558     0.277     4.943     0.0345     5.0558     5.0285     4.9970     4.9101     5.0102     0.1234
1232.1890     5.0127     0.273     4.946     0.0344     5.0127     4.9655     4.9970     5.0041     5.0102     0.1218
1232.2422     4.9533     0.272     4.949     0.0344     4.9533     4.9655     4.9970     5.0041     5.0102     0.1218
1232.2954     5.0269     0.276     4.951     0.0345     5.0269     4.9655     4.9970     5.0041     5.0102     0.1218
1232.3486     4.8181     0.267     4.954     0.0346     4.8181     4.9655     4.9970     5.0041     5.0102     0.1218
1232.4019     5.0166     0.275     4.957     0.0348     5.0166     4.9655     4.9970     5.0041     5.0102     0.1218
1232.4551     5.4314     0.286     4.960     0.0351     5.4314     5.0753     5.0233     5.0041     5.0102     0.1226
1232.5083     5.1192     0.276     4.962     0.0354     5.1192     5.0753     5.0233     5.0041     5.0102     0.1226
1232.5616     4.7092     0.263     4.965     0.0358     4.7092     5.0753     5.0233     5.0041     5.0102     0.1226
1232.6149     4.8272     0.267     4.967     0.0362     4.8272     5.0753     5.0233     5.0041     5.0102     0.1226
1232.6681     5.2898     0.278     4.970     0.0366     5.2898     5.0753     5.0233     5.0041     5.0102     0.1226
1232.7213     5.0305     0.273     4.972     0.0371     5.0305     4.9713     5.0233     5.0041     5.0102     0.1224
1232.7745     4.9376     0.272     4.975     0.0375     4.9376     4.9713     5.0233     5.0041     5.0102     0.1224
1232.8278     5.3189     0.284     4.977     0.0380     5.3189     4.9713     5.0233     5.0041     5.0102     0.1224
1232.8810     4.6324     0.264     4.980     0.0384     4.6324     4.9713     5.0233     5.0041     5.0102     0.1224
1232.9342     4.9371     0.275     4.982     0.0389     4.9371     4.9713     5.0233     5.0041     5.0102     0.1224
1232.9874     5.0180     0.274     4.984     0.0393     5.0180     4.7260     4.7929     4.8593     4.8254     0.1187
1233.0406     4.9413     0.271     4.987     0.0398     4.9413     4.7260     4.7929     4.8593     4.8254     0.1187
1233.0939     4.3369     0.254     4.989     0.0402     4.3369     4.7260     4.7929     4.8593     4.8254     0.1187
1233.1471     4.6395     0.264     4.991     0.0407     4.6395     4.7260     4.7929     4.8593     4.8254     0.1187
1233.2003     4.6944     0.263     4.993     0.0411     4.6944     4.7260     4.7929     4.8593     4.8254     0.1187
1233.2535     5.0671     0.277     4.995     0.0415     5.0671     4.8598     4.7929     4.8593     4.8254     0.1204
1233.3068     4.6904     0.265     4.998     0.0419     4.6904     4.8598     4.7929     4.8593     4.8254     0.1204
1233.3600     4.5575     0.262     5.000     0.0422     4.5575     4.8598     4.7929     4.8593     4.8254     0.1204
1233.4132     4.9605     0.270     5.002     0.0426     4.9605     4.8598     4.7929     4.8593     4.8254     0.1204
1233.4664     5.0235     0.272     5.004     0.0429     5.0235     4.8598     4.7929     4.8593     4.8254     0.1204
1233.5197     5.0878     0.275     5.005     0.0433     5.0878     4.9921     4.8579     4.8593     4.8254     0.1217
1233.5729     5.0436     0.273     5.007     0.0435     5.0436     4.9921     4.8579     4.8593     4.8254     0.1217
1233.6261     5.1557     0.276     5.009     0.0438     5.1557     4.9921     4.8579     4.8593     4.8254     0.1217
1233.6793     4.9746     0.275     5.011     0.0441     4.9746     4.9921     4.8579     4.8593     4.8254     0.1217
1233.7325     4.6985     0.262     5.013     0.0443     4.6985     4.9921     4.8579     4.8593     4.8254     0.1217
1233.7858     4.5056     0.258     5.014     0.0445     4.5056     4.7238     4.8579     4.5722     4.8254     0.1183
1233.8390     4.8822     0.269     5.016     0.0447     4.8822     4.7238     4.8579     4.5722     4.8254     0.1183
1233.8922     5.0602     0.273     5.017     0.0449     5.0602     4.7238     4.8579     4.5722     4.8254     0.1183
1233.9454     4.6542     0.262     5.019     0.0450     4.6542     4.7238     4.8579     4.5722     4.8254     0.1183
1233.9987     4.5166     0.260     5.020     0.0452     4.5166     4.7238     4.8579     4.5722     4.8254     0.1183
1234.0519     4.6196     0.261     5.022     0.0453     4.6196     4.4091     4.4965     4.5722     4.7569     0.1148
1234.1051     4.3553     0.254     5.023     0.0454     4.3553     4.4091     4.4965     4.5722     4.7569     0.1148
1234.1583     4.3051     0.253     5.024     0.0455     4.3051     4.4091     4.4965     4.5722     4.7569     0.1148
1234.2115     4.4038     0.258     5.026     0.0455     4.4038     4.4091     4.4965     4.5722     4.7569     0.1148
1234.2648     4.3619     0.258     5.027     0.0456     4.3619     4.4091     4.4965     4.5722     4.7569     0.1148
1234.3179     4.3749     0.257     5.028     0.0456     4.3749     4.5838     4.4965     4.5722     4.7569     0.1161
1234.3711     4.1359     0.247     5.029     0.0456     4.1359     4.5838     4.4965     4.5722     4.7569     0.1161
1234.4243     4.2861     0.250     5.030     0.0456     4.2861     4.5838     4.4965     4.5722     4.7569     0.1161
1234.4775     5.0341     0.271     5.031     0.0456     5.0341     4.5838     4.4965     4.5722     4.7569     0.1161
1234.5308     5.0880     0.271     5.032     0.0455     5.0880     4.5838     4.4965     4.5722     4.7569     0.1161
1234.5840     4.7350     0.266     5.032     0.0455     4.7350     4.9082     5.0174     4.9943     4.7569     0.1208
1234.6372     4.7634     0.268     5.033     0.0454     4.7634     4.9082     5.0174     4.9943     4.7569     0.1208
1234.6904     5.0895     0.273     5.034     0.0453     5.0895     4.9082     5.0174     4.9943     4.7569     0.1208
1234.7437     4.8417     0.270     5.034     0.0452     4.8417     4.9082     5.0174     4.9943     4.7569     0.1208
1234.7969     5.1113     0.275     5.035     0.0451     5.1113     4.9082     5.0174     4.9943     4.7569     0.1208
1234.8501     5.2138     0.278     5.035     0.0450     5.2138     5.1266     5.0174     4.9943     4.7569     0.1232
1234.9034     4.8412     0.267     5.035     0.0448     4.8412     5.1266     5.0174     4.9943     4.7569     0.1232
1234.9567     5.1376     0.275     5.035     0.0447     5.1376     5.1266     5.0174     4.9943     4.7569     0.1232
1235.0099     5.2135     0.276     5.036     0.0445     5.2135     5.1266     5.0174     4.9943     4.7569     0.1232
1235.0631     5.2267     0.281     5.036     0.0444     5.2267     5.1266     5.0174     4.9943     4.7569     0.1232
1235.1162     4.7467     0.265     5.036     0.0442     4.7467     4.9482     5.0692     4.9943     5.0667     0.1202
1235.1694     5.0796     0.272     5.035     0.0440     5.0796     4.9482     5.0692     4.9943     5.0667     0.1202
1235.2227     4.9797     0.273     5.035     0.0438     4.9797     4.9482     5.0692     4.9943     5.0667     0.1202
1235.2759     5.0379     0.271     5.035     0.0436     5.0379     4.9482     5.0692     4.9943     5.0667     0.1202
1235.3291     4.8972     0.263     5.034     0.0434     4.8972     4.9482     5.0692     4.9943     5.0667     0.1202
1235.3823     5.2699     0.277     5.034     0.0432     5.2699     5.1902     5.0692     5.1062     5.0667     0.1222
1235.4355     5.1125     0.271     5.033     0.0429     5.1125     5.1902     5.0692     5.1062     5.0667     0.1222
1235.4888     5.3263     0.276     5.033     0.0427     5.3263     5.1902     5.0692     5.1062     5.0667     0.1222
1235.5420     5.2416     0.275     5.032     0.0425     5.2416     5.1902     5.0692     5.1062     5.0667     0.1222
1235.5952     5.0007     0.268     5.031     0.0423     5.0007     5.1902     5.0692     5.1062     5.0667     0.1222
1235.6483     5.0745     0.270     5.030     0.0420     5.0745     5.0175     5.0642     5.1062     5.0667     0.1199
1235.7015     4.8011     0.264     5.029     0.0418     4.8011     5.0175     5.0642     5.1062     5.0667     0.1199
1235.7548     5.2676     0.274     5.028     0.0415     5.2676     5.0175     5.0642     5.1062     5.0667     0.1199
1235.8080     4.8086     0.261     5.026     0.0413     4.8086     5.0175     5.0642     5.1062     5.0667     0.1199
1235.8612     5.1356     0.272     5.025     0.0410     5.1356     5.0175     5.0642     5.1062     5.0667     0.1199
1235.9144     5.0687     0.270     5.023     0.0408     5.0687     5.1109     5.0642     5.1062     5.0667     0.1211
1235.9677     4.9854     0.266     5.021     0.0405     4.9854     5.1109     5.0642     5.1062     5.0667     0.1211
1236.0208     4.8878     0.266     5.020     0.0402     4.8878     5.1109     5.0642     5.1062     5.0667     0.1211
1236.0740     5.4425     0.279     5.018     0.0400     5.4425     5.1109     5.0642     5.1062     5.0667     0.1211
1236.1272     5.1701     0.272     5.016     0.0397     5.1701     5.1109     5.0642     5.1062     5.0667     0.1211
1236.1804     4.9102     0.266     5.013     0.0395     4.9102     4.9539     4.9010     4.9539     5.0286     0.1188
1236.2336     5.2142     0.273     5.011     0.0392     5.2142     4.9539     4.9010     4.9539     5.0286     0.1188
1236.2869     5.0901     0.268     5.009     0.0390     5.0901     4.9539     4.9010     4.9539     5.0286     0.1188
1236.3401     4.9798     0.267     5.006     0.0387     4.9798     4.9539     4.9010     4.9539     5.0286     0.1188
1236.3932     4.5750     0.254     5.003     0.0385     4.5750     4.9539     4.9010     4.9539     5.0286     0.1188
1236.4464     4.8631     0.265     5.000     0.0382     4.8631     4.8481     4.9010     4.9539     5.0286     0.1171
1236.4996     4.8663     0.261     4.997     0.0380     4.8663     4.8481     4.9010     4.9539     5.0286     0.1171
1236.5529     5.3433     0.278     4.994     0.0377     5.3433     4.8481     4.9010     4.9539     5.0286     0.1171
1236.6061     4.5780     0.252     4.991     0.0375     4.5780     4.8481     4.9010     4.9539     5.0286     0.1171
1236.6593     4.5896     0.253     4.987     0.0372     4.5896     4.8481     4.9010     4.9539     5.0286     0.1171
1236.7124     4.9166     0.263     4.984     0.0370     4.9166     5.0599     5.1563     4.9539     5.0286     0.1193
1236.7656     5.0642     0.267     4.980     0.0368     5.0642     5.0599     5.1563     4.9539     5.0286     0.1193
1236.8188     4.7611     0.257     4.976     0.0365     4.7611     5.0599     5.1563     4.9539     5.0286     0.1193
1236.8721     5.2801     0.274     4.972     0.0363     5.2801     5.0599     5.1563     4.9539     5.0286     0.1193
1236.9253     5.2774     0.273     4.968     0.0361     5.2774     5.0599     5.1563     4.9539     5.0286     0.1193
1236.9785     5.6212     0.283     4.963     0.0359     5.6212     5.2526     5.1563     5.0716     5.0286     0.1220
1237.0316     5.1554     0.271     4.959     0.0357     5.1554     5.2526     5.1563     5.0716     5.0286     0.1220
1237.0848     5.1960     0.272     4.954     0.0355     5.1960     5.2526     5.1563     5.0716     5.0286     0.1220
1237.1381     4.8722     0.262     4.949     0.0353     4.8722     5.2526     5.1563     5.0716     5.0286     0.1220
1237.1913     5.4182     0.276     4.944     0.0351     5.4182     5.2526     5.1563     5.0716     5.0286     0.1220
1237.2445     4.9422     0.265     4.939     0.0349     4.9422     4.9535     4.9811     5.0716     5.0900     0.1182
1237.2976     4.8851     0.265     4.933     0.0347     4.8851     4.9535     4.9811     5.0716     5.0900     0.1182
1237.3508     4.9872     0.265     4.928     0.0345     4.9872     4.9535     4.9811     5.0716     5.0900     0.1182
1237.4041     4.9346     0.264     4.922     0.0343     4.9346     4.9535     4.9811     5.0716     5.0900     0.1182
1237.4573     5.0184     0.264     4.916     0.0341     5.0184     4.9535     4.9811     5.0716     5.0900     0.1182
1237.5105     5.0920     0.267     4.910     0.0339     5.0920     5.0088     4.9811     5.0716     5.0900     0.1183
1237.5636     5.1214     0.265     4.903     0.0338     5.1214     5.0088     4.9811     5.0716     5.0900     0.1183
1237.6168     4.8363     0.261     4.897     0.0336     4.8363     5.0088     4.9811     5.0716     5.0900     0.1183
1237.6700     4.6707     0.257     4.890     0.0334     4.6707     5.0088     4.9811     5.0716     5.0900     0.1183
1237.7233     5.3234     0.272     4.883     0.0333     5.3234     5.0088     4.9811     5.0716     5.0900     0.1183
1237.7764     4.8494     0.259     4.876     0.0331     4.8494     5.0291     5.1988     5.1821     5.0900     0.1189
1237.8296     5.0868     0.270     4.868     0.0329     5.0868     5.0291     5.1988     5.1821     5.0900     0.1189
1237.8828     5.0348     0.262     4.861     0.0328     5.0348     5.0291     5.1988     5.1821     5.0900     0.1189
1237.9360     4.8491     0.263     4.853     0.0326     4.8491     5.0291     5.1988     5.1821     5.0900     0.1189
1237.9891     5.3256     0.275     4.845     0.0325     5.3256     5.0291     5.1988     5.1821     5.0900     0.1189
1238.0424     4.9931     0.263     4.836     0.0323     4.9931     5.3684     5.1988     5.1821     5.0900     0.1229
1238.0956     5.2315     0.269     4.828     0.0322     5.2315     5.3684     5.1988     5.1821     5.0900     0.1229
1238.1488     5.5028     0.278     4.819     0.0321     5.5028     5.3684     5.1988     5.1821     5.0900     0.1229
1238.2019     5.5802     0.282     4.810     0.0319     5.5802     5.3684     5.1988     5.1821     5.0900     0.1229
1238.2551     5.5346     0.282     4.801     0.0318     5.5346     5.3684     5.1988     5.1821     5.0900     0.1229
1238.3083     5.3695     0.276     4.792     0.0316     5.3695     5.1489     5.1870     5.1821     4.7981     0.1204
1238.3616     5.1321     0.270     4.782     0.0315     5.1321     5.1489     5.1870     5.1821     4.7981     0.1204
1238.4147     5.1650     0.269     4.772     0.0314     5.1650     5.1489     5.1870     5.1821     4.7981     0.1204
1238.4679     5.2659     0.269     4.762     0.0313     5.2659     5.1489     5.1870     5.1821     4.7981     0.1204
1238.5211     4.8117     0.261     4.751     0.0311     4.8117     5.1489     5.1870     5.1821     4.7981     0.1204
1238.5743     5.3039     0.271     4.741     0.0310     5.3039     5.2251     5.1870     4.6812     4.7981     0.1209
1238.6274     5.3932     0.273     4.730     0.0309     5.3932     5.2251     5.1870     4.6812     4.7981     0.1209
1238.6807     5.0873     0.270     4.718     0.0307     5.0873     5.2251     5.1870     4.6812     4.7981     0.1209
1238.7339     5.1165     0.267     4.707     0.0306     5.1165     5.2251     5.1870     4.6812     4.7981     0.1209
1238.7870     5.2247     0.270     4.695     0.0305     5.2247     5.2251     5.1870     4.6812     4.7981     0.1209
1238.8402     4.4307     0.251     4.683     0.0304     4.4307     4.4790     4.4092     4.6812     4.7981     0.1125
1238.8934     4.5017     0.251     4.671     0.0302     4.5017     4.4790     4.4092     4.6812     4.7981     0.1125
1238.9468     4.7964     0.261     4.658     0.0301     4.7964     4.4790     4.4092     4.6812     4.7981     0.1125
1238.9999     4.4229     0.250     4.645     0.0300     4.4229     4.4790     4.4092     4.6812     4.7981     0.1125
1239.0531     4.2434     0.244     4.632     0.0298     4.2434     4.4790     4.4092     4.6812     4.7981     0.1125
1239.1063     4.3140     0.246     4.619     0.0297     4.3140     4.3395     4.4092     4.6812     4.7981     0.1103
1239.1594     4.6325     0.256     4.605     0.0296     4.6325     4.3395     4.4092     4.6812     4.7981     0.1103
1239.2126     4.2123     0.243     4.591     0.0295     4.2123     4.3395     4.4092     4.6812     4.7981     0.1103
1239.2659     4.2979     0.247     4.577     0.0293     4.2979     4.3395     4.4092     4.6812     4.7981     0.1103
1239.3191     4.2407     0.242     4.562     0.0292     4.2407     4.3395     4.4092     4.6812     4.7981     0.1103
1239.3722     4.4090     0.248     4.547     0.0291     4.4090     4.5911     4.7204     4.6496     4.7317     0.1128
1239.4254     4.2164     0.241     4.532     0.0289     4.2164     4.5911     4.7204     4.6496     4.7317     0.1128
1239.4786     4.7462     0.256     4.516     0.0288     4.7462     4.5911     4.7204     4.6496     4.7317     0.1128
1239.5317     4.7624     0.258     4.500     0.0287     4.7624     4.5911     4.7204     4.6496     4.7317     0.1128
1239.5850     4.8216     0.258     4.484     0.0286     4.8216     4.5911     4.7204     4.6496     4.7317     0.1128
1239.6382     4.8387     0.259     4.468     0.0284     4.8387     4.8496     4.7204     4.6496     4.7317     0.1156
1239.6913     5.1290     0.266     4.451     0.0283     5.1290     4.8496     4.7204     4.6496     4.7317     0.1156
1239.7445     4.8016     0.258     4.433     0.0282     4.8016     4.8496     4.7204     4.6496     4.7317     0.1156
1239.7977     4.9719     0.261     4.416     0.0280     4.9719     4.8496     4.7204     4.6496     4.7317     0.1156
1239.8508     4.5070     0.249     4.398     0.0279     4.5070     4.8496     4.7204     4.6496     4.7317     0.1156
1239.9041     4.5458     0.250     4.380     0.0278     4.5458     4.5079     4.7430     4.6496     4.7317     0.1121
1239.9573     4.5742     0.255     4.361     0.0277     4.5742     4.5079     4.7430     4.6496     4.7317     0.1121
1240.0104     4.2312     0.241     4.342     0.0275     4.2312     4.5079     4.7430     4.6496     4.7317     0.1121
1240.0636     4.3055     0.248     4.323     0.0274     4.3055     4.5079     4.7430     4.6496     4.7317     0.1121
1240.1168     4.8831     0.260     4.303     0.0273     4.8831     4.5079     4.7430     4.6496     4.7317     0.1121
1240.1699     4.6159     0.253     4.283     0.0272     4.6159     4.9781     4.7430     5.0479     4.7317     0.1170
1240.2231     5.0376     0.262     4.263     0.0270     5.0376     4.9781     4.7430     5.0479     4.7317     0.1170
1240.2762     4.8402     0.258     4.242     0.0269     4.8402     4.9781     4.7430     5.0479     4.7317     0.1170
1240.3295     5.0279     0.262     4.221     0.0268     5.0279     4.9781     4.7430     5.0479     4.7317     0.1170
1240.3827     5.3686     0.271     4.199     0.0267     5.3686     4.9781     4.7430     5.0479     4.7317     0.1170
1240.4358     4.6487     0.254     4.177     0.0266     4.6487     4.8283     5.0829     5.0479     5.2132     0.1154
1240.4890     4.7393     0.257     4.155     0.0265     4.7393     4.8283     5.0829     5.0479     5.2132     0.1154
1240.5422     4.9740     0.261     4.132     0.0264     4.9740     4.8283     5.0829     5.0479     5.2132     0.1154
1240.5953     4.5472     0.251     4.109     0.0263     4.5472     4.8283     5.0829     5.0479     5.2132     0.1154
1240.6486     5.2322     0.269     4.085     0.0262     5.2322     4.8283     5.0829     5.0479     5.2132     0.1154
1240.7017     5.5043     0.273     4.061     0.0261     5.5043     5.3374     5.0829     5.0479     5.2132     0.1208
1240.7549     5.6435     0.278     4.037     0.0261     5.6435     5.3374     5.0829     5.0479     5.2132     0.1208
1240.8081     5.3304     0.270     4.012     0.0260     5.3304     5.3374     5.0829     5.0479     5.2132     0.1208
1240.8612     5.2142     0.265     3.987     0.0259     5.2142     5.3374     5.0829     5.0479     5.2132     0.1208
1240.9144     4.9949     0.264     3.961     0.0259     4.9949     5.3374     5.0829     5.0479     5.2132     0.1208
1240.9675     5.1074     0.263     3.935     0.0258     5.1074     5.2891     5.3436     5.2685     5.2132     0.1203
1241.0208     5.2989     0.269     3.908     0.0258     5.2989     5.2891     5.3436     5.2685     5.2132     0.1203
1241.0740     5.2165     0.271     3.881     0.0258     5.2165     5.2891     5.3436     5.2685     5.2132     0.1203
1241.1271     5.5219     0.276     3.854     0.0258     5.5219     5.2891     5.3436     5.2685     5.2132     0.1203
1241.1803     5.3007     0.266     3.826     0.0257     5.3007     5.2891     5.3436     5.2685     5.2132     0.1203
1241.2334     5.6364     0.277     3.798     0.0257     5.6364     5.3980     5.3436     5.2685     5.2132     0.1205
1241.2866     5.1677     0.260     3.769     0.0258     5.1677     5.3980     5.3436     5.2685     5.2132     0.1205
1241.3398     5.3846     0.268     3.739     0.0258     5.3846     5.3980     5.3436     5.2685     5.2132     0.1205
1241.3929     5.6261     0.275     3.710     0.0258     5.6261     5.3980     5.3436     5.2685     5.2132     0.1205
1241.4462     5.1753     0.267     3.679     0.0258     5.1753     5.3980     5.3436     5.2685     5.2132     0.1205
1241.4993     5.2843     0.264     3.649     0.0259     5.2843     5.1184     5.1598     5.2685     5.1782     0.1174
1241.5525     5.3832     0.273     3.618     0.0260     5.3832     5.1184     5.1598     5.2685     5.1782     0.1174
1241.6056     4.5263     0.247     3.586     0.0260     4.5263     5.1184     5.1598     5.2685     5.1782     0.1174
1241.6588     5.0293     0.259     3.554     0.0261     5.0293     5.1184     5.1598     5.2685     5.1782     0.1174
1241.7120     5.3689     0.268     3.521     0.0262     5.3689     5.1184     5.1598     5.2685     5.1782     0.1174
1241.7651     5.2516     0.266     3.488     0.0263     5.2516     5.2012     5.1598     5.1982     5.1782     0.1190
1241.8184     5.2417     0.267     3.454     0.0264     5.2417     5.2012     5.1598     5.1982     5.1782     0.1190
1241.8715     4.9650     0.260     3.420     0.0266     4.9650     5.2012     5.1598     5.1982     5.1782     0.1190
1241.9247     5.6440     0.279     3.385     0.0267     5.6440     5.2012     5.1598     5.1982     5.1782     0.1190
1241.9778     4.9037     0.259     3.350     0.0269     4.9037     5.2012     5.1598     5.1982     5.1782     0.1190
1242.0310     5.4386     0.272     3.314     0.0270     5.4386     5.0878     5.1966     5.1982     5.1782     0.1170
1242.0841     4.6902     0.250     3.278     0.0272     4.6902     5.0878     5.1966     5.1982     5.1782     0.1170
1242.1373     5.0074     0.260     3.241     0.0274     5.0074     5.0878     5.1966     5.1982     5.1782     0.1170
1242.1906     5.0891     0.262     3.203     0.0276     5.0891     5.0878     5.1966     5.1982     5.1782     0.1170
1242.2437     5.2138     0.265     3.165     0.0278     5.2138     5.0878     5.1966     5.1982     5.1782     0.1170
1242.2969     5.1860     0.267     3.127     0.0280     5.1860     5.3054     5.1966     5.1982     5.1782     0.1198
1242.3500     5.3504     0.270     3.088     0.0282     5.3504     5.3054     5.1966     5.1982     5.1782     0.1198
1242.4032     5.3867     0.270     3.048     0.0284     5.3867     5.3054     5.1966     5.1982     5.1782     0.1198
1242.4563     5.2996     0.266     3.008     0.0287     5.2996     5.3054     5.1966     5.1982     5.1782     0.1198
1242.5095     5.3045     0.267     2.967     0.0289     5.3045     5.3054     5.1966     5.1982     5.1782     0.1198
1242.5626     5.0491     0.258     2.926     0.0292     5.0491     4.9577     4.9462     4.7994     4.8003     0.1150
1242.6158     5.0098     0.259     2.884     0.0294     5.0098     4.9577     4.9462     4.7994     4.8003     0.1150
1242.6689     4.8894     0.257     2.841     0.0297     4.8894     4.9577     4.9462     4.7994     4.8003     0.1150
1242.7222     5.0884     0.259     2.798     0.0300     5.0884     4.9577     4.9462     4.7994     4.8003     0.1150
1242.7753     4.7518     0.253     2.754     0.0303     4.7518     4.9577     4.9462     4.7994     4.8003     0.1150
1242.8285     5.0839     0.260     2.710     0.0305     5.0839     4.9347     4.9462     4.7994     4.8003     0.1148
1242.8816     5.1533     0.263     2.665     0.0308     5.1533     4.9347     4.9462     4.7994     4.8003     0.1148
1242.9348     5.1333     0.260     2.619     0.0311     5.1333     4.9347     4.9462     4.7994     4.8003     0.1148
1242.9879     4.8962     0.258     2.573     0.0314     4.8962     4.9347     4.9462     4.7994     4.8003     0.1148
1243.0413     4.4068     0.241     2.526     0.0317     4.4068     4.9347     4.9462     4.7994     4.8003     0.1148
1243.0944     5.0587     0.260     2.479     0.0320     5.0587     4.5059     4.6545     4.7994     4.8003     0.1102
1243.1476     4.6400     0.250     2.431     0.0323     4.6400     4.5059     4.6545     4.7994     4.8003     0.1102
1243.2007     4.2277     0.238     2.382     0.0326     4.2277     4.5059     4.6545     4.7994     4.8003     0.1102
1243.2539     4.3892     0.243     2.332     0.0329     4.3892     4.5059     4.6545     4.7994     4.8003     0.1102
1243.3070     4.2140     0.239     2.282     0.0332     4.2140     4.5059     4.6545     4.7994     4.8003     0.1102
1243.3602     4.6505     0.250     2.231     0.0335     4.6505     4.8031     4.6545     5.1422     4.8003     0.1135
1243.4133     4.5408     0.246     2.180     0.0338     4.5408     4.8031     4.6545     5.1422     4.8003     0.1135
1243.4666     4.9910     0.259     2.128     0.0340     4.9910     4.8031     4.6545     5.1422     4.8003     0.1135
1243.5197     4.7103     0.252     2.075     0.0343     4.7103     4.8031     4.6545     5.1422     4.8003     0.1135
1243.5728     5.1229     0.262     2.022     0.0346     5.1229     4.8031     4.6545     5.1422     4.8003     0.1135
1243.6260     4.8945     0.255     1.967     0.0349     4.8945     5.1602     5.3118     5.1422     5.3169     0.1177
1243.6791     5.1333     0.264     1.913     0.0351     5.1333     5.1602     5.3118     5.1422     5.3169     0.1177
1243.7323     5.3828     0.268     1.857     0.0354     5.3828     5.1602     5.3118     5.1422     5.3169     0.1177
1243.7854     5.1555     0.263     1.801     0.0357     5.1555     5.1602     5.3118     5.1422     5.3169     0.1177
1243.8386     5.2349     0.266     1.744     0.0359     5.2349     5.1602     5.3118     5.1422     5.3169     0.1177
1243.8917     5.2572     0.265     1.686     0.0361     5.2572     5.4634     5.3118     5.1422     5.3169     0.1209
1243.9449     5.3389     0.265     1.628     0.0364     5.3389     5.4634     5.3118     5.1422     5.3169     0.1209
1243.9980     5.4651     0.271     1.568     0.0366     5.4651     5.4634     5.3118     5.1422     5.3169     0.1209
1244.0513     5.6069     0.274     1.508     0.0368     5.6069     5.4634     5.3118     5.1422     5.3169     0.1209
1244.1044     5.6488     0.276     1.448     0.0370     5.6488     5.4634     5.3118     5.1422     5.3169     0.1209
1244.1575     5.6756     0.274     1.386     0.0372     5.6756     5.4299     5.3219     5.3190     5.3169     0.1198
1244.2107     5.4186     0.270     1.324     0.0373     5.4186     5.4299     5.3219     5.3190     5.3169     0.1198
1244.2638     5.3445     0.264     1.261     0.0375     5.3445     5.4299     5.3219     5.3190     5.3169     0.1198
1244.3170     5.6305     0.273     1.197     0.0377     5.6305     5.4299     5.3219     5.3190     5.3169     0.1198
1244.3701     5.0805     0.257     1.133     0.0378     5.0805     5.4299     5.3219     5.3190     5.3169     0.1198
1244.4233     5.3811     0.267     1.068     0.0379     5.3811     5.2139     5.3219     5.3190     5.3169     0.1175
1244.4764     5.0456     0.260     1.002     0.0380     5.0456     5.2139     5.3219     5.3190     5.3169     0.1175
1244.5295     4.7974     0.253     0.935     0.0381     4.7974     5.2139     5.3219     5.3190     5.3169     0.1175
1244.5828     5.5317     0.267     0.867     0.0382     5.5317     5.2139     5.3219     5.3190     5.3169     0.1175
1244.6359     5.3137     0.265     0.799     0.0383     5.3137     5.2139     5.3219     5.3190     5.3169     0.1175
1244.6891     4.9237     0.251     0.729     0.0383     4.9237     5.3133     5.1659     5.3190     5.2304     0.1172
1244.7422     5.3646     0.264     0.659     0.0383     5.3646     5.3133     5.1659     5.3190     5.2304     0.1172
1244.7953     5.2681     0.261     0.588     0.0384     5.2681     5.3133     5.1659     5.3190     5.2304     0.1172
1244.8485     5.4545     0.268     0.517     0.0384     5.4545     5.3133     5.1659     5.3190     5.2304     0.1172
1244.9016     5.5555     0.266     0.444     0.0383     5.5555     5.3133     5.1659     5.3190     5.2304     0.1172
1244.9548     4.9274     0.253     0.370     0.0383     4.9274     5.0185     5.1659     5.2028     5.2304     0.1147
1245.0079     5.1388     0.258     0.296     0.0383     5.1388     5.0185     5.1659     5.2028     5.2304     0.1147
1245.0610     5.0325     0.258     0.221     0.0382     5.0325     5.0185     5.1659     5.2028     5.2304     0.1147
1245.1143     4.9351     0.252     0.145     0.0381     4.9351     5.0185     5.1659     5.2028     5.2304     0.1147
1245.1674     5.0588     0.261     0.068     0.0381     5.0588     5.0185     5.1659     5.2028     5.2304     0.1147
1245.2205     4.5834     0.244    -0.010     0.0380     4.5834     5.2718     5.2949     5.2028     5.2304     0.1168
1245.2737     5.2531     0.260    -0.088     0.0378     5.2531     5.2718     5.2949     5.2028     5.2304     0.1168
1245.3268     5.7496     0.273    -0.168     0.0377     5.7496     5.2718     5.2949     5.2028     5.2304     0.1168
1245.3800     5.4535     0.266    -0.248     0.0376     5.4535     5.2718     5.2949     5.2028     5.2304     0.1168
1245.4331     5.3195     0.262    -0.330     0.0374     5.3195     5.2718     5.2949     5.2028     5.2304     0.1168
1245.4862     5.5576     0.271    -0.412     0.0373     5.5576     5.3180     5.2949     5.2028     5.2304     0.1180
1245.5394     5.3141     0.262    -0.495     0.0371     5.3141     5.3180     5.2949     5.2028     5.2304     0.1180
1245.5925     5.1841     0.262    -0.579     0.0370     5.1841     5.3180     5.2949     5.2028     5.2304     0.1180
1245.6456     5.5422     0.270    -0.664     0.0368     5.5422     5.3180     5.2949     5.2028     5.2304     0.1180
1245.6989     4.9923     0.255    -0.750     0.0366     4.9923     5.3180     5.2949     5.2028     5.2304     0.1180
1245.7520     5.0056     0.258    -0.833     0.0365     5.0056     5.2245     5.1763     5.2307     5.2576     0.1174
1245.8051     5.2828     0.263    -0.897     0.0363     5.2828     5.2245     5.1763     5.2307     5.2576     0.1174
1245.8583     5.2153     0.261    -0.925     0.0361     5.2153     5.2245     5.1763     5.2307     5.2576     0.1174
