1195.4802     5.6703     0.396    -0.825     9.3288     5.6703     5.7352     5.8039     5.8766     5.1754     0.1776
1195.5338     5.5525     0.391    -0.825     9.2818     5.5525     5.7352     5.8039     5.8766     5.1754     0.1776
1195.5873     5.5767     0.392    -0.825     9.2350     5.5767     5.7352     5.8039     5.8766     5.1754     0.1776
1195.6409     6.0258     0.405    -0.825     9.1884     6.0258     5.7352     5.8039     5.8766     5.1754     0.1776
1195.6943     6.3254     0.416    -0.825     9.1418     6.3254     5.8453     5.9473     5.8766     6.0496     0.1790
1195.7478     5.9235     0.405    -0.825     9.0956     5.9235     5.8453     5.9473     5.8766     6.0496     0.1790
1195.8014     5.4673     0.388    -0.825     9.0493     5.4673     5.8453     5.9473     5.8766     6.0496     0.1790
1195.8549     5.6971     0.393    -0.825     9.0033     5.6971     5.8453     5.9473     5.8766     6.0496     0.1790
1195.9084     5.8130     0.400    -0.825     8.9574     5.8130     5.8453     5.9473     5.8766     6.0496     0.1790
1195.9619     6.0936     0.407    -0.825     8.9117     6.0936     6.0493     5.9473     5.8766     6.0496     0.1815
1196.0155     5.7446     0.398    -0.825     8.8661     5.7446     6.0493     5.9473     5.8766     6.0496     0.1815
1196.0690     5.8476     0.399    -0.825     8.8208     5.8476     6.0493     5.9473     5.8766     6.0496     0.1815
1196.1224     6.2535     0.412    -0.825     8.7754     6.2535     6.0493     5.9473     5.8766     6.0496     0.1815
1196.1760     6.3070     0.414    -0.825     8.7304     6.3070     6.0493     5.9473     5.8766     6.0496     0.1815
1196.2295     7.3383     0.447    -0.825     8.6855     7.3383     6.2798     6.1520     6.0556     6.0496     0.1853
1196.2831     6.8210     0.432    -0.825     8.6406     6.8210     6.2798     6.1520     6.0556     6.0496     0.1853
1196.3365     6.5136     0.423    -0.825     8.5960     6.5136     6.2798     6.1520     6.0556     6.0496     0.1853
1196.3900     5.0543     0.374    -0.825     8.5515     5.0543     6.2798     6.1520     6.0556     6.0496     0.1853
1196.4436     5.6717     0.392    -0.825     8.5072     5.6717     6.2798     6.1520     6.0556     6.0496     0.1853
1196.4971     6.5102     0.421    -0.825     8.4630     6.5102     6.0243     6.1520     6.0556     6.0496     0.1804
1196.5505     5.7870     0.393    -0.825     8.4190     5.7870     6.0243     6.1520     6.0556     6.0496     0.1804
1196.6041     6.0674     0.407    -0.825     8.3751     6.0674     6.0243     6.1520     6.0556     6.0496     0.1804
1196.6576     5.8289     0.397    -0.825     8.3313     5.8289     6.0243     6.1520     6.0556     6.0496     0.1804
1196.7112     5.9278     0.399    -0.825     8.2878     5.9278     6.0243     6.1520     6.0556     6.0496     0.1804
1196.7646     6.1476     0.408    -0.825     8.2443     6.1476     5.8628     5.7083     6.0556     5.7478     0.1763
1196.8181     6.1857     0.405    -0.825     8.2011     6.1857     5.8628     5.7083     6.0556     5.7478     0.1763
1196.8717     5.5491     0.381    -0.825     8.1579     5.5491     5.8628     5.7083     6.0556     5.7478     0.1763
1196.9252     5.5949     0.385    -0.825     8.1150     5.5949     5.8628     5.7083     6.0556     5.7478     0.1763
1196.9786     5.8369     0.391    -0.825     8.0722     5.8369     5.8628     5.7083     6.0556     5.7478     0.1763
1197.0322     5.5254     0.384    -0.825     8.0295     5.5254     5.5538     5.7083     5.7094     5.7478     0.1717
1197.0857     4.8364     0.358    -0.825     7.9870     4.8364     5.5538     5.7083     5.7094     5.7478     0.1717
1197.1393     5.1553     0.372    -0.825     7.9445     5.1553     5.5538     5.7083     5.7094     5.7478     0.1717
1197.1929     6.0504     0.400    -0.825     7.9024     6.0504     5.5538     5.7083     5.7094     5.7478     0.1717
1197.2463     6.2015     0.404    -0.825     7.8603     6.2015     5.5538     5.7083     5.7094     5.7478     0.1717
1197.2998     5.7924     0.392    -0.825     7.8183     5.7924     5.8582     5.7872     5.7094     5.7478     0.1758
1197.3534     5.6125     0.386    -0.825     7.7766     5.6125     5.8582     5.7872     5.7094     5.7478     0.1758
1197.4069     5.8744     0.392    -0.825     7.7350     5.8744     5.8582     5.7872     5.7094     5.7478     0.1758
1197.4603     5.7637     0.391    -0.825     7.6934     5.7637     5.8582     5.7872     5.7094     5.7478     0.1758
1197.5139     6.2482     0.405    -0.825     7.6521     6.2482     5.8582     5.7872     5.7094     5.7478     0.1758
1197.5674     5.5621     0.382    -0.825     7.6109     5.5621     5.7162     5.7872     5.7094     5.7478     0.1729
1197.6208     6.0487     0.398    -0.825     7.5699     6.0487     5.7162     5.7872     5.7094     5.7478     0.1729
1197.6744     5.7109     0.388    -0.825     7.5290     5.7109     5.7162     5.7872     5.7094     5.7478     0.1729
1197.7279     5.5810     0.380    -0.825     7.4882     5.5810     5.7162     5.7872     5.7094     5.7478     0.1729
1197.7814     5.6783     0.385    -0.825     7.4476     5.6783     5.7162     5.7872     5.7094     5.7478     0.1729
1197.8350     5.9532     0.392    -0.825     7.4072     5.9532     6.0311     5.8368     5.9162     5.9108     0.1774
1197.8884     5.8232     0.387    -0.825     7.3668     5.8232     6.0311     5.8368     5.9162     5.9108     0.1774
1197.9419     6.3889     0.408    -0.825     7.3267     6.3889     6.0311     5.8368     5.9162     5.9108     0.1774
1197.9955     5.7839     0.391    -0.825     7.2866     5.7839     6.0311     5.8368     5.9162     5.9108     0.1774
1198.0490     6.2062     0.405    -0.825     7.2467     6.2062     6.0311     5.8368     5.9162     5.9108     0.1774
1198.1024     6.0100     0.401    -0.825     7.2070     6.0100     5.6426     5.8368     5.9162     5.9108     0.1717
1198.1560     5.7637     0.389    -0.825     7.1674     5.7637     5.6426     5.8368     5.9162     5.9108     0.1717
1198.2095     5.3964     0.372    -0.825     7.1279     5.3964     5.6426     5.8368     5.9162     5.9108     0.1717
1198.2629     5.2734     0.371    -0.825     7.0886     5.2734     5.6426     5.8368     5.9162     5.9108     0.1717
1198.3164     5.7694     0.386    -0.825     7.0495     5.7694     5.6426     5.8368     5.9162     5.9108     0.1717
1198.3700     6.2465     0.405    -0.825     7.0104     6.2465     6.0750     5.9848     5.9162     5.9108     0.1784
1198.4235     5.7295     0.388    -0.825     6.9716     5.7295     6.0750     5.9848     5.9162     5.9108     0.1784
1198.4769     5.8358     0.390    -0.825     6.9329     5.8358     6.0750     5.9848     5.9162     5.9108     0.1784
1198.5304     6.2444     0.404    -0.825     6.8942     6.2444     6.0750     5.9848     5.9162     5.9108     0.1784
1198.5840     6.3186     0.406    -0.825     6.8558     6.3186     6.0750     5.9848     5.9162     5.9108     0.1784
1198.6375     5.7398     0.380    -0.825     6.8175     5.7398     5.8946     5.9848     5.4655     5.9108     0.1741
1198.6909     5.6347     0.383    -0.825     6.7793     5.6347     5.8946     5.9848     5.4655     5.9108     0.1741
1198.7445     6.0807     0.392    -0.825     6.7413     6.0807     5.8946     5.9848     5.4655     5.9108     0.1741
1198.7980     5.8866     0.389    -0.825     6.7035     5.8866     5.8946     5.9848     5.4655     5.9108     0.1741
1198.8514     6.1312     0.401    -0.825     6.6657     6.1312     5.8946     5.9848     5.4655     5.9108     0.1741
1198.9049     6.4327     0.407    -0.825     6.6281     6.4327     5.5784     5.2509     5.4655     4.4721     0.1689
1198.9585     5.2363     0.366    -0.825     6.5907     5.2363     5.5784     5.2509     5.4655     4.4721     0.1689
1199.0120     5.5971     0.378    -0.825     6.5533     5.5971     5.5784     5.2509     5.4655     4.4721     0.1689
1199.0654     5.7412     0.383    -0.825     6.5162     5.7412     5.5784     5.2509     5.4655     4.4721     0.1689
1199.1189     4.8847     0.351    -0.825     6.4791     4.8847     5.5784     5.2509     5.4655     4.4721     0.1689
1199.1725     5.1014     0.360    -0.825     6.4423     5.1014     4.9235     5.2509     5.4655     4.4721     0.1576
1199.2260     5.5777     0.377    -0.825     6.4054     5.5777     4.9235     5.2509     5.4655     4.4721     0.1576
1199.2794     4.7711     0.345    -0.825     6.3688     4.7711     4.9235     5.2509     5.4655     4.4721     0.1576
1199.3329     4.5935     0.340    -0.825     6.3324     4.5935     4.9235     5.2509     5.4655     4.4721     0.1576
1199.3864     4.5736     0.339    -0.825     6.2961     4.5736     4.9235     5.2509     5.4655     4.4721     0.1576
1199.4399     3.9550     0.317    -0.825     6.2598     3.9550     2.8515     3.6932     3.8298     4.4721     0.1202
1199.4934     2.5271     0.253    -0.825     6.2238     2.5271     2.8515     3.6932     3.8298     4.4721     0.1202
1199.5469     2.2491     0.239    -0.825     6.1878     2.2491     2.8515     3.6932     3.8298     4.4721     0.1202
1199.6003     2.4901     0.251    -0.825     6.1520     2.4901     2.8515     3.6932     3.8298     4.4721     0.1202
1199.6539     3.0360     0.276    -0.825     6.1164     3.0360     2.8515     3.6932     3.8298     4.4721     0.1202
1199.7074     3.2943     0.289    -0.825     6.0809     3.2943     4.5349     3.6932     3.8298     4.4721     0.1518
1199.7609     4.5278     0.339    -0.825     6.0455     4.5278     4.5349     3.6932     3.8298     4.4721     0.1518
1199.8143     4.7858     0.350    -0.825     6.0102     4.7858     4.5349     3.6932     3.8298     4.4721     0.1518
1199.8678     4.7033     0.345    -0.825     5.9751     4.7033     4.5349     3.6932     3.8298     4.4721     0.1518
1199.9214     5.3635     0.369    -0.825     5.9401     5.3635     4.5349     3.6932     3.8298     4.4721     0.1518
1199.9749     4.8012     0.345    -0.825     5.9053     4.8012     4.1029     3.8024     3.8298     3.8274     0.1431
1200.0283     5.3055     0.366    -0.825     5.8706     5.3055     4.1029     3.8024     3.8298     3.8274     0.1431
1200.0818     4.9734     0.350    -0.825     5.8360     4.9734     4.1029     3.8024     3.8298     3.8274     0.1431
1200.1353     3.3709     0.290    -0.825     5.8016     3.3709     4.1029     3.8024     3.8298     3.8274     0.1431
1200.1888     2.0636     0.228    -0.825     5.7673     2.0636     4.1029     3.8024     3.8298     3.8274     0.1431
1200.2423     2.0904     0.230    -0.825     5.7332     2.0904     3.5020     3.8024     3.7356     3.8274     0.1317
1200.2958     2.5821     0.251    -0.825     5.6991     2.5821     3.5020     3.8024     3.7356     3.8274     0.1317
1200.3492     3.9132     0.314    -0.825     5.6652     3.9132     3.5020     3.8024     3.7356     3.8274     0.1317
1200.4027     4.6241     0.337    -0.825     5.6314     4.6241     3.5020     3.8024     3.7356     3.8274     0.1317
1200.4562     4.3001     0.325    -0.825     5.5978     4.3001     3.5020     3.8024     3.7356     3.8274     0.1317
1200.5098     4.7939     0.344    -0.825     5.5642     4.7939     3.4895     3.8524     3.7356     3.8274     0.1310
1200.5632     3.7513     0.304    -0.825     5.5309     3.7513     3.4895     3.8524     3.7356     3.8274     0.1310
1200.6167     3.3631     0.285    -0.825     5.4977     3.3631     3.4895     3.8524     3.7356     3.8274     0.1310
1200.6702     2.9357     0.270    -0.825     5.4646     2.9357     3.4895     3.8524     3.7356     3.8274     0.1310
1200.7236     2.6037     0.252    -0.825     5.4316     2.6037     3.4895     3.8524     3.7356     3.8274     0.1310
1200.7771     2.9593     0.272    -0.825     5.3987     2.9593     4.2153     3.8524     3.7356     3.8274     0.1433
1200.8307     4.0171     0.311    -0.825     5.3660     4.0171     4.2153     3.8524     3.7356     3.8274     0.1433
1200.8842     4.2213     0.320    -0.825     5.3335     4.2213     4.2153     3.8524     3.7356     3.8274     0.1433
1200.9376     4.8503     0.342    -0.825     5.3010     4.8503     4.2153     3.8524     3.7356     3.8274     0.1433
1200.9911     5.0286     0.350    -0.825     5.2687     5.0286     4.2153     3.8524     3.7356     3.8274     0.1433
1201.0446     5.3551     0.361    -0.825     5.2365     5.3551     4.9566     5.1936     5.3175     5.3053     0.1555
1201.0980     4.9625     0.351    -0.825     5.2044     4.9625     4.9566     5.1936     5.3175     5.3053     0.1555
1201.1515     5.0327     0.350    -0.825     5.1725     5.0327     4.9566     5.1936     5.3175     5.3053     0.1555
1201.2051     4.5944     0.335    -0.825     5.1407     4.5944     4.9566     5.1936     5.3175     5.3053     0.1555
1201.2585     4.8385     0.342    -0.825     5.1091     4.8385     4.9566     5.1936     5.3175     5.3053     0.1555
1201.3120     5.8776     0.379    -0.825     5.0775     5.8776     5.4306     5.1936     5.3175     5.3053     0.1624
1201.3655     5.2743     0.359    -0.825     5.0461     5.2743     5.4306     5.1936     5.3175     5.3053     0.1624
1201.4189     5.2584     0.359    -0.825     5.0148     5.2584     5.4306     5.1936     5.3175     5.3053     0.1624
1201.4724     5.3098     0.361    -0.825     4.9837     5.3098     5.4306     5.1936     5.3175     5.3053     0.1624
1201.5259     5.4329     0.359    -0.825     4.9526     5.4329     5.4306     5.1936     5.3175     5.3053     0.1624
1201.5793     5.2617     0.356    -0.825     4.9218     5.2617     5.5653     5.4170     5.3175     5.3053     0.1652
1201.6328     5.4313     0.368    -0.825     4.8910     5.4313     5.5653     5.4170     5.3175     5.3053     0.1652
1201.6864     5.6275     0.368    -0.825     4.8603     5.6275     5.5653     5.4170     5.3175     5.3053     0.1652
1201.7399     5.5161     0.369    -0.825     4.8298     5.5161     5.5653     5.4170     5.3175     5.3053     0.1652
1201.7933     5.9898     0.384    -0.825     4.7994     5.9898     5.5653     5.4170     5.3175     5.3053     0.1652
1201.8468     5.4226     0.358    -0.825     4.7691     5.4226     5.2687     5.4170     5.4026     5.3053     0.1585
1201.9003     5.4475     0.360    -0.825     4.7390     5.4475     5.2687     5.4170     5.4026     5.3053     0.1585
1201.9537     5.2660     0.352    -0.825     4.7090     5.2660     5.2687     5.4170     5.4026     5.3053     0.1585
1202.0073     5.1790     0.352    -0.825     4.6791     5.1790     5.2687     5.4170     5.4026     5.3053     0.1585
1202.0608     5.0282     0.348    -0.825     4.6493     5.0282     5.2687     5.4170     5.4026     5.3053     0.1585
1202.1143     5.2696     0.358    -0.825     4.6197     5.2696     5.3828     5.4695     5.4026     5.3649     0.1611
1202.1677     5.0630     0.350    -0.825     4.5902     5.0630     5.3828     5.4695     5.4026     5.3649     0.1611
1202.2212     5.4846     0.365    -0.825     4.5608     5.4846     5.3828     5.4695     5.4026     5.3649     0.1611
1202.2748     5.3096     0.354    -0.825     4.5315     5.3096     5.3828     5.4695     5.4026     5.3649     0.1611
1202.3282     5.7872     0.373    -0.825     4.5024     5.7872     5.3828     5.4695     5.4026     5.3649     0.1611
1202.3817     6.0451     0.379    -0.825     4.4734     6.0451     5.5563     5.4695     5.4026     5.3649     0.1625
1202.4352     5.2115     0.352    -0.825     4.4445     5.2115     5.5563     5.4695     5.4026     5.3649     0.1625
1202.4886     5.0946     0.351    -0.825     4.4157     5.0946     5.5563     5.4695     5.4026     5.3649     0.1625
1202.5421     5.7521     0.369    -0.825     4.3870     5.7521     5.5563     5.4695     5.4026     5.3649     0.1625
1202.5956     5.6781     0.365    -0.825     4.3585     5.6781     5.5563     5.4695     5.4026     5.3649     0.1625
1202.6490     5.2632     0.357    -0.825     4.3301     5.2632     5.2620     5.2603     5.3227     5.3649     0.1580
1202.7025     5.3289     0.354    -0.825     4.3018     5.3289     5.2620     5.2603     5.3227     5.3649     0.1580
1202.7560     5.3497     0.354    -0.825     4.2736     5.3497     5.2620     5.2603     5.3227     5.3649     0.1580
1202.8094     5.2679     0.354    -0.825     4.2456     5.2679     5.2620     5.2603     5.3227     5.3649     0.1580
1202.8629     5.1006     0.349    -0.825     4.2176     5.1006     5.2620     5.2603     5.3227     5.3649     0.1580
1202.9164     5.2782     0.351    -0.825     4.1898     5.2782     5.2586     5.2603     5.3227     5.3649     0.1579
1202.9698     5.0708     0.346    -0.825     4.1622     5.0708     5.2586     5.2603     5.3227     5.3649     0.1579
1203.0233     5.3442     0.357    -0.825     4.1346     5.3442     5.2586     5.2603     5.3227     5.3649     0.1579
1203.0768     5.5009     0.362    -0.825     4.1072     5.5009     5.2586     5.2603     5.3227     5.3649     0.1579
1203.1302     5.0987     0.350    -0.825     4.0798     5.0987     5.2586     5.2603     5.3227     5.3649     0.1579
1203.1837     5.2519     0.357    -0.825     4.0526     5.2519     5.4475     5.2929     5.3227     5.3003     0.1602
1203.2372     5.7896     0.369    -0.825     4.0256     5.7896     5.4475     5.2929     5.3227     5.3003     0.1602
1203.2906     5.6366     0.364    -0.825     3.9986     5.6366     5.4475     5.2929     5.3227     5.3003     0.1602
1203.3441     5.3704     0.356    -0.825     3.9718     5.3704     5.4475     5.2929     5.3227     5.3003     0.1602
1203.3976     5.1891     0.345    -0.825     3.9451     5.1891     5.4475     5.2929     5.3227     5.3003     0.1602
1203.4510     5.4955     0.359    -0.825     3.9185     5.4955     5.1383     5.2929     5.2512     5.3003     0.1548
1203.5046     4.8433     0.334    -0.825     3.8920     4.8433     5.1383     5.2929     5.2512     5.3003     0.1548
1203.5581     5.0183     0.341    -0.825     3.8656     5.0183     5.1383     5.2929     5.2512     5.3003     0.1548
1203.6116     5.0570     0.345    -0.825     3.8394     5.0570     5.1383     5.2929     5.2512     5.3003     0.1548
1203.6650     5.2773     0.351    -0.825     3.8132     5.2773     5.1383     5.2929     5.2512     5.3003     0.1548
1203.7185     5.2306     0.346    -0.825     3.7872     5.2306     5.2728     5.3076     5.2512     5.3003     0.1564
1203.7720     5.6213     0.364    -0.825     3.7613     5.6213     5.2728     5.3076     5.2512     5.3003     0.1564
1203.8254     5.1261     0.342    -0.825     3.7356     5.1261     5.2728     5.3076     5.2512     5.3003     0.1564
1203.8788     5.2345     0.350    -0.825     3.7099     5.2345     5.2728     5.3076     5.2512     5.3003     0.1564
1203.9323     5.1514     0.346    -0.825     3.6843     5.1514     5.2728     5.3076     5.2512     5.3003     0.1564
1203.9857     5.5985     0.364    -0.825     3.6589     5.5985     5.3425     5.3076     5.2512     5.3003     0.1578
1204.0392     4.8629     0.335    -0.825     3.6336     4.8629     5.3425     5.3076     5.2512     5.3003     0.1578
1204.0927     5.4022     0.354    -0.825     3.6084     5.4022     5.3425     5.3076     5.2512     5.3003     0.1578
1204.1461     5.7385     0.366    -0.825     3.5833     5.7385     5.3425     5.3076     5.2512     5.3003     0.1578
1204.1996     5.1104     0.346    -0.825     3.5583     5.1104     5.3425     5.3076     5.2512     5.3003     0.1578
1204.2531     4.9676     0.337    -0.825     3.5335     4.9676     5.0733     5.1071     5.0503     5.0239     0.1535
1204.3065     5.1447     0.349    -0.825     3.5087     5.1447     5.0733     5.1071     5.0503     5.0239     0.1535
1204.3600     5.5991     0.359    -0.825     3.4841     5.5991     5.0733     5.1071     5.0503     5.0239     0.1535
1204.4135     4.8148     0.335    -0.825     3.4595     4.8148     5.0733     5.1071     5.0503     5.0239     0.1535
1204.4669     4.8402     0.335    -0.825     3.4352     4.8402     5.0733     5.1071     5.0503     5.0239     0.1535
1204.5204     5.5399     0.357    -0.825     3.4109     5.5399     5.1410     5.1071     5.0503     5.0239     0.1537
1204.5739     5.1587     0.344    -0.825     3.3867     5.1587     5.1410     5.1071     5.0503     5.0239     0.1537
1204.6273     4.7748     0.331    -0.825     3.3626     4.7748     5.1410     5.1071     5.0503     5.0239     0.1537
1204.6808     5.0055     0.337    -0.825     3.3387     5.0055     5.1410     5.1071     5.0503     5.0239     0.1537
1204.7343     5.2258     0.349    -0.825     3.3149     5.2258     5.1410     5.1071     5.0503     5.0239     0.1537
1204.7877     4.8802     0.335    -0.825     3.2912     4.8802     4.9367     4.9407     5.0503     5.0239     0.1502
1204.8412     4.5350     0.323    -0.825     3.2675     4.5350     4.9367     4.9407     5.0503     5.0239     0.1502
1204.8947     5.1817     0.344    -0.825     3.2440     5.1817     4.9367     4.9407     5.0503     5.0239     0.1502
1204.9481     5.3518     0.350    -0.825     3.2206     5.3518     4.9367     4.9407     5.0503     5.0239     0.1502
1205.0016     4.7345     0.327    -0.825     3.1974     4.7345     4.9367     4.9407     5.0503     5.0239     0.1502
1205.0551     4.8556     0.335    -0.825     3.1742     4.8556     4.9446     4.9407     4.4748     5.0239     0.1501
1205.1084     4.9311     0.333    -0.825     3.1511     4.9311     4.9446     4.9407     4.4748     5.0239     0.1501
1205.1619     4.9616     0.333    -0.825     3.1282     4.9616     4.9446     4.9407     4.4748     5.0239     0.1501
1205.2153     5.0655     0.341    -0.825     3.1053     5.0655     4.9446     4.9407     4.4748     5.0239     0.1501
1205.2688     4.9094     0.335    -0.825     3.0826     4.9094     4.9446     4.9407     4.4748     5.0239     0.1501
1205.3223     4.7205     0.325    -0.825     3.0600     4.7205     4.8316     4.2398     4.4748     3.3443     0.1473
1205.3757     4.6915     0.328    -0.825     3.0375     4.6915     4.8316     4.2398     4.4748     3.3443     0.1473
1205.4292     4.7519     0.327    -0.825     3.0151     4.7519     4.8316     4.2398     4.4748     3.3443     0.1473
1205.4827     5.0171     0.331    -0.825     2.9928     5.0171     4.8316     4.2398     4.4748     3.3443     0.1473
1205.5361     4.9770     0.336    -0.825     2.9706     4.9770     4.8316     4.2398     4.4748     3.3443     0.1473
1205.5896     4.9396     0.330    -0.825     2.9485     4.9396     3.6481     4.2398     4.4748     3.3443     0.1280
1205.6431     4.4849     0.318    -0.825     2.9265     4.4849     3.6481     4.2398     4.4748     3.3443     0.1280
1205.6964     3.7138     0.290    -0.825     2.9046     3.7138     3.6481     4.2398     4.4748     3.3443     0.1280
1205.7499     3.0334     0.261    -0.825     2.8829     3.0334     3.6481     4.2398     4.4748     3.3443     0.1280
1205.8033     2.0686     0.216    -0.825     2.8612     2.0686     3.6481     4.2398     4.4748     3.3443     0.1280
1205.8568     1.7564     0.199    -0.825     2.8397     1.7564     1.9729     2.4488     1.9221     3.3443     0.0937
1205.9103     1.8985     0.204    -0.825     2.8183     1.8985     1.9729     2.4488     1.9221     3.3443     0.0937
1205.9637     1.7610     0.198    -0.825     2.7970     1.7610     1.9729     2.4488     1.9221     3.3443     0.0937
1206.0172     2.0230     0.212    -0.825     2.7757     2.0230     1.9729     2.4488     1.9221     3.3443     0.0937
1206.0707     2.4255     0.234    -0.825     2.7546     2.4255     1.9729     2.4488     1.9221     3.3443     0.0937
1206.1241     2.8934     0.257    -0.825     2.7336     2.8934     2.9248     2.4488     1.9221     3.3443     0.1142
1206.1775     2.9173     0.256    -0.825     2.7127     2.9173     2.9248     2.4488     1.9221     3.3443     0.1142
1206.2310     3.2021     0.264    -0.825     2.6919     3.2021     2.9248     2.4488     1.9221     3.3443     0.1142
1206.2844     3.3483     0.274    -0.825     2.6712     3.3483     2.9248     2.4488     1.9221     3.3443     0.1142
1206.3379     2.2628     0.223    -0.825     2.6506     2.2628     2.9248     2.4488     1.9221     3.3443     0.1142
1206.3914     1.4933     0.183    -0.825     2.6301     1.4933     0.8685     1.7320     1.9221     3.3112     0.0628
1206.4448     1.0710     0.156    -0.825     2.6097     1.0710     0.8685     1.7320     1.9221     3.3112     0.0628
1206.4983     0.6496     0.122    -0.825     2.5894     0.6496     0.8685     1.7320     1.9221     3.3112     0.0628
1206.5516     0.4608     0.103    -0.825     2.5693     0.4608     0.8685     1.7320     1.9221     3.3112     0.0628
1206.6051     0.6679     0.124    -0.825     2.5492     0.6679     0.8685     1.7320     1.9221     3.3112     0.0628
1206.6586     0.9685     0.149    -0.825     2.5292     0.9685     2.5954     1.7320     4.1254     3.3112     0.1075
1206.7120     1.6711     0.194    -0.825     2.5093     1.6711     2.5954     1.7320     4.1254     3.3112     0.1075
1206.7655     2.5560     0.240    -0.825     2.4895     2.5560     2.5954     1.7320     4.1254     3.3112     0.1075
1206.8190     3.5807     0.282    -0.825     2.4699     3.5807     2.5954     1.7320     4.1254     3.3112     0.1075
1206.8724     4.2008     0.304    -0.825     2.4503     4.2008     2.5954     1.7320     4.1254     3.3112     0.1075
1206.9259     4.8362     0.324    -0.825     2.4308     4.8362     4.8350     4.8904     4.1254     3.3112     0.1461
1206.9794     4.7862     0.325    -0.825     2.4115     4.7862     4.8350     4.8904     4.1254     3.3112     0.1461
1207.0328     5.0824     0.338    -0.825     2.3922     5.0824     4.8350     4.8904     4.1254     3.3112     0.1461
1207.0863     4.8630     0.329    -0.825     2.3731     4.8630     4.8350     4.8904     4.1254     3.3112     0.1461
1207.1398     4.6071     0.317    -0.825     2.3540     4.6071     4.8350     4.8904     4.1254     3.3112     0.1461
1207.1931     5.0378     0.332    -0.825     2.3350     5.0378     4.9458     4.8904     4.1254     3.3112     0.1470
1207.2466     4.3461     0.306    -0.825     2.3162     4.3461     4.9458     4.8904     4.1254     3.3112     0.1470
1207.3000     4.7401     0.322    -0.825     2.2974     4.7401     4.9458     4.8904     4.1254     3.3112     0.1470
1207.3535     5.3535     0.343    -0.825     2.2787     5.3535     4.9458     4.8904     4.1254     3.3112     0.1470
1207.4070     5.2514     0.339    -0.825     2.2602     5.2514     4.9458     4.8904     4.1254     3.3112     0.1470
1207.4603     4.8988     0.324    -0.825     2.2417     4.8988     5.1680     4.8859     4.8750     4.8336     0.1506
1207.5138     5.0145     0.333    -0.825     2.2234     5.0145     5.1680     4.8859     4.8750     4.8336     0.1506
1207.5673     5.3410     0.343    -0.825     2.2051     5.3410     5.1680     4.8859     4.8750     4.8336     0.1506
1207.6207     4.8632     0.330    -0.825     2.1869     4.8632     5.1680     4.8859     4.8750     4.8336     0.1506
1207.6742     5.7226     0.352    -0.825     2.1688     5.7226     5.1680     4.8859     4.8750     4.8336     0.1506
1207.7275     4.9666     0.329    -0.825     2.1509     4.9666     4.6038     4.8859     4.8750     4.8336     0.1410
1207.7810     4.4437     0.307    -0.825     2.1330     4.4437     4.6038     4.8859     4.8750     4.8336     0.1410
1207.8345     4.4887     0.311    -0.825     2.1152     4.4887     4.6038     4.8859     4.8750     4.8336     0.1410
1207.8879     4.5180     0.311    -0.825     2.0975     4.5180     4.6038     4.8859     4.8750     4.8336     0.1410
1207.9413     4.6022     0.317    -0.825     2.0799     4.6022     4.6038     4.8859     4.8750     4.8336     0.1410
1207.9948     4.6660     0.317    -0.825     2.0624     4.6660     4.8532     4.7814     4.8750     4.8336     0.1443
1208.0482     5.2446     0.336    -0.825     2.0451     5.2446     4.8532     4.7814     4.8750     4.8336     0.1443
1208.1017     4.6364     0.314    -0.825     2.0278     4.6364     4.8532     4.7814     4.8750     4.8336     0.1443
1208.1552     4.8579     0.322    -0.825     2.0106     4.8579     4.8532     4.7814     4.8750     4.8336     0.1443
1208.2085     4.8609     0.323    -0.825     1.9934     4.8609     4.8532     4.7814     4.8750     4.8336     0.1443
1208.2620     4.4901     0.311    -0.825     1.9764     4.4901     4.7096     4.7814     4.6464     4.8336     0.1424
1208.3154     4.6746     0.317    -0.825     1.9595     4.6746     4.7096     4.7814     4.6464     4.8336     0.1424
1208.3689     4.5749     0.317    -0.825     1.9427     4.5749     4.7096     4.7814     4.6464     4.8336     0.1424
1208.4222     4.9989     0.326    -0.825     1.9260     4.9989     4.7096     4.7814     4.6464     4.8336     0.1424
1208.4757     4.8094     0.321    -0.825     1.9093     4.8094     4.7096     4.7814     4.6464     4.8336     0.1424
1208.5292     4.5265     0.310    -0.825     1.8928     4.5265     4.5655     4.6148     4.6464     4.6175     0.1395
1208.5826     4.5676     0.312    -0.825     1.8764     4.5676     4.5655     4.6148     4.6464     4.6175     0.1395
1208.6360     4.6465     0.317    -0.825     1.8600     4.6465     4.5655     4.6148     4.6464     4.6175     0.1395
1208.6895     4.6722     0.316    -0.825     1.8437     4.6722     4.5655     4.6148     4.6464     4.6175     0.1395
1208.7429     4.4148     0.304    -0.825     1.8276     4.4148     4.5655     4.6148     4.6464     4.6175     0.1395
1208.7963     4.0706     0.292    -0.825     1.8115     4.0706     4.6641     4.6148     4.6464     4.6175     0.1412
1208.8497     5.0618     0.328    -0.825     1.7955     5.0618     4.6641     4.6148     4.6464     4.6175     0.1412
1208.9032     4.9885     0.328    -0.825     1.7796     4.9885     4.6641     4.6148     4.6464     4.6175     0.1412
1208.9567     4.2408     0.302    -0.825     1.7638     4.2408     4.6641     4.6148     4.6464     4.6175     0.1412
1209.0100     4.9586     0.328    -0.825     1.7481     4.9586     4.6641     4.6148     4.6464     4.6175     0.1412
1209.0635     5.3546     0.345    -0.825     1.7325     5.3546     4.7348     4.6203     4.6058     4.6175     0.1427
1209.1169     4.2709     0.301    -0.825     1.7170     4.2709     4.7348     4.6203     4.6058     4.6175     0.1427
1209.1703     4.0954     0.297    -0.825     1.7015     4.0954     4.7348     4.6203     4.6058     4.6175     0.1427
1209.2238     4.8625     0.321    -0.825     1.6862     4.8625     4.7348     4.6203     4.6058     4.6175     0.1427
1209.2772     5.0907     0.329    -0.825     1.6709     5.0907     4.7348     4.6203     4.6058     4.6175     0.1427
1209.3307     4.2394     0.303    -0.825     1.6558     4.2394     4.5058     4.6203     4.6058     4.6175     0.1387
1209.3840     4.0581     0.294    -0.825     1.6407     4.0581     4.5058     4.6203     4.6058     4.6175     0.1387
1209.4375     4.2566     0.301    -0.825     1.6257     4.2566     4.5058     4.6203     4.6058     4.6175     0.1387
1209.4910     5.2730     0.338    -0.825     1.6108     5.2730     4.5058     4.6203     4.6058     4.6175     0.1387
1209.5443     4.7017     0.313    -0.825     1.5960     4.7017     4.5058     4.6203     4.6058     4.6175     0.1387
1209.5978     4.8360     0.321    -0.825     1.5813     4.8360     4.5769     4.5890     4.6058     4.5692     0.1393
1209.6512     4.5750     0.310    -0.825     1.5667     4.5750     4.5769     4.5890     4.6058     4.5692     0.1393
1209.7046     4.4678     0.306    -0.825     1.5521     4.4678     4.5769     4.5890     4.6058     4.5692     0.1393
1209.7581     4.8477     0.322    -0.825     1.5376     4.8477     4.5769     4.5890     4.6058     4.5692     0.1393
1209.8115     4.1583     0.298    -0.825     1.5233     4.1583     4.5769     4.5890     4.6058     4.5692     0.1393
1209.8649     4.4962     0.308    -0.825     1.5090     4.4962     4.6011     4.5890     4.5666     4.5692     0.1395
1209.9183     4.9854     0.325    -0.825     1.4948     4.9854     4.6011     4.5890     4.5666     4.5692     0.1395
1209.9718     4.3373     0.301    -0.825     1.4807     4.3373     4.6011     4.5890     4.5666     4.5692     0.1395
1210.0251     4.5939     0.313    -0.825     1.4667     4.5939     4.6011     4.5890     4.5666     4.5692     0.1395
1210.0786     4.5927     0.312    -0.825     1.4527     4.5927     4.6011     4.5890     4.5666     4.5692     0.1395
1210.1321     3.9482     0.290    -0.825     1.4389     3.9482     4.5900     4.5493     4.5666     4.5692     0.1386
1210.1854     4.6263     0.310    -0.825     1.4251     4.6263     4.5900     4.5493     4.5666     4.5692     0.1386
1210.2389     4.6638     0.311    -0.825     1.4115     4.6638     4.5900     4.5493     4.5666     4.5692     0.1386
1210.2924     4.8585     0.319    -0.825     1.3979     4.8585     4.5900     4.5493     4.5666     4.5692     0.1386
1210.3457     4.8532     0.318    -0.825     1.3843     4.8532     4.5900     4.5493     4.5666     4.5692     0.1386
1210.3992     4.3736     0.303    -0.825     1.3709     4.3736     4.5086     4.5493     4.5666     4.5692     0.1381
1210.4526     4.4885     0.311    -0.825     1.3576     4.4885     4.5086     4.5493     4.5666     4.5692     0.1381
1210.5060     4.3684     0.303    -0.825     1.3443     4.3684     4.5086     4.5493     4.5666     4.5692     0.1381
1210.5594     4.4994     0.306    -0.825     1.3312     4.4994     4.5086     4.5493     4.5666     4.5692     0.1381
1210.6129     4.8130     0.320    -0.825     1.3181     4.8130     4.5086     4.5493     4.5666     4.5692     0.1381
1210.6663     4.3611     0.300    -0.825     1.3051     4.3611     4.2637     4.2436     4.1972     4.1972     0.1326
1210.7197     3.9611     0.286    -0.825     1.2922     3.9611     4.2637     4.2436     4.1972     4.1972     0.1326
1210.7731     4.3828     0.301    -0.825     1.2793     4.3828     4.2637     4.2436     4.1972     4.1972     0.1326
1210.8265     4.3512     0.301    -0.825     1.2665     4.3512     4.2637     4.2436     4.1972     4.1972     0.1326
1210.8800     4.2626     0.294    -0.825     1.2539     4.2626     4.2637     4.2436     4.1972     4.1972     0.1326
1210.9333     4.0602     0.289    -0.825     1.2413     4.0602     4.2235     4.2436     4.1972     4.1972     0.1317
1210.9868     4.1847     0.292    -0.825     1.2288     4.1847     4.2235     4.2436     4.1972     4.1972     0.1317
1211.0403     4.3419     0.299    -0.825     1.2164     4.3419     4.2235     4.2436     4.1972     4.1972     0.1317
1211.0936     4.3515     0.295    -0.825     1.2040     4.3515     4.2235     4.2436     4.1972     4.1972     0.1317
1211.1471     4.1791     0.297    -0.825     1.1917     4.1791     4.2235     4.2436     4.1972     4.1972     0.1317
1211.2004     3.9601     0.283    -0.825     1.1796     3.9601     4.1043     4.1507     4.1972     4.1972     0.1293
1211.2539     4.1712     0.294    -0.825     1.1674     4.1712     4.1043     4.1507     4.1972     4.1972     0.1293
1211.3074     4.2849     0.296    -0.823     1.1554     4.2849     4.1043     4.1507     4.1972     4.1972     0.1293
1211.3607     3.9214     0.282    -0.808     1.1435     3.9214     4.1043     4.1507     4.1972     4.1972     0.1293
1211.4142     4.1840     0.291    -0.773     1.1316     4.1840     4.1043     4.1507     4.1972     4.1972     0.1293
1211.4675     3.8971     0.282    -0.726     1.1198     3.8971     4.1972     4.1507     3.9510     4.1972     0.1313
1211.5210     4.2531     0.292    -0.678     1.1081     4.2531     4.1972     4.1507     3.9510     4.1972     0.1313
1211.5745     4.4510     0.305    -0.629     1.0965     4.4510     4.1972     4.1507     3.9510     4.1972     0.1313
1211.6278     4.2611     0.296    -0.581     1.0850     4.2611     4.1972     4.1507     3.9510     4.1972     0.1313
1211.6813     4.1236     0.293    -0.533     1.0735     4.1236     4.1972     4.1507     3.9510     4.1972     0.1313
1211.7347     3.8375     0.280    -0.485     1.0621     3.8375     3.9370     3.8279     3.9510     3.6875     0.1263
1211.7882     3.9645     0.284    -0.437     1.0508     3.9645     3.9370     3.8279     3.9510     3.6875     0.1263
1211.8416     4.3600     0.295    -0.390     1.0395     4.3600     3.9370     3.8279     3.9510     3.6875     0.1263
1211.8950     3.3562     0.262    -0.343     1.0284     3.3562     3.9370     3.8279     3.9510     3.6875     0.1263
1211.9485     4.1669     0.289    -0.297     1.0173     4.1669     3.9370     3.8279     3.9510     3.6875     0.1263
1212.0018     3.7531     0.279    -0.250     1.0063     3.7531     3.7187     3.8279     3.9510     3.6875     0.1233
1212.0553     3.4855     0.269    -0.204     0.9954     3.4855     3.7187     3.8279     3.9510     3.6875     0.1233
1212.1086     3.6772     0.274    -0.158     0.9845     3.6772     3.7187     3.8279     3.9510     3.6875     0.1233
1212.1621     3.7548     0.276    -0.113     0.9737     3.7548     3.7187     3.8279     3.9510     3.6875     0.1233
1212.2155     3.9229     0.282    -0.068     0.9630     3.9229     3.7187     3.8279     3.9510     3.6875     0.1233
1212.2689     4.2296     0.291    -0.023     0.9524     4.2296     3.6427     3.5471     3.3312     3.6875     0.1213
1212.3223     3.5576     0.269     0.022     0.9419     3.5576     3.6427     3.5471     3.3312     3.6875     0.1213
1212.3757     3.8498     0.279     0.066     0.9314     3.8498     3.6427     3.5471     3.3312     3.6875     0.1213
1212.4291     3.3992     0.261     0.111     0.9210     3.3992     3.6427     3.5471     3.3312     3.6875     0.1213
1212.4825     3.1772     0.254     0.155     0.9107     3.1772     3.6427     3.5471     3.3312     3.6875     0.1213
1212.5360     3.6109     0.272     0.198     0.9004     3.6109     3.4515     3.5471     3.3312     3.6875     0.1184
1212.5894     3.4472     0.264     0.242     0.8902     3.4472     3.4515     3.5471     3.3312     3.6875     0.1184
1212.6428     3.2798     0.260     0.285     0.8801     3.2798     3.4515     3.5471     3.3312     3.6875     0.1184
1212.6962     3.5793     0.269     0.327     0.8701     3.5793     3.4515     3.5471     3.3312     3.6875     0.1184
1212.7496     3.3405     0.258     0.370     0.8601     3.3405     3.4515     3.5471     3.3312     3.6875     0.1184
1212.8030     3.3405     0.258     0.412     0.8502     3.3405     2.8993     2.7787     3.3312     2.3744     0.1082
1212.8564     2.7333     0.234     0.454     0.8404     2.7333     2.8993     2.7787     3.3312     2.3744     0.1082
1212.9098     2.6149     0.230     0.496     0.8307     2.6149     2.8993     2.7787     3.3312     2.3744     0.1082
1212.9633     2.9875     0.247     0.538     0.8210     2.9875     2.8993     2.7787     3.3312     2.3744     0.1082
1213.0166     2.8201     0.239     0.579     0.8114     2.8201     2.8993     2.7787     3.3312     2.3744     0.1082
1213.0701     2.4664     0.224     0.620     0.8019     2.4664     2.6581     2.7787     2.1995     2.3744     0.1037
1213.1234     2.9630     0.247     0.661     0.7925     2.9630     2.6581     2.7787     2.1995     2.3744     0.1037
1213.1769     2.6309     0.228     0.701     0.7831     2.6309     2.6581     2.7787     2.1995     2.3744     0.1037
1213.2302     2.7345     0.236     0.742     0.7738     2.7345     2.6581     2.7787     2.1995     2.3744     0.1037
1213.2837     2.4957     0.223     0.781     0.7645     2.4957     2.6581     2.7787     2.1995     2.3744     0.1037
1213.3370     1.8649     0.193     0.821     0.7554     1.8649     2.0702     1.9702     2.1995     2.3744     0.0913
1213.3905     2.2782     0.215     0.861     0.7463     2.2782     2.0702     1.9702     2.1995     2.3744     0.0913
1213.4438     2.3167     0.217     0.900     0.7373     2.3167     2.0702     1.9702     2.1995     2.3744     0.0913
1213.4973     1.9064     0.194     0.939     0.7283     1.9064     2.0702     1.9702     2.1995     2.3744     0.0913
1213.5507     1.9845     0.200     0.978     0.7194     1.9845     2.0702     1.9702     2.1995     2.3744     0.0913
1213.6041     2.1795     0.208     1.016     0.7106     2.1795     1.8703     1.9702     2.1995     2.3744     0.0862
1213.6575     2.0592     0.202     1.054     0.7018     2.0592     1.8703     1.9702     2.1995     2.3744     0.0862
1213.7108     1.8584     0.193     1.092     0.6932     1.8584     1.8703     1.9702     2.1995     2.3744     0.0862
1213.7643     1.6910     0.184     1.130     0.6846     1.6910     1.8703     1.9702     2.1995     2.3744     0.0862
1213.8176     1.5632     0.176     1.167     0.6760     1.5632     1.8703     1.9702     2.1995     2.3744     0.0862
1213.8711     1.0861     0.149     1.205     0.6675     1.0861     1.0962     0.8818     0.6753     0.5503     0.0663
1213.9244     1.0177     0.143     1.242     0.6591     1.0177     1.0962     0.8818     0.6753     0.5503     0.0663
1213.9779     1.3511     0.163     1.278     0.6508     1.3511     1.0962     0.8818     0.6753     0.5503     0.0663
1214.0312     1.2051     0.156     1.315     0.6425     1.2051     1.0962     0.8818     0.6753     0.5503     0.0663
1214.0847     0.8211     0.128     1.351     0.6343     0.8211     1.0962     0.8818     0.6753     0.5503     0.0663
1214.1381     0.9404     0.137     1.387     0.6262     0.9404     0.6673     0.8818     0.6753     0.5503     0.0521
1214.1915     0.7615     0.125     1.423     0.6181     0.7615     0.6673     0.8818     0.6753     0.5503     0.0521
1214.2449     0.6665     0.117     1.458     0.6101     0.6665     0.6673     0.8818     0.6753     0.5503     0.0521
1214.2982     0.4834     0.099     1.494     0.6021     0.4834     0.6673     0.8818     0.6753     0.5503     0.0521
1214.3517     0.4849     0.101     1.529     0.5943     0.4849     0.6673     0.8818     0.6753     0.5503     0.0521
1214.4050     0.3442     0.085     1.563     0.5864     0.3442     0.2624     0.2188     0.6753     0.5503     0.0335
1214.4585     0.3751     0.089     1.598     0.5787     0.3751     0.2624     0.2188     0.6753     0.5503     0.0335
1214.5118     0.2663     0.075     1.632     0.5710     0.2663     0.2624     0.2188     0.6753     0.5503     0.0335
1214.5653     0.1782     0.063     1.666     0.5634     0.1782     0.2624     0.2188     0.6753     0.5503     0.0335
1214.6187     0.1481     0.058     1.700     0.5559     0.1481     0.2624     0.2188     0.6753     0.5503     0.0335
1214.6720     0.2255     0.070     1.734     0.5484     0.2255     0.1752     0.2188     0.0801     0.5503     0.0280
1214.7255     0.1975     0.066     1.767     0.5409     0.1975     0.1752     0.2188     0.0801     0.5503     0.0280
1214.7788     0.2108     0.069     1.800     0.5336     0.2108     0.1752     0.2188     0.0801     0.5503     0.0280
1214.8323     0.1557     0.059     1.833     0.5263     0.1557     0.1752     0.2188     0.0801     0.5503     0.0280
1214.8856     0.0867     0.047     1.866     0.5191     0.0867     0.1752     0.2188     0.0801     0.5503     0.0280
1214.9391     0.1414     0.056     1.898     0.5119     0.1414     0.1687     0.0326     0.0801    -0.0893     0.0307
1214.9924     0.1973     0.066     1.931     0.5048     0.1973     0.1687     0.0326     0.0801    -0.0893     0.0307
1215.0458     0.2643     0.074     1.963     0.4977     0.2643     0.1687     0.0326     0.0801    -0.0893     0.0307
1215.0992     0.2038     0.070     1.994     0.4907     0.2038     0.1687     0.0326     0.0801    -0.0893     0.0307
1215.1526     0.0369     0.076     2.026     0.4838     0.0369     0.1687     0.0326     0.0801    -0.0893     0.0307
1215.2061     0.0121     0.077     2.057     0.4770     0.0121    -0.1036     0.0326     0.0801    -0.0893     0.0431
1215.2594    -0.0439     0.082     2.088     0.4702    -0.0439    -0.1036     0.0326     0.0801    -0.0893     0.0431
1215.3127    -0.0078     0.099     2.119     0.4634    -0.0078    -0.1036     0.0326     0.0801    -0.0893     0.0431
1215.3662    -0.3033     0.093     2.150     0.4567    -0.3033    -0.1036     0.0326     0.0801    -0.0893     0.0431
1215.4196    -0.1750     0.124     2.180     0.4501    -0.1750    -0.1036     0.0326     0.0801    -0.0893     0.0431
1215.4729     0.0228     0.144     2.210     0.4436     0.0228    -0.4069    -0.2111    -0.1086    -0.0893     0.1286
1215.5264    -0.0996     0.176     2.240     0.4371    -0.0996    -0.4069    -0.2111    -0.1086    -0.0893     0.1286
1215.5797    -0.7199     0.221     2.270     0.4306    -0.7199    -0.4069    -0.2111    -0.1086    -0.0893     0.1286
1215.6332    -0.3882     0.349     2.300     0.4243    -0.3882    -0.4069    -0.2111    -0.1086    -0.0893     0.1286
1215.6865    -0.8493     0.437     2.329     0.4179    -0.8493    -0.4069    -0.2111    -0.1086    -0.0893     0.1286
1215.7399     0.3073     0.489     2.358     0.4117     0.3073    -0.0154    -0.2111    -0.1086    -0.0893     0.2155
1215.7933    -0.1346     0.493     2.387     0.4055    -0.1346    -0.0154    -0.2111    -0.1086    -0.0893     0.2155
1215.8467    -0.9711     0.488     2.415     0.3993    -0.9711    -0.0154    -0.2111    -0.1086    -0.0893     0.2155
1215.9000    -0.0188     0.485     2.444     0.3932    -0.0188    -0.0154    -0.2111    -0.1086    -0.0893     0.2155
1215.9535     0.7405     0.453     2.472     0.3872     0.7405    -0.0154    -0.2111    -0.1086    -0.0893     0.2155
1216.0068     0.2033     0.321     2.500     0.3813     0.2033     0.0965     0.0958    -0.1086     0.1673     0.0907
1216.0602    -0.2318     0.209     2.528     0.3753    -0.2318     0.0965     0.0958    -0.1086     0.1673     0.0907
1216.1136     0.1634     0.151     2.555     0.3695     0.1634     0.0965     0.0958    -0.1086     0.1673     0.0907
1216.1670     0.1620     0.145     2.583     0.3637     0.1620     0.0965     0.0958    -0.1086     0.1673     0.0907
1216.2203     0.1855     0.124     2.610     0.3579     0.1855     0.0965     0.0958    -0.1086     0.1673     0.0907
1216.2738     0.1308     0.099     2.637     0.3523     0.1308     0.0952     0.0958     0.1909     0.1673     0.0389
1216.3271     0.0513     0.093     2.664     0.3466     0.0513     0.0952     0.0958     0.1909     0.1673     0.0389
1216.3805     0.1483     0.098     2.690     0.3411     0.1483     0.0952     0.0958     0.1909     0.1673     0.0389
1216.4340     0.0123     0.082     2.716     0.3356     0.0123     0.0952     0.0958     0.1909     0.1673     0.0389
1216.4873     0.1330     0.054     2.742     0.3301     0.1330     0.0952     0.0958     0.1909     0.1673     0.0389
1216.5406     0.2317     0.069     2.768     0.3247     0.2317     0.1980     0.2387     0.1909     0.1673     0.0289
1216.5941     0.2163     0.067     2.794     0.3193     0.2163     0.1980     0.2387     0.1909     0.1673     0.0289
1216.6476     0.2634     0.073     2.820     0.3140     0.2634     0.1980     0.2387     0.1909     0.1673     0.0289
1216.7009     0.1429     0.056     2.845     0.3088     0.1429     0.1980     0.2387     0.1909     0.1673     0.0289
1216.7544     0.1357     0.055     2.870     0.3036     0.1357     0.1980     0.2387     0.1909     0.1673     0.0289
1216.8077     0.1460     0.056     2.895     0.2985     0.1460     0.2794     0.2387     0.1909     0.1673     0.0339
1216.8611     0.2364     0.070     2.920     0.2934     0.2364     0.2794     0.2387     0.1909     0.1673     0.0339
1216.9146     0.3169     0.080     2.944     0.2884     0.3169     0.2794     0.2387     0.1909     0.1673     0.0339
1216.9679     0.2645     0.074     2.968     0.2834     0.2645     0.2794     0.2387     0.1909     0.1673     0.0339
1217.0212     0.4334     0.094     2.992     0.2785     0.4334     0.2794     0.2387     0.1909     0.1673     0.0339
1217.0746     0.4908     0.099     3.016     0.2737     0.4908     0.6569     0.9011     1.0944     1.3248     0.0508
1217.1281     0.6134     0.109     3.040     0.2688     0.6134     0.6569     0.9011     1.0944     1.3248     0.0508
1217.1814     0.4765     0.097     3.063     0.2641     0.4765     0.6569     0.9011     1.0944     1.3248     0.0508
1217.2347     0.7055     0.117     3.087     0.2594     0.7055     0.6569     0.9011     1.0944     1.3248     0.0508
1217.2882     0.9980     0.140     3.110     0.2547     0.9980     0.6569     0.9011     1.0944     1.3248     0.0508
1217.3416     0.9988     0.139     3.133     0.2501     0.9988     1.1454     0.9011     1.0944     1.3248     0.0660
1217.3949     1.2547     0.154     3.155     0.2456     1.2547     1.1454     0.9011     1.0944     1.3248     0.0660
1217.4482     1.1313     0.146     3.178     0.2411     1.1313     1.1454     0.9011     1.0944     1.3248     0.0660
1217.5017     1.1415     0.147     3.200     0.2366     1.1415     1.1454     0.9011     1.0944     1.3248     0.0660
1217.5551     1.2007     0.151     3.222     0.2322     1.2007     1.1454     0.9011     1.0944     1.3248     0.0660
1217.6084     1.2648     0.156     3.244     0.2279     1.2648     1.4810     1.7485     1.0944     1.3248     0.0748
1217.6617     1.3360     0.160     3.266     0.2236     1.3360     1.4810     1.7485     1.0944     1.3248     0.0748
1217.7152     1.7014     0.178     3.287     0.2193     1.7014     1.4810     1.7485     1.0944     1.3248     0.0748
1217.7686     1.4912     0.167     3.309     0.2151     1.4912     1.4810     1.7485     1.0944     1.3248     0.0748
1217.8219     1.6118     0.174     3.330     0.2110     1.6118     1.4810     1.7485     1.0944     1.3248     0.0748
1217.8752     2.0096     0.196     3.351     0.2069     2.0096     2.0160     1.7485     2.4788     1.3248     0.0871
1217.9287     1.8832     0.188     3.372     0.2028     1.8832     2.0160     1.7485     2.4788     1.3248     0.0871
1217.9821     2.2947     0.209     3.392     0.1988     2.2947     2.0160     1.7485     2.4788     1.3248     0.0871
1218.0354     1.8647     0.186     3.413     0.1949     1.8647     2.0160     1.7485     2.4788     1.3248     0.0871
1218.0887     2.0280     0.194     3.433     0.1910     2.0280     2.0160     1.7485     2.4788     1.3248     0.0871
1218.1422     2.3847     0.210     3.453     0.1871     2.3847     2.4713     2.7102     2.4788     2.9316     0.0953
1218.1956     2.4455     0.213     3.473     0.1833     2.4455     2.4713     2.7102     2.4788     2.9316     0.0953
1218.2489     2.6874     0.222     3.493     0.1796     2.6874     2.4713     2.7102     2.4788     2.9316     0.0953
1218.3022     2.4089     0.211     3.512     0.1759     2.4089     2.4713     2.7102     2.4788     2.9316     0.0953
1218.3557     2.4299     0.210     3.532     0.1722     2.4299     2.4713     2.7102     2.4788     2.9316     0.0953
1218.4091     2.6547     0.223     3.551     0.1686     2.6547     2.9492     2.7102     2.4788     2.9316     0.1047
1218.4624     2.8856     0.231     3.570     0.1650     2.8856     2.9492     2.7102     2.4788     2.9316     0.1047
1218.5157     3.1276     0.242     3.589     0.1615     3.1276     2.9492     2.7102     2.4788     2.9316     0.1047
1218.5691     3.0407     0.237     3.607     0.1580     3.0407     2.9492     2.7102     2.4788     2.9316     0.1047
1218.6226     3.0374     0.237     3.626     0.1546     3.0374     2.9492     2.7102     2.4788     2.9316     0.1047
1218.6759     2.9809     0.234     3.644     0.1512     2.9809     3.0839     3.1530     3.2572     2.9316     0.1070
1218.7292     2.9187     0.233     3.662     0.1479     2.9187     3.0839     3.1530     3.2572     2.9316     0.1070
1218.7826     2.8015     0.227     3.680     0.1446     2.8015     3.0839     3.1530     3.2572     2.9316     0.1070
1218.8359     3.4333     0.254     3.698     0.1414     3.4333     3.0839     3.1530     3.2572     2.9316     0.1070
1218.8894     3.2851     0.247     3.716     0.1382     3.2851     3.0839     3.1530     3.2572     2.9316     0.1070
1218.9427     3.0112     0.235     3.733     0.1350     3.0112     3.2221     3.1530     3.2572     2.9316     0.1084
1218.9961     3.3471     0.246     3.750     0.1319     3.3471     3.2221     3.1530     3.2572     2.9316     0.1084
1219.0494     3.2388     0.243     3.767     0.1289     3.2388     3.2221     3.1530     3.2572     2.9316     0.1084
1219.1028     3.1398     0.239     3.784     0.1259     3.1398     3.2221     3.1530     3.2572     2.9316     0.1084
1219.1562     3.3738     0.248     3.801     0.1229     3.3738     3.2221     3.1530     3.2572     2.9316     0.1084
1219.2096     3.1713     0.241     3.818     0.1200     3.1713     3.4655     3.6097     3.2572     3.7981     0.1127
1219.2629     3.3572     0.249     3.834     0.1171     3.3572     3.4655     3.6097     3.2572     3.7981     0.1127
1219.3163     3.6956     0.261     3.850     0.1143     3.6956     3.4655     3.6097     3.2572     3.7981     0.1127
1219.3696     3.4406     0.250     3.866     0.1115     3.4406     3.4655     3.6097     3.2572     3.7981     0.1127
1219.4230     3.6628     0.258     3.882     0.1087     3.6628     3.4655     3.6097     3.2572     3.7981     0.1127
1219.4764     3.2189     0.242     3.898     0.1060     3.2189     3.7538     3.6097     3.9089     3.7981     0.1162
1219.5298     3.8346     0.263     3.914     0.1034     3.8346     3.7538     3.6097     3.9089     3.7981     0.1162
1219.5831     3.8136     0.264     3.929     0.1008     3.8136     3.7538     3.6097     3.9089     3.7981     0.1162
1219.6365     3.7662     0.259     3.944     0.0982     3.7662     3.7538     3.6097     3.9089     3.7981     0.1162
1219.6898     4.1358     0.271     3.960     0.0957     4.1358     3.7538     3.6097     3.9089     3.7981     0.1162
1219.7432     3.7367     0.261     3.975     0.0932     3.7367     3.8010     3.9865     3.9089     3.7981     0.1174
1219.7966     3.6480     0.259     3.989     0.0908     3.6480     3.8010     3.9865     3.9089     3.7981     0.1174
1219.8500     4.0433     0.269     4.004     0.0884     4.0433     3.8010     3.9865     3.9089     3.7981     0.1174
1219.9033     3.5077     0.253     4.019     0.0861     3.5077     3.8010     3.9865     3.9089     3.7981     0.1174
1219.9567     4.0692     0.271     4.033     0.0838     4.0692     3.8010     3.9865     3.9089     3.7981     0.1174
1220.0100     4.4805     0.278     4.047     0.0815     4.4805     4.1720     3.9865     3.9089     3.7981     0.1217
1220.0634     4.2481     0.275     4.061     0.0793     4.2481     4.1720     3.9865     3.9089     3.7981     0.1217
1220.1167     4.1394     0.271     4.075     0.0772     4.1394     4.1720     3.9865     3.9089     3.7981     0.1217
1220.1702     3.8315     0.261     4.089     0.0750     3.8315     4.1720     3.9865     3.9089     3.7981     0.1217
1220.2235     4.1606     0.275     4.102     0.0730     4.1606     4.1720     3.9865     3.9089     3.7981     0.1217
1220.2769     4.3411     0.282     4.116     0.0709     4.3411     4.1284     4.1555     4.2837     4.2674     0.1219
1220.3302     4.3474     0.280     4.129     0.0690     4.3474     4.1284     4.1555     4.2837     4.2674     0.1219
1220.3835     3.9923     0.269     4.142     0.0670     3.9923     4.1284     4.1555     4.2837     4.2674     0.1219
1220.4369     4.1072     0.269     4.155     0.0651     4.1072     4.1284     4.1555     4.2837     4.2674     0.1219
1220.4902     3.8542     0.263     4.168     0.0633     3.8542     4.1284     4.1555     4.2837     4.2674     0.1219
1220.5436     3.9263     0.265     4.181     0.0615     3.9263     4.1826     4.1555     4.2837     4.2674     0.1228
1220.5969     4.4267     0.281     4.193     0.0597     4.4267     4.1826     4.1555     4.2837     4.2674     0.1228
1220.6504     4.1292     0.275     4.206     0.0580     4.1292     4.1826     4.1555     4.2837     4.2674     0.1228
1220.7037     4.2692     0.281     4.218     0.0564     4.2692     4.1826     4.1555     4.2837     4.2674     0.1228
1220.7571     4.1618     0.272     4.230     0.0548     4.1618     4.1826     4.1555     4.2837     4.2674     0.1228
1220.8104     4.5819     0.286     4.242     0.0532     4.5819     4.5400     4.3793     4.2837     4.2674     0.1281
1220.8638     4.6704     0.291     4.254     0.0517     4.6704     4.5400     4.3793     4.2837     4.2674     0.1281
1220.9171     4.2880     0.278     4.266     0.0502     4.2880     4.5400     4.3793     4.2837     4.2674     0.1281
1220.9705     4.5264     0.286     4.277     0.0488     4.5264     4.5400     4.3793     4.2837     4.2674     0.1281
1221.0238     4.6332     0.291     4.289     0.0475     4.6332     4.5400     4.3793     4.2837     4.2674     0.1281
1221.0771     4.1844     0.274     4.300     0.0462     4.1844     4.2187     4.3793     4.4512     4.2674     0.1228
1221.1305     4.3388     0.277     4.311     0.0449     4.3388     4.2187     4.3793     4.4512     4.2674     0.1228
1221.1838     4.2520     0.276     4.322     0.0437     4.2520     4.2187     4.3793     4.4512     4.2674     0.1228
1221.2373     4.1140     0.271     4.333     0.0425     4.1140     4.2187     4.3793     4.4512     4.2674     0.1228
1221.2906     4.2042     0.275     4.344     0.0414     4.2042     4.2187     4.3793     4.4512     4.2674     0.1228
1221.3440     4.3937     0.278     4.354     0.0404     4.3937     4.6332     4.5675     4.4512     4.4820     0.1281
1221.3973     4.5691     0.285     4.365     0.0394     4.5691     4.6332     4.5675     4.4512     4.4820     0.1281
1221.4507     4.6987     0.288     4.375     0.0384     4.6987     4.6332     4.5675     4.4512     4.4820     0.1281
1221.5042     4.7848     0.292     4.385     0.0376     4.7848     4.6332     4.5675     4.4512     4.4820     0.1281
1221.5575     4.7197     0.289     4.396     0.0367     4.7197     4.6332     4.5675     4.4512     4.4820     0.1281
1221.6108     4.8277     0.294     4.405     0.0359     4.8277     4.5018     4.5675     4.4512     4.4820     0.1258
1221.6642     4.0058     0.264     4.415     0.0352     4.0058     4.5018     4.5675     4.4512     4.4820     0.1258
1221.7175     4.5094     0.281     4.425     0.0345     4.5094     4.5018     4.5675     4.4512     4.4820     0.1258
1221.7709     4.6638     0.285     4.435     0.0339     4.6638     4.5018     4.5675     4.4512     4.4820     0.1258
1221.8242     4.5023     0.281     4.444     0.0333     4.5023     4.5018     4.5675     4.4512     4.4820     0.1258
1221.8776     4.2699     0.274     4.453     0.0328     4.2699     4.3246     4.3965     4.4362     4.4820     0.1232
1221.9309     4.1939     0.272     4.462     0.0324     4.1939     4.3246     4.3965     4.4362     4.4820     0.1232
1221.9843     4.3662     0.276     4.472     0.0319     4.3662     4.3246     4.3965     4.4362     4.4820     0.1232
1222.0376     4.2479     0.276     4.480     0.0316     4.2479     4.3246     4.3965     4.4362     4.4820     0.1232
1222.0909     4.5452     0.279     4.489     0.0312     4.5452     4.3246     4.3965     4.4362     4.4820     0.1232
1222.1443     4.3176     0.276     4.498     0.0310     4.3176     4.4684     4.3965     4.4362     4.4820     0.1243
1222.1976     4.3013     0.273     4.507     0.0307     4.3013     4.4684     4.3965     4.4362     4.4820     0.1243
1222.2510     4.4935     0.277     4.515     0.0305     4.4935     4.4684     4.3965     4.4362     4.4820     0.1243
1222.3043     4.5829     0.282     4.523     0.0304     4.5829     4.4684     4.3965     4.4362     4.4820     0.1243
1222.3577     4.6469     0.282     4.532     0.0302     4.6469     4.4684     4.3965     4.4362     4.4820     0.1243
1222.4110     4.4167     0.275     4.540     0.0302     4.4167     4.5156     4.6014     4.4362     4.5750     0.1249
1222.4644     4.9828     0.295     4.548     0.0301     4.9828     4.5156     4.6014     4.4362     4.5750     0.1249
1222.5177     3.9916     0.262     4.556     0.0301     3.9916     4.5156     4.6014     4.4362     4.5750     0.1249
1222.5710     4.5167     0.279     4.563     0.0301     4.5167     4.5156     4.6014     4.4362     4.5750     0.1249
1222.6244     4.6703     0.285     4.571     0.0301     4.6703     4.5156     4.6014     4.4362     4.5750     0.1249
1222.6777     4.6857     0.283     4.578     0.0302     4.6857     4.6871     4.6014     4.5947     4.5750     0.1276
1222.7311     4.7397     0.287     4.586     0.0303     4.7397     4.6871     4.6014     4.5947     4.5750     0.1276
1222.7844     4.2731     0.273     4.593     0.0303     4.2731     4.6871     4.6014     4.5947     4.5750     0.1276
1222.8378     4.6980     0.286     4.600     0.0305     4.6980     4.6871     4.6014     4.5947     4.5750     0.1276
1222.8911     5.0392     0.298     4.607     0.0306     5.0392     4.6871     4.6014     4.5947     4.5750     0.1276
1222.9445     4.8940     0.291     4.614     0.0307     4.8940     4.7435     4.5485     4.5947     4.5750     0.1282
1222.9978     4.6025     0.284     4.621     0.0309     4.6025     4.7435     4.5485     4.5947     4.5750     0.1282
1223.0511     5.1150     0.295     4.628     0.0310     5.1150     4.7435     4.5485     4.5947     4.5750     0.1282
1223.1045     4.4881     0.280     4.635     0.0312     4.4881     4.7435     4.5485     4.5947     4.5750     0.1282
1223.1578     4.6181     0.284     4.641     0.0314     4.6181     4.7435     4.5485     4.5947     4.5750     0.1282
1223.2112     4.6057     0.285     4.648     0.0315     4.6057     4.3535     4.5485     4.5947     4.5750     0.1231
1223.2645     4.7340     0.286     4.654     0.0317     4.7340     4.3535     4.5485     4.5947     4.5750     0.1231
1223.3179     4.1280     0.266     4.660     0.0319     4.1280     4.3535     4.5485     4.5947     4.5750     0.1231
1223.3712     4.2776     0.273     4.666     0.0321     4.2776     4.3535     4.5485     4.5947     4.5750     0.1231
1223.4246     4.0225     0.265     4.672     0.0323     4.0225     4.3535     4.5485     4.5947     4.5750     0.1231
1223.4779     3.8816     0.258     4.678     0.0325     3.8816     3.8675     4.2727     4.3521     4.4072     0.1150
1223.5312     4.0532     0.267     4.684     0.0326     4.0532     3.8675     4.2727     4.3521     4.4072     0.1150
1223.5846     3.6723     0.250     4.690     0.0328     3.6723     3.8675     4.2727     4.3521     4.4072     0.1150
1223.6379     3.7510     0.250     4.695     0.0330     3.7510     3.8675     4.2727     4.3521     4.4072     0.1150
1223.6913     3.9792     0.260     4.701     0.0332     3.9792     3.8675     4.2727     4.3521     4.4072     0.1150
1223.7446     4.4800     0.274     4.706     0.0333     4.4800     4.6779     4.2727     4.3521     4.4072     0.1265
1223.7980     5.0467     0.294     4.712     0.0335     5.0467     4.6779     4.2727     4.3521     4.4072     0.1265
1223.8513     5.0292     0.296     4.717     0.0337     5.0292     4.6779     4.2727     4.3521     4.4072     0.1265
1223.9047     4.5442     0.278     4.722     0.0338     4.5442     4.6779     4.2727     4.3521     4.4072     0.1265
1223.9579     4.2895     0.271     4.727     0.0340     4.2895     4.6779     4.2727     4.3521     4.4072     0.1265
1224.0112     4.5178     0.276     4.732     0.0341     4.5178     4.5108     4.5417     4.3521     4.4072     0.1229
1224.0646     4.6033     0.276     4.737     0.0343     4.6033     4.5108     4.5417     4.3521     4.4072     0.1229
1224.1179     4.4817     0.277     4.741     0.0344     4.4817     4.5108     4.5417     4.3521     4.4072     0.1229
1224.1713     4.4080     0.272     4.746     0.0345     4.4080     4.5108     4.5417     4.3521     4.4072     0.1229
1224.2246     4.5434     0.273     4.751     0.0346     4.5434     4.5108     4.5417     4.3521     4.4072     0.1229
1224.2780     4.5710     0.281     4.755     0.0347     4.5710     4.5726     4.5417     4.7750     4.4072     0.1248
1224.3313     4.9346     0.288     4.760     0.0348     4.9346     4.5726     4.5417     4.7750     4.4072     0.1248
1224.3846     4.2593     0.267     4.764     0.0349     4.2593     4.5726     4.5417     4.7750     4.4072     0.1248
1224.4380     4.5247     0.279     4.768     0.0350     4.5247     4.5726     4.5417     4.7750     4.4072     0.1248
1224.4913     4.5735     0.280     4.772     0.0351     4.5735     4.5726     4.5417     4.7750     4.4072     0.1248
1224.5447     5.3946     0.301     4.776     0.0351     5.3946     5.0188     4.8762     4.7750     4.8773     0.1306
1224.5979     4.8691     0.289     4.780     0.0352     4.8691     5.0188     4.8762     4.7750     4.8773     0.1306
1224.6512     4.8084     0.287     4.784     0.0353     4.8084     5.0188     4.8762     4.7750     4.8773     0.1306
1224.7046     5.3423     0.301     4.788     0.0353     5.3423     5.0188     4.8762     4.7750     4.8773     0.1306
1224.7579     4.6794     0.282     4.792     0.0353     4.6794     5.0188     4.8762     4.7750     4.8773     0.1306
1224.8113     4.6921     0.283     4.795     0.0354     4.6921     4.7337     4.8762     4.7750     4.8773     0.1269
1224.8646     4.8557     0.288     4.799     0.0354     4.8557     4.7337     4.8762     4.7750     4.8773     0.1269
1224.9180     4.8935     0.289     4.802     0.0354     4.8935     4.7337     4.8762     4.7750     4.8773     0.1269
1224.9713     4.4741     0.277     4.806     0.0354     4.4741     4.7337     4.8762     4.7750     4.8773     0.1269
1225.0245     4.7527     0.282     4.809     0.0354     4.7527     4.7337     4.8762     4.7750     4.8773     0.1269
1225.0779     4.7636     0.283     4.812     0.0354     4.7636     4.9699     4.8783     4.8493     4.8773     0.1299
1225.1312     5.0782     0.296     4.815     0.0354     5.0782     4.9699     4.8783     4.8493     4.8773     0.1299
1225.1846     4.9979     0.290     4.818     0.0354     4.9979     4.9699     4.8783     4.8493     4.8773     0.1299
1225.2379     4.6709     0.282     4.821     0.0354     4.6709     4.9699     4.8783     4.8493     4.8773     0.1299
1225.2913     5.3388     0.301     4.824     0.0353     5.3388     4.9699     4.8783     4.8493     4.8773     0.1299
1225.3446     4.9802     0.290     4.827     0.0353     4.9802     4.7868     4.8783     4.8493     4.8773     0.1268
1225.3979     4.7374     0.282     4.830     0.0352     4.7374     4.7868     4.8783     4.8493     4.8773     0.1268
1225.4512     4.5836     0.278     4.833     0.0352     4.5836     4.7868     4.8783     4.8493     4.8773     0.1268
1225.5045     4.6909     0.279     4.835     0.0351     4.6909     4.7868     4.8783     4.8493     4.8773     0.1268
1225.5579     4.9419     0.288     4.838     0.0351     4.9419     4.7868     4.8783     4.8493     4.8773     0.1268
1225.6112     5.3025     0.296     4.840     0.0350     5.3025     4.7912     4.8298     4.8493     4.8052     0.1266
1225.6646     4.9930     0.291     4.843     0.0350     4.9930     4.7912     4.8298     4.8493     4.8052     0.1266
1225.7179     4.5838     0.278     4.845     0.0349     4.5838     4.7912     4.8298     4.8493     4.8052     0.1266
1225.7711     4.4510     0.273     4.848     0.0348     4.4510     4.7912     4.8298     4.8493     4.8052     0.1266
1225.8245     4.6257     0.277     4.850     0.0347     4.6257     4.7912     4.8298     4.8493     4.8052     0.1266
1225.8778     4.5901     0.275     4.852     0.0346     4.5901     4.8685     4.8298     4.8099     4.8052     0.1270
1225.9312     4.8210     0.282     4.854     0.0345     4.8210     4.8685     4.8298     4.8099     4.8052     0.1270
1225.9845     5.2661     0.294     4.856     0.0345     5.2661     4.8685     4.8298     4.8099     4.8052     0.1270
1226.0378     4.7556     0.281     4.858     0.0344     4.7556     4.8685     4.8298     4.8099     4.8052     0.1270
1226.0911     4.9097     0.287     4.860     0.0343     4.9097     4.8685     4.8298     4.8099     4.8052     0.1270
1226.1444     5.1847     0.294     4.862     0.0342     5.1847     4.7624     4.7806     4.8099     4.8052     0.1255
1226.1978     4.8715     0.284     4.864     0.0341     4.8715     4.7624     4.7806     4.8099     4.8052     0.1255
1226.2511     4.5435     0.274     4.865     0.0339     4.5435     4.7624     4.7806     4.8099     4.8052     0.1255
1226.3044     4.6721     0.277     4.867     0.0338     4.6721     4.7624     4.7806     4.8099     4.8052     0.1255
1226.3577     4.5401     0.272     4.869     0.0337     4.5401     4.7624     4.7806     4.8099     4.8052     0.1255
1226.4111     4.4388     0.271     4.870     0.0336     4.4388     4.7988     4.7806     4.8099     4.8052     0.1255
1226.4645     4.3976     0.267     4.872     0.0335     4.3976     4.7988     4.7806     4.8099     4.8052     0.1255
1226.5178     5.1043     0.292     4.873     0.0334     5.1043     4.7988     4.7806     4.8099     4.8052     0.1255
1226.5712     4.9861     0.286     4.875     0.0333     4.9861     4.7988     4.7806     4.8099     4.8052     0.1255
1226.6244     5.0674     0.287     4.876     0.0332     5.0674     4.7988     4.7806     4.8099     4.8052     0.1255
1226.6777     5.0013     0.286     4.877     0.0331     5.0013     4.6389     4.3985     4.4991     4.5750     0.1236
1226.7311     4.5160     0.273     4.878     0.0330     4.5160     4.6389     4.3985     4.4991     4.5750     0.1236
1226.7844     4.8683     0.284     4.880     0.0329     4.8683     4.6389     4.3985     4.4991     4.5750     0.1236
1226.8376     4.3484     0.269     4.881     0.0327     4.3484     4.6389     4.3985     4.4991     4.5750     0.1236
1226.8910     4.4605     0.271     4.882     0.0326     4.4605     4.6389     4.3985     4.4991     4.5750     0.1236
1226.9443     4.2235     0.262     4.883     0.0325     4.2235     4.1581     4.3985     4.4991     4.5750     0.1171
1226.9977     3.9899     0.256     4.884     0.0324     3.9899     4.1581     4.3985     4.4991     4.5750     0.1171
1227.0510     3.8110     0.252     4.885     0.0323     3.8110     4.1581     4.3985     4.4991     4.5750     0.1171
1227.1042     4.3554     0.268     4.886     0.0322     4.3554     4.1581     4.3985     4.4991     4.5750     0.1171
1227.1576     4.4106     0.271     4.886     0.0321     4.4106     4.1581     4.3985     4.4991     4.5750     0.1171
1227.2109     4.6522     0.278     4.887     0.0320     4.6522     4.7003     4.7515     4.4991     4.5750     0.1234
1227.2643     4.7110     0.275     4.888     0.0320     4.7110     4.7003     4.7515     4.4991     4.5750     0.1234
1227.3175     4.5288     0.270     4.889     0.0319     4.5288     4.7003     4.7515     4.4991     4.5750     0.1234
1227.3708     4.9628     0.283     4.889     0.0318     4.9628     4.7003     4.7515     4.4991     4.5750     0.1234
1227.4242     4.6469     0.273     4.890     0.0317     4.6469     4.7003     4.7515     4.4991     4.5750     0.1234
1227.4775     4.5466     0.274     4.891     0.0316     4.5466     4.8026     4.7515     4.5380     4.5750     0.1255
1227.5308     4.9527     0.288     4.891     0.0315     4.9527     4.8026     4.7515     4.5380     4.5750     0.1255
1227.5841     4.8252     0.282     4.892     0.0315     4.8252     4.8026     4.7515     4.5380     4.5750     0.1255
1227.6375     4.8310     0.280     4.892     0.0314     4.8310     4.8026     4.7515     4.5380     4.5750     0.1255
1227.6908     4.8576     0.279     4.892     0.0313     4.8576     4.8026     4.7515     4.5380     4.5750     0.1255
1227.7440     4.3049     0.263     4.893     0.0313     4.3049     4.1712     4.4058     4.5380     4.5827     0.1165
1227.7974     4.2444     0.261     4.893     0.0312     4.2444     4.1712     4.4058     4.5380     4.5827     0.1165
1227.8507     3.9326     0.254     4.893     0.0312     3.9326     4.1712     4.4058     4.5380     4.5827     0.1165
1227.9039     4.1256     0.262     4.894     0.0311     4.1256     4.1712     4.4058     4.5380     4.5827     0.1165
1227.9573     4.2485     0.263     4.894     0.0311     4.2485     4.1712     4.4058     4.5380     4.5827     0.1165
1228.0106     4.6078     0.274     4.894     0.0311     4.6078     4.6403     4.4058     4.5380     4.5827     0.1230
1228.0640     4.8064     0.282     4.894     0.0310     4.8064     4.6403     4.4058     4.5380     4.5827     0.1230
1228.1172     4.5369     0.272     4.894     0.0310     4.5369     4.6403     4.4058     4.5380     4.5827     0.1230
1228.1705     4.2715     0.262     4.895     0.0310     4.2715     4.6403     4.4058     4.5380     4.5827     0.1230
1228.2239     4.9789     0.285     4.895     0.0310     4.9789     4.6403     4.4058     4.5380     4.5827     0.1230
1228.2771     4.3379     0.265     4.895     0.0309     4.3379     4.7270     4.7596     4.8048     4.5827     0.1233
1228.3304     4.8240     0.279     4.895     0.0309     4.8240     4.7270     4.7596     4.8048     4.5827     0.1233
1228.3838     5.0174     0.284     4.895     0.0309     5.0174     4.7270     4.7596     4.8048     4.5827     0.1233
1228.4371     4.8966     0.281     4.895     0.0309     4.8966     4.7270     4.7596     4.8048     4.5827     0.1233
1228.4904     4.5589     0.271     4.895     0.0309     4.5589     4.7270     4.7596     4.8048     4.5827     0.1233
1228.5437     4.7304     0.276     4.895     0.0309     4.7304     4.7922     4.7596     4.8048     4.5827     0.1241
1228.5970     4.9175     0.280     4.894     0.0309     4.9175     4.7922     4.7596     4.8048     4.5827     0.1241
1228.6503     4.7399     0.275     4.894     0.0309     4.7399     4.7922     4.7596     4.8048     4.5827     0.1241
1228.7036     4.6168     0.273     4.894     0.0310     4.6168     4.7922     4.7596     4.8048     4.5827     0.1241
1228.7570     4.9565     0.284     4.894     0.0310     4.9565     4.7922     4.7596     4.8048     4.5827     0.1241
1228.8102     5.0232     0.283     4.894     0.0310     5.0232     4.8951     4.8506     4.8048     4.9272     0.1246
1228.8635     5.2911     0.291     4.894     0.0310     5.2911     4.8951     4.8506     4.8048     4.9272     0.1246
1228.9169     4.4484     0.264     4.893     0.0310     4.4484     4.8951     4.8506     4.8048     4.9272     0.1246
1228.9701     4.8021     0.277     4.893     0.0311     4.8021     4.8951     4.8506     4.8048     4.9272     0.1246
1229.0234     4.9107     0.278     4.893     0.0311     4.9107     4.8951     4.8506     4.8048     4.9272     0.1246
1229.0768     4.5701     0.269     4.892     0.0311     4.5701     4.8061     4.8506     4.9379     4.9272     0.1234
1229.1300     5.2278     0.289     4.892     0.0312     5.2278     4.8061     4.8506     4.9379     4.9272     0.1234
1229.1833     5.0945     0.284     4.892     0.0312     5.0945     4.8061     4.8506     4.9379     4.9272     0.1234
1229.2367     4.6451     0.269     4.892     0.0313     4.6451     4.8061     4.8506     4.9379     4.9272     0.1234
1229.2899     4.4931     0.268     4.891     0.0313     4.4931     4.8061     4.8506     4.9379     4.9272     0.1234
1229.3433     4.8923     0.277     4.891     0.0313     4.8923     5.0150     5.0038     4.9379     4.9272     0.1255
1229.3965     5.1032     0.284     4.890     0.0314     5.1032     5.0150     5.0038     4.9379     4.9272     0.1255
1229.4498     4.9433     0.279     4.890     0.0314     4.9433     5.0150     5.0038     4.9379     4.9272     0.1255
1229.5032     5.0416     0.280     4.890     0.0315     5.0416     5.0150     5.0038     4.9379     4.9272     0.1255
1229.5564     5.0948     0.283     4.889     0.0315     5.0948     5.0150     5.0038     4.9379     4.9272     0.1255
1229.6097     5.2634     0.289     4.889     0.0315     5.2634     4.9925     5.0038     4.9379     4.9272     0.1261
1229.6631     5.1565     0.285     4.888     0.0316     5.1565     4.9925     5.0038     4.9379     4.9272     0.1261
1229.7163     4.7931     0.278     4.888     0.0316     4.7931     4.9925     5.0038     4.9379     4.9272     0.1261
1229.7697     5.0310     0.281     4.887     0.0317     5.0310     4.9925     5.0038     4.9379     4.9272     0.1261
1229.8230     4.7184     0.276     4.887     0.0317     4.7184     4.9925     5.0038     4.9379     4.9272     0.1261
1229.8762     4.4368     0.265     4.887     0.0317     4.4368     4.7480     4.7628     4.8219     4.8403     0.1223
1229.9296     4.9278     0.278     4.886     0.0318     4.9278     4.7480     4.7628     4.8219     4.8403     0.1223
1229.9828     4.6605     0.271     4.886     0.0318     4.6605     4.7480     4.7628     4.8219     4.8403     0.1223
1230.0361     4.8256     0.277     4.885     0.0318     4.8256     4.7480     4.7628     4.8219     4.8403     0.1223
1230.0895     4.8892     0.276     4.885     0.0319     4.8892     4.7480     4.7628     4.8219     4.8403     0.1223
1230.1427     4.9747     0.281     4.884     0.0319     4.9747     4.7776     4.7628     4.8219     4.8403     0.1227
1230.1960     4.9568     0.279     4.884     0.0319     4.9568     4.7776     4.7628     4.8219     4.8403     0.1227
1230.2493     4.7563     0.274     4.883     0.0319     4.7563     4.7776     4.7628     4.8219     4.8403     0.1227
1230.3026     4.5151     0.266     4.883     0.0319     4.5151     4.7776     4.7628     4.8219     4.8403     0.1227
1230.3560     4.6854     0.271     4.882     0.0319     4.6854     4.7776     4.7628     4.8219     4.8403     0.1227
1230.4092     5.2056     0.284     4.882     0.0319     5.2056     4.9400     4.9178     4.8219     4.8403     0.1243
1230.4625     4.8012     0.275     4.881     0.0319     4.8012     4.9400     4.9178     4.8219     4.8403     0.1243
1230.5157     5.1425     0.285     4.881     0.0319     5.1425     4.9400     4.9178     4.8219     4.8403     0.1243
1230.5691     4.8012     0.273     4.880     0.0319     4.8012     4.9400     4.9178     4.8219     4.8403     0.1243
1230.6224     4.7495     0.273     4.880     0.0319     4.7495     4.9400     4.9178     4.8219     4.8403     0.1243
1230.6757     4.6835     0.273     4.880     0.0319     4.6835     4.8956     4.9178     4.9259     4.8403     0.1236
1230.7290     4.5547     0.265     4.879     0.0319     4.5547     4.8956     4.9178     4.9259     4.8403     0.1236
1230.7822     5.0324     0.284     4.879     0.0318     5.0324     4.8956     4.9178     4.9259     4.8403     0.1236
1230.8356     4.9721     0.277     4.878     0.0318     4.9721     4.8956     4.9178     4.9259     4.8403     0.1236
1230.8888     5.2351     0.283     4.878     0.0317     5.2351     4.8956     4.9178     4.9259     4.8403     0.1236
1230.9421     4.9974     0.282     4.878     0.0317     4.9974     4.9536     4.9411     4.9259     4.9559     0.1245
1230.9954     5.0619     0.280     4.877     0.0316     5.0619     4.9536     4.9411     4.9259     4.9559     0.1245
1231.0487     4.7850     0.270     4.877     0.0316     4.7850     4.9536     4.9411     4.9259     4.9559     0.1245
1231.1021     5.0163     0.283     4.876     0.0315     5.0163     4.9536     4.9411     4.9259     4.9559     0.1245
1231.1553     4.9071     0.275     4.876     0.0314     4.9071     4.9536     4.9411     4.9259     4.9559     0.1245
1231.2086     4.7057     0.271     4.876     0.0314     4.7057     4.9286     4.9411     4.9259     4.9559     0.1235
1231.2620     4.6056     0.269     4.875     0.0313     4.6056     4.9286     4.9411     4.9259     4.9559     0.1235
1231.3153     5.0537     0.277     4.875     0.0312     5.0537     4.9286     4.9411     4.9259     4.9559     0.1235
1231.3685     5.4350     0.290     4.875     0.0311     5.4350     4.9286     4.9411     4.9259     4.9559     0.1235
1231.4219     4.8430     0.273     4.875     0.0310     4.8430     4.9286     4.9411     4.9259     4.9559     0.1235
1231.4751     4.7141     0.269     4.874     0.0309     4.7141     5.0651     4.9707     4.9243     4.9559     0.1254
1231.5284     4.6696     0.272     4.874     0.0308     4.6696     5.0651     4.9707     4.9243     4.9559     0.1254
1231.5817     4.9478     0.277     4.874     0.0307     4.9478     5.0651     4.9707     4.9243     4.9559     0.1254
1231.6350     5.6152     0.294     4.874     0.0306     5.6152     5.0651     4.9707     4.9243     4.9559     0.1254
1231.6882     5.3791     0.288     4.874     0.0304     5.3791     5.0651     4.9707     4.9243     4.9559     0.1254
1231.7416     4.6031     0.266     4.873     0.0303     4.6031     4.8763     4.9707     4.9243     4.9559     0.1223
1231.7949     4.7857     0.271     4.873     0.0302     4.7857     4.8763     4.9707     4.9243     4.9559     0.1223
1231.8481     4.8296     0.273     4.873     0.0300     4.8296     4.8763     4.9707     4.9243     4.9559     0.1223
1231.9015     4.6990     0.269     4.873     0.0299     4.6990     4.8763     4.9707     4.9243     4.9559     0.1223
1231.9547     5.4638     0.288     4.873     0.0298     5.4638     4.8763     4.9707     4.9243     4.9559     0.1223
1232.0081     4.8506     0.271     4.873     0.0296     4.8506     4.8315     4.8499     4.9243     4.7496     0.1220
1232.0613     4.9838     0.276     4.873     0.0295     4.9838     4.8315     4.8499     4.9243     4.7496     0.1220
1232.1146     5.0084     0.280     4.873     0.0293     5.0084     4.8315     4.8499     4.9243     4.7496     0.1220
1232.1678     4.3028     0.257     4.873     0.0292     4.3028     4.8315     4.8499     4.9243     4.7496     0.1220
1232.2212     5.0120     0.279     4.873     0.0290     5.0120     4.8315     4.8499     4.9243     4.7496     0.1220
1232.2744     4.7531     0.270     4.873     0.0289     4.7531     4.8683     4.8499     4.7223     4.7496     0.1221
1232.3278     5.2220     0.282     4.874     0.0288     5.2220     4.8683     4.8499     4.7223     4.7496     0.1221
1232.3810     4.6406     0.269     4.874     0.0286     4.6406     4.8683     4.8499     4.7223     4.7496     0.1221
1232.4342     4.7667     0.268     4.874     0.0285     4.7667     4.8683     4.8499     4.7223     4.7496     0.1221
1232.4875     4.9592     0.275     4.874     0.0284     4.9592     4.8683     4.8499     4.7223     4.7496     0.1221
1232.5408     4.6196     0.267     4.875     0.0283     4.6196     4.7211     4.6493     4.7223     4.7496     0.1208
1232.5941     5.3138     0.286     4.875     0.0282     5.3138     4.7211     4.6493     4.7223     4.7496     0.1208
1232.6473     4.4433     0.262     4.875     0.0281     4.4433     4.7211     4.6493     4.7223     4.7496     0.1208
1232.7007     4.3764     0.261     4.876     0.0280     4.3764     4.7211     4.6493     4.7223     4.7496     0.1208
1232.7539     4.8523     0.273     4.876     0.0279     4.8523     4.7211     4.6493     4.7223     4.7496     0.1208
1232.8073     4.4014     0.260     4.877     0.0279     4.4014     4.5775     4.6493     4.7223     4.7496     0.1184
1232.8605     4.2603     0.255     4.877     0.0279     4.2603     4.5775     4.6493     4.7223     4.7496     0.1184
1232.9138     4.6444     0.268     4.878     0.0279     4.6444     4.5775     4.6493     4.7223     4.7496     0.1184
1232.9670     4.8775     0.272     4.878     0.0279     4.8775     4.5775     4.6493     4.7223     4.7496     0.1184
1233.0204     4.7037     0.269     4.879     0.0279     4.7037     4.5775     4.6493     4.7223     4.7496     0.1184
1233.0736     4.8617     0.272     4.880     0.0280     4.8617     5.0436     4.9825     4.9821     4.9600     0.1231
1233.1270     5.3071     0.281     4.880     0.0281     5.3071     5.0436     4.9825     4.9821     4.9600     0.1231
1233.1802     5.0774     0.276     4.881     0.0282     5.0774     5.0436     4.9825     4.9821     4.9600     0.1231
1233.2334     5.0394     0.276     4.882     0.0283     5.0394     5.0436     4.9825     4.9821     4.9600     0.1231
1233.2867     4.9322     0.271     4.883     0.0285     4.9322     5.0436     4.9825     4.9821     4.9600     0.1231
1233.3400     5.3408     0.286     4.884     0.0288     5.3408     4.9215     4.9825     4.9821     4.9600     0.1218
1233.3933     4.6785     0.265     4.885     0.0290     4.6785     4.9215     4.9825     4.9821     4.9600     0.1218
1233.4465     4.5767     0.264     4.886     0.0293     4.5767     4.9215     4.9825     4.9821     4.9600     0.1218
1233.4999     4.9454     0.272     4.887     0.0297     4.9454     4.9215     4.9825     4.9821     4.9600     0.1218
1233.5531     5.0659     0.274     4.888     0.0301     5.0659     4.9215     4.9825     4.9821     4.9600     0.1218
1233.6063     5.2856     0.281     4.889     0.0305     5.2856     4.9813     4.9375     4.9821     4.9600     0.1223
1233.6597     4.7822     0.267     4.890     0.0310     4.7822     4.9813     4.9375     4.9821     4.9600     0.1223
1233.7129     5.1790     0.278     4.891     0.0315     5.1790     4.9813     4.9375     4.9821     4.9600     0.1223
1233.7662     4.9879     0.275     4.893     0.0321     4.9879     4.9813     4.9375     4.9821     4.9600     0.1223
1233.8195     4.6717     0.264     4.894     0.0327     4.6717     4.9813     4.9375     4.9821     4.9600     0.1223
1233.8727     4.9035     0.271     4.896     0.0333     4.9035     4.8937     4.9375     4.8993     4.9600     0.1214
1233.9260     4.9719     0.274     4.897     0.0341     4.9719     4.8937     4.9375     4.8993     4.9600     0.1214
1233.9792     4.7961     0.268     4.899     0.0348     4.7961     4.8937     4.9375     4.8993     4.9600     0.1214
1234.0326     5.0817     0.276     4.900     0.0356     5.0817     4.8937     4.9375     4.8993     4.9600     0.1214
1234.0858     4.7151     0.268     4.902     0.0365     4.7151     4.8937     4.9375     4.8993     4.9600     0.1214
1234.1390     5.0260     0.272     4.904     0.0374     5.0260     4.9212     4.9020     4.8993     4.9640     0.1209
1234.1924     5.0804     0.274     4.905     0.0384     5.0804     4.9212     4.9020     4.8993     4.9640     0.1209
1234.2456     4.5933     0.260     4.907     0.0394     4.5933     4.9212     4.9020     4.8993     4.9640     0.1209
1234.2990     4.8238     0.269     4.909     0.0404     4.8238     4.9212     4.9020     4.8993     4.9640     0.1209
1234.3522     5.0823     0.277     4.911     0.0415     5.0823     4.9212     4.9020     4.8993     4.9640     0.1209
1234.4054     4.8139     0.271     4.913     0.0427     4.8139     4.8829     4.9020     4.8993     4.9640     0.1201
1234.4587     4.9601     0.271     4.915     0.0439     4.9601     4.8829     4.9020     4.8993     4.9640     0.1201
1234.5120     4.5849     0.259     4.917     0.0451     4.5849     4.8829     4.9020     4.8993     4.9640     0.1201
1234.5653     5.0904     0.273     4.919     0.0464     5.0904     4.8829     4.9020     4.8993     4.9640     0.1201
1234.6185     4.9653     0.270     4.922     0.0478     4.9653     4.8829     4.9020     4.8993     4.9640     0.1201
1234.6718     5.4892     0.287     4.924     0.0492     5.4892     5.1240     5.0260     5.0734     4.9640     0.1239
1234.7251     4.9506     0.274     4.926     0.0506     4.9506     5.1240     5.0260     5.0734     4.9640     0.1239
1234.7783     5.3850     0.283     4.929     0.0521     5.3850     5.1240     5.0260     5.0734     4.9640     0.1239
1234.8315     4.6120     0.264     4.932     0.0536     4.6120     5.1240     5.0260     5.0734     4.9640     0.1239
1234.8849     5.1832     0.278     4.934     0.0552     5.1832     5.1240     5.0260     5.0734     4.9640     0.1239
1234.9381     4.8945     0.268     4.937     0.0568     4.8945     4.9281     5.0260     5.0734     4.9640     0.1208
1234.9913     4.8203     0.267     4.940     0.0584     4.8203     4.9281     5.0260     5.0734     4.9640     0.1208
1235.0447     5.2862     0.280     4.942     0.0601     5.2862     4.9281     5.0260     5.0734     4.9640     0.1208
1235.0979     4.9184     0.269     4.945     0.0619     4.9184     4.9281     5.0260     5.0734     4.9640     0.1208
1235.1511     4.7212     0.267     4.948     0.0637     4.7212     4.9281     5.0260     5.0734     4.9640     0.1208
1235.2045     4.9481     0.272     4.951     0.0655     4.9481     5.1680     5.1795     5.0734     5.1410     0.1238
1235.2577     5.1214     0.275     4.954     0.0674     5.1214     5.1680     5.1795     5.0734     5.1410     0.1238
1235.3109     5.2978     0.281     4.958     0.0693     5.2978     5.1680     5.1795     5.0734     5.1410     0.1238
1235.3643     5.3912     0.283     4.961     0.0713     5.3912     5.1680     5.1795     5.0734     5.1410     0.1238
1235.4175     5.0817     0.274     4.964     0.0733     5.0817     5.1680     5.1795     5.0734     5.1410     0.1238
1235.4707     4.9425     0.271     4.968     0.0753     4.9425     5.1909     5.1795     5.1320     5.1410     0.1245
1235.5240     5.1524     0.278     4.971     0.0774     5.1524     5.1909     5.1795     5.1320     5.1410     0.1245
1235.5773     5.5060     0.285     4.975     0.0795     5.5060     5.1909     5.1795     5.1320     5.1410     0.1245
1235.6305     5.3699     0.284     4.979     0.0817     5.3699     5.1909     5.1795     5.1320     5.1410     0.1245
1235.6838     4.9836     0.273     4.982     0.0839     4.9836     5.1909     5.1795     5.1320     5.1410     0.1245
1235.7371     5.3021     0.281     4.986     0.0862     5.3021     5.0387     5.1025     5.1320     5.1410     0.1226
1235.7903     4.6105     0.263     4.990     0.0885     4.6105     5.0387     5.1025     5.1320     5.1410     0.1226
1235.8436     5.3372     0.281     4.994     0.0908     5.3372     5.0387     5.1025     5.1320     5.1410     0.1226
1235.8969     4.3954     0.255     4.998     0.0932     4.3954     5.0387     5.1025     5.1320     5.1410     0.1226
1235.9501     5.5481     0.289     5.002     0.0957     5.5481     5.0387     5.1025     5.1320     5.1410     0.1226
