1195.5338     5.5525     0.391    14.677     2.4810     5.5525     5.7352     5.8039     5.8766     5.1754     0.1776
1195.5873     5.5767     0.392    14.677     2.4752     5.5767     5.7352     5.8039     5.8766     5.1754     0.1776
1195.6409     6.0258     0.405    14.676     2.4694     6.0258     5.7352     5.8039     5.8766     5.1754     0.1776
1195.6943     6.3254     0.416    14.674     2.4637     6.3254     5.8453     5.9473     5.8766     6.0496     0.1790
1195.7478     5.9235     0.405    14.664     2.4579     5.9235     5.8453     5.9473     5.8766     6.0496     0.1790
1195.8014     5.4673     0.388    14.644     2.4521     5.4673     5.8453     5.9473     5.8766     6.0496     0.1790
1195.8549     5.6971     0.393    14.618     2.4464     5.6971     5.8453     5.9473     5.8766     6.0496     0.1790
1195.9084     5.8130     0.400    14.592     2.4406     5.8130     5.8453     5.9473     5.8766     6.0496     0.1790
1195.9619     6.0936     0.407    14.566     2.4349     6.0936     6.0493     5.9473     5.8766     6.0496     0.1815
1196.0155     5.7446     0.398    14.540     2.4291     5.7446     6.0493     5.9473     5.8766     6.0496     0.1815
1196.0690     5.8476     0.399    14.514     2.4234     5.8476     6.0493     5.9473     5.8766     6.0496     0.1815
1196.1224     6.2535     0.412    14.488     2.4177     6.2535     6.0493     5.9473     5.8766     6.0496     0.1815
1196.1760     6.3070     0.414    14.462     2.4119     6.3070     6.0493     5.9473     5.8766     6.0496     0.1815
1196.2295     7.3383     0.447    14.436     2.4062     7.3383     6.2798     6.1520     6.0556     6.0496     0.1853
1196.2831     6.8210     0.432    14.410     2.4005     6.8210     6.2798     6.1520     6.0556     6.0496     0.1853
1196.3365     6.5136     0.423    14.384     2.3948     6.5136     6.2798     6.1520     6.0556     6.0496     0.1853
1196.3900     5.0543     0.374    14.359     2.3891     5.0543     6.2798     6.1520     6.0556     6.0496     0.1853
1196.4436     5.6717     0.392    14.333     2.3834     5.6717     6.2798     6.1520     6.0556     6.0496     0.1853
1196.4971     6.5102     0.421    14.307     2.3778     6.5102     6.0243     6.1520     6.0556     6.0496     0.1804
1196.5505     5.7870     0.393    14.281     2.3721     5.7870     6.0243     6.1520     6.0556     6.0496     0.1804
1196.6041     6.0674     0.407    14.256     2.3664     6.0674     6.0243     6.1520     6.0556     6.0496     0.1804
1196.6576     5.8289     0.397    14.230     2.3608     5.8289     6.0243     6.1520     6.0556     6.0496     0.1804
1196.7112     5.9278     0.399    14.204     2.3551     5.9278     6.0243     6.1520     6.0556     6.0496     0.1804
1196.7646     6.1476     0.408    14.179     2.3495     6.1476     5.8628     5.7083     6.0556     5.7478     0.1763
1196.8181     6.1857     0.405    14.153     2.3438     6.1857     5.8628     5.7083     6.0556     5.7478     0.1763
1196.8717     5.5491     0.381    14.128     2.3382     5.5491     5.8628     5.7083     6.0556     5.7478     0.1763
1196.9252     5.5949     0.385    14.102     2.3326     5.5949     5.8628     5.7083     6.0556     5.7478     0.1763
1196.9786     5.8369     0.391    14.077     2.3269     5.8369     5.8628     5.7083     6.0556     5.7478     0.1763
1197.0322     5.5254     0.384    14.051     2.3213     5.5254     5.5538     5.7083     5.7094     5.7478     0.1717
1197.0857     4.8364     0.358    14.026     2.3157     4.8364     5.5538     5.7083     5.7094     5.7478     0.1717
1197.1393     5.1553     0.372    14.001     2.3101     5.1553     5.5538     5.7083     5.7094     5.7478     0.1717
1197.1929     6.0504     0.400    13.975     2.3045     6.0504     5.5538     5.7083     5.7094     5.7478     0.1717
1197.2463     6.2015     0.404    13.950     2.2989     6.2015     5.5538     5.7083     5.7094     5.7478     0.1717
1197.2998     5.7924     0.392    13.925     2.2934     5.7924     5.8582     5.7872     5.7094     5.7478     0.1758
1197.3534     5.6125     0.386    13.900     2.2878     5.6125     5.8582     5.7872     5.7094     5.7478     0.1758
1197.4069     5.8744     0.392    13.874     2.2822     5.8744     5.8582     5.7872     5.7094     5.7478     0.1758
1197.4603     5.7637     0.391    13.849     2.2767     5.7637     5.8582     5.7872     5.7094     5.7478     0.1758
1197.5139     6.2482     0.405    13.824     2.2711     6.2482     5.8582     5.7872     5.7094     5.7478     0.1758
1197.5674     5.5621     0.382    13.799     2.2656     5.5621     5.7162     5.7872     5.7094     5.7478     0.1729
1197.6208     6.0487     0.398    13.774     2.2600     6.0487     5.7162     5.7872     5.7094     5.7478     0.1729
1197.6744     5.7109     0.388    13.749     2.2545     5.7109     5.7162     5.7872     5.7094     5.7478     0.1729
1197.7279     5.5810     0.380    13.724     2.2490     5.5810     5.7162     5.7872     5.7094     5.7478     0.1729
1197.7814     5.6783     0.385    13.699     2.2435     5.6783     5.7162     5.7872     5.7094     5.7478     0.1729
1197.8350     5.9532     0.392    13.675     2.2380     5.9532     6.0311     5.8368     5.9162     5.9108     0.1774
1197.8884     5.8232     0.387    13.650     2.2325     5.8232     6.0311     5.8368     5.9162     5.9108     0.1774
1197.9419     6.3889     0.408    13.625     2.2270     6.3889     6.0311     5.8368     5.9162     5.9108     0.1774
1197.9955     5.7839     0.391    13.600     2.2215     5.7839     6.0311     5.8368     5.9162     5.9108     0.1774
1198.0490     6.2062     0.405    13.576     2.2160     6.2062     6.0311     5.8368     5.9162     5.9108     0.1774
1198.1024     6.0100     0.401    13.551     2.2105     6.0100     5.6426     5.8368     5.9162     5.9108     0.1717
1198.1560     5.7637     0.389    13.526     2.2050     5.7637     5.6426     5.8368     5.9162     5.9108     0.1717
1198.2095     5.3964     0.372    13.502     2.1996     5.3964     5.6426     5.8368     5.9162     5.9108     0.1717
1198.2629     5.2734     0.371    13.477     2.1941     5.2734     5.6426     5.8368     5.9162     5.9108     0.1717
1198.3164     5.7694     0.386    13.452     2.1887     5.7694     5.6426     5.8368     5.9162     5.9108     0.1717
1198.3700     6.2465     0.405    13.428     2.1832     6.2465     6.0750     5.9848     5.9162     5.9108     0.1784
1198.4235     5.7295     0.388    13.404     2.1778     5.7295     6.0750     5.9848     5.9162     5.9108     0.1784
1198.4769     5.8358     0.390    13.379     2.1723     5.8358     6.0750     5.9848     5.9162     5.9108     0.1784
1198.5304     6.2444     0.404    13.355     2.1669     6.2444     6.0750     5.9848     5.9162     5.9108     0.1784
1198.5840     6.3186     0.406    13.330     2.1615     6.3186     6.0750     5.9848     5.9162     5.9108     0.1784
1198.6375     5.7398     0.380    13.306     2.1561     5.7398     5.8946     5.9848     5.4655     5.9108     0.1741
1198.6909     5.6347     0.383    13.282     2.1507     5.6347     5.8946     5.9848     5.4655     5.9108     0.1741
1198.7445     6.0807     0.392    13.258     2.1453     6.0807     5.8946     5.9848     5.4655     5.9108     0.1741
1198.7980     5.8866     0.389    13.233     2.1399     5.8866     5.8946     5.9848     5.4655     5.9108     0.1741
1198.8514     6.1312     0.401    13.209     2.1345     6.1312     5.8946     5.9848     5.4655     5.9108     0.1741
1198.9049     6.4327     0.407    13.185     2.1291     6.4327     5.5784     5.2509     5.4655     4.4721     0.1689
1198.9585     5.2363     0.366    13.161     2.1238     5.2363     5.5784     5.2509     5.4655     4.4721     0.1689
1199.0120     5.5971     0.378    13.137     2.1184     5.5971     5.5784     5.2509     5.4655     4.4721     0.1689
1199.0654     5.7412     0.383    13.113     2.1131     5.7412     5.5784     5.2509     5.4655     4.4721     0.1689
1199.1189     4.8847     0.351    13.089     2.1077     4.8847     5.5784     5.2509     5.4655     4.4721     0.1689
1199.1725     5.1014     0.360    13.065     2.1024     5.1014     4.9235     5.2509     5.4655     4.4721     0.1576
1199.2260     5.5777     0.377    13.041     2.0970     5.5777     4.9235     5.2509     5.4655     4.4721     0.1576
1199.2794     4.7711     0.345    13.017     2.0917     4.7711     4.9235     5.2509     5.4655     4.4721     0.1576
1199.3329     4.5935     0.340    12.993     2.0864     4.5935     4.9235     5.2509     5.4655     4.4721     0.1576
1199.3864     4.5736     0.339    12.969     2.0811     4.5736     4.9235     5.2509     5.4655     4.4721     0.1576
1199.4399     3.9550     0.317    12.946     2.0758     3.9550     2.8515     3.6932     3.8298     4.4721     0.1202
1199.4934     2.5271     0.253    12.922     2.0705     2.5271     2.8515     3.6932     3.8298     4.4721     0.1202
1199.5469     2.2491     0.239    12.898     2.0652     2.2491     2.8515     3.6932     3.8298     4.4721     0.1202
1199.6003     2.4901     0.251    12.874     2.0599     2.4901     2.8515     3.6932     3.8298     4.4721     0.1202
1199.6539     3.0360     0.276    12.851     2.0546     3.0360     2.8515     3.6932     3.8298     4.4721     0.1202
1199.7074     3.2943     0.289    12.827     2.0493     3.2943     4.5349     3.6932     3.8298     4.4721     0.1518
1199.7609     4.5278     0.339    12.804     2.0441     4.5278     4.5349     3.6932     3.8298     4.4721     0.1518
1199.8143     4.7858     0.350    12.780     2.0388     4.7858     4.5349     3.6932     3.8298     4.4721     0.1518
1199.8678     4.7033     0.345    12.757     2.0335     4.7033     4.5349     3.6932     3.8298     4.4721     0.1518
1199.9214     5.3635     0.369    12.733     2.0283     5.3635     4.5349     3.6932     3.8298     4.4721     0.1518
1199.9749     4.8012     0.345    12.710     2.0230     4.8012     4.1029     3.8024     3.8298     3.8274     0.1431
1200.0283     5.3055     0.366    12.686     2.0178     5.3055     4.1029     3.8024     3.8298     3.8274     0.1431
1200.0818     4.9734     0.350    12.663     2.0126     4.9734     4.1029     3.8024     3.8298     3.8274     0.1431
1200.1353     3.3709     0.290    12.640     2.0074     3.3709     4.1029     3.8024     3.8298     3.8274     0.1431
1200.1888     2.0636     0.228    12.617     2.0022     2.0636     4.1029     3.8024     3.8298     3.8274     0.1431
1200.2423     2.0904     0.230    12.593     1.9969     2.0904     3.5020     3.8024     3.7356     3.8274     0.1317
1200.2958     2.5821     0.251    12.570     1.9917     2.5821     3.5020     3.8024     3.7356     3.8274     0.1317
1200.3492     3.9132     0.314    12.547     1.9865     3.9132     3.5020     3.8024     3.7356     3.8274     0.1317
1200.4027     4.6241     0.337    12.524     1.9814     4.6241     3.5020     3.8024     3.7356     3.8274     0.1317
1200.4562     4.3001     0.325    12.501     1.9762     4.3001     3.5020     3.8024     3.7356     3.8274     0.1317
1200.5098     4.7939     0.344    12.478     1.9710     4.7939     3.4895     3.8524     3.7356     3.8274     0.1310
1200.5632     3.7513     0.304    12.455     1.9658     3.7513     3.4895     3.8524     3.7356     3.8274     0.1310
1200.6167     3.3631     0.285    12.432     1.9607     3.3631     3.4895     3.8524     3.7356     3.8274     0.1310
1200.6702     2.9357     0.270    12.409     1.9555     2.9357     3.4895     3.8524     3.7356     3.8274     0.1310
1200.7236     2.6037     0.252    12.386     1.9504     2.6037     3.4895     3.8524     3.7356     3.8274     0.1310
1200.7771     2.9593     0.272    12.363     1.9453     2.9593     4.2153     3.8524     3.7356     3.8274     0.1433
1200.8307     4.0171     0.311    12.340     1.9401     4.0171     4.2153     3.8524     3.7356     3.8274     0.1433
1200.8842     4.2213     0.320    12.317     1.9350     4.2213     4.2153     3.8524     3.7356     3.8274     0.1433
1200.9376     4.8503     0.342    12.295     1.9299     4.8503     4.2153     3.8524     3.7356     3.8274     0.1433
1200.9911     5.0286     0.350    12.272     1.9248     5.0286     4.2153     3.8524     3.7356     3.8274     0.1433
1201.0446     5.3551     0.361    12.249     1.9197     5.3551     4.9566     5.1936     5.3175     5.3053     0.1555
1201.0980     4.9625     0.351    12.226     1.9145     4.9625     4.9566     5.1936     5.3175     5.3053     0.1555
1201.1515     5.0327     0.350    12.204     1.9095     5.0327     4.9566     5.1936     5.3175     5.3053     0.1555
1201.2051     4.5944     0.335    12.181     1.9044     4.5944     4.9566     5.1936     5.3175     5.3053     0.1555
1201.2585     4.8385     0.342    12.159     1.8993     4.8385     4.9566     5.1936     5.3175     5.3053     0.1555
1201.3120     5.8776     0.379    12.136     1.8942     5.8776     5.4306     5.1936     5.3175     5.3053     0.1624
1201.3655     5.2743     0.359    12.114     1.8892     5.2743     5.4306     5.1936     5.3175     5.3053     0.1624
1201.4189     5.2584     0.359    12.091     1.8841     5.2584     5.4306     5.1936     5.3175     5.3053     0.1624
1201.4724     5.3098     0.361    12.069     1.8790     5.3098     5.4306     5.1936     5.3175     5.3053     0.1624
1201.5259     5.4329     0.359    12.046     1.8740     5.4329     5.4306     5.1936     5.3175     5.3053     0.1624
1201.5793     5.2617     0.356    12.024     1.8690     5.2617     5.5653     5.4170     5.3175     5.3053     0.1652
1201.6328     5.4313     0.368    12.002     1.8639     5.4313     5.5653     5.4170     5.3175     5.3053     0.1652
1201.6864     5.6275     0.368    11.980     1.8589     5.6275     5.5653     5.4170     5.3175     5.3053     0.1652
1201.7399     5.5161     0.369    11.957     1.8539     5.5161     5.5653     5.4170     5.3175     5.3053     0.1652
1201.7933     5.9898     0.384    11.935     1.8489     5.9898     5.5653     5.4170     5.3175     5.3053     0.1652
1201.8468     5.4226     0.358    11.913     1.8439     5.4226     5.2687     5.4170     5.4026     5.3053     0.1585
1201.9003     5.4475     0.360    11.891     1.8389     5.4475     5.2687     5.4170     5.4026     5.3053     0.1585
1201.9537     5.2660     0.352    11.869     1.8339     5.2660     5.2687     5.4170     5.4026     5.3053     0.1585
1202.0073     5.1790     0.352    11.847     1.8289     5.1790     5.2687     5.4170     5.4026     5.3053     0.1585
1202.0608     5.0282     0.348    11.825     1.8239     5.0282     5.2687     5.4170     5.4026     5.3053     0.1585
1202.1143     5.2696     0.358    11.803     1.8189     5.2696     5.3828     5.4695     5.4026     5.3649     0.1611
1202.1677     5.0630     0.350    11.781     1.8140     5.0630     5.3828     5.4695     5.4026     5.3649     0.1611
1202.2212     5.4846     0.365    11.759     1.8090     5.4846     5.3828     5.4695     5.4026     5.3649     0.1611
1202.2748     5.3096     0.354    11.737     1.8041     5.3096     5.3828     5.4695     5.4026     5.3649     0.1611
1202.3282     5.7872     0.373    11.715     1.7991     5.7872     5.3828     5.4695     5.4026     5.3649     0.1611
1202.3817     6.0451     0.379    11.693     1.7942     6.0451     5.5563     5.4695     5.4026     5.3649     0.1625
1202.4352     5.2115     0.352    11.672     1.7893     5.2115     5.5563     5.4695     5.4026     5.3649     0.1625
1202.4886     5.0946     0.351    11.650     1.7844     5.0946     5.5563     5.4695     5.4026     5.3649     0.1625
1202.5421     5.7521     0.369    11.628     1.7794     5.7521     5.5563     5.4695     5.4026     5.3649     0.1625
1202.5956     5.6781     0.365    11.607     1.7745     5.6781     5.5563     5.4695     5.4026     5.3649     0.1625
1202.6490     5.2632     0.357    11.585     1.7696     5.2632     5.2620     5.2603     5.3227     5.3649     0.1580
1202.7025     5.3289     0.354    11.563     1.7647     5.3289     5.2620     5.2603     5.3227     5.3649     0.1580
1202.7560     5.3497     0.354    11.542     1.7598     5.3497     5.2620     5.2603     5.3227     5.3649     0.1580
1202.8094     5.2679     0.354    11.520     1.7549     5.2679     5.2620     5.2603     5.3227     5.3649     0.1580
1202.8629     5.1006     0.349    11.499     1.7501     5.1006     5.2620     5.2603     5.3227     5.3649     0.1580
1202.9164     5.2782     0.351    11.477     1.7452     5.2782     5.2586     5.2603     5.3227     5.3649     0.1579
1202.9698     5.0708     0.346    11.456     1.7403     5.0708     5.2586     5.2603     5.3227     5.3649     0.1579
1203.0233     5.3442     0.357    11.435     1.7355     5.3442     5.2586     5.2603     5.3227     5.3649     0.1579
1203.0768     5.5009     0.362    11.413     1.7306     5.5009     5.2586     5.2603     5.3227     5.3649     0.1579
1203.1302     5.0987     0.350    11.392     1.7258     5.0987     5.2586     5.2603     5.3227     5.3649     0.1579
1203.1837     5.2519     0.357    11.371     1.7209     5.2519     5.4475     5.2929     5.3227     5.3003     0.1602
1203.2372     5.7896     0.369    11.350     1.7161     5.7896     5.4475     5.2929     5.3227     5.3003     0.1602
1203.2906     5.6366     0.364    11.328     1.7113     5.6366     5.4475     5.2929     5.3227     5.3003     0.1602
1203.3441     5.3704     0.356    11.307     1.7065     5.3704     5.4475     5.2929     5.3227     5.3003     0.1602
1203.3976     5.1891     0.345    11.286     1.7017     5.1891     5.4475     5.2929     5.3227     5.3003     0.1602
1203.4510     5.4955     0.359    11.265     1.6969     5.4955     5.1383     5.2929     5.2512     5.3003     0.1548
1203.5046     4.8433     0.334    11.244     1.6921     4.8433     5.1383     5.2929     5.2512     5.3003     0.1548
1203.5581     5.0183     0.341    11.223     1.6873     5.0183     5.1383     5.2929     5.2512     5.3003     0.1548
1203.6116     5.0570     0.345    11.202     1.6825     5.0570     5.1383     5.2929     5.2512     5.3003     0.1548
1203.6650     5.2773     0.351    11.181     1.6777     5.2773     5.1383     5.2929     5.2512     5.3003     0.1548
1203.7185     5.2306     0.346    11.160     1.6730     5.2306     5.2728     5.3076     5.2512     5.3003     0.1564
1203.7720     5.6213     0.364    11.139     1.6682     5.6213     5.2728     5.3076     5.2512     5.3003     0.1564
1203.8254     5.1261     0.342    11.119     1.6634     5.1261     5.2728     5.3076     5.2512     5.3003     0.1564
1203.8788     5.2345     0.350    11.098     1.6587     5.2345     5.2728     5.3076     5.2512     5.3003     0.1564
1203.9323     5.1514     0.346    11.077     1.6540     5.1514     5.2728     5.3076     5.2512     5.3003     0.1564
1203.9857     5.5985     0.364    11.056     1.6492     5.5985     5.3425     5.3076     5.2512     5.3003     0.1578
1204.0392     4.8629     0.335    11.036     1.6445     4.8629     5.3425     5.3076     5.2512     5.3003     0.1578
1204.0927     5.4022     0.354    11.015     1.6398     5.4022     5.3425     5.3076     5.2512     5.3003     0.1578
1204.1461     5.7385     0.366    10.995     1.6351     5.7385     5.3425     5.3076     5.2512     5.3003     0.1578
1204.1996     5.1104     0.346    10.974     1.6304     5.1104     5.3425     5.3076     5.2512     5.3003     0.1578
1204.2531     4.9676     0.337    10.953     1.6256     4.9676     5.0733     5.1071     5.0503     5.0239     0.1535
1204.3065     5.1447     0.349    10.933     1.6210     5.1447     5.0733     5.1071     5.0503     5.0239     0.1535
1204.3600     5.5991     0.359    10.912     1.6163     5.5991     5.0733     5.1071     5.0503     5.0239     0.1535
1204.4135     4.8148     0.335    10.892     1.6116     4.8148     5.0733     5.1071     5.0503     5.0239     0.1535
1204.4669     4.8402     0.335    10.872     1.6069     4.8402     5.0733     5.1071     5.0503     5.0239     0.1535
1204.5204     5.5399     0.357    10.851     1.6022     5.5399     5.1410     5.1071     5.0503     5.0239     0.1537
1204.5739     5.1587     0.344    10.831     1.5976     5.1587     5.1410     5.1071     5.0503     5.0239     0.1537
1204.6273     4.7748     0.331    10.811     1.5929     4.7748     5.1410     5.1071     5.0503     5.0239     0.1537
1204.6808     5.0055     0.337    10.790     1.5883     5.0055     5.1410     5.1071     5.0503     5.0239     0.1537
1204.7343     5.2258     0.349    10.770     1.5836     5.2258     5.1410     5.1071     5.0503     5.0239     0.1537
1204.7877     4.8802     0.335    10.750     1.5790     4.8802     4.9367     4.9407     5.0503     5.0239     0.1502
1204.8412     4.5350     0.323    10.730     1.5744     4.5350     4.9367     4.9407     5.0503     5.0239     0.1502
1204.8947     5.1817     0.344    10.710     1.5698     5.1817     4.9367     4.9407     5.0503     5.0239     0.1502
1204.9481     5.3518     0.350    10.690     1.5652     5.3518     4.9367     4.9407     5.0503     5.0239     0.1502
1205.0016     4.7345     0.327    10.670     1.5605     4.7345     4.9367     4.9407     5.0503     5.0239     0.1502
1205.0551     4.8556     0.335    10.650     1.5559     4.8556     4.9446     4.9407     4.4748     5.0239     0.1501
1205.1084     4.9311     0.333    10.630     1.5514     4.9311     4.9446     4.9407     4.4748     5.0239     0.1501
1205.1619     4.9616     0.333    10.610     1.5468     4.9616     4.9446     4.9407     4.4748     5.0239     0.1501
1205.2153     5.0655     0.341    10.590     1.5422     5.0655     4.9446     4.9407     4.4748     5.0239     0.1501
1205.2688     4.9094     0.335    10.570     1.5376     4.9094     4.9446     4.9407     4.4748     5.0239     0.1501
1205.3223     4.7205     0.325    10.550     1.5330     4.7205     4.8316     4.2398     4.4748     3.3443     0.1473
1205.3757     4.6915     0.328    10.531     1.5285     4.6915     4.8316     4.2398     4.4748     3.3443     0.1473
1205.4292     4.7519     0.327    10.511     1.5239     4.7519     4.8316     4.2398     4.4748     3.3443     0.1473
1205.4827     5.0171     0.331    10.491     1.5194     5.0171     4.8316     4.2398     4.4748     3.3443     0.1473
1205.5361     4.9770     0.336    10.471     1.5148     4.9770     4.8316     4.2398     4.4748     3.3443     0.1473
1205.5896     4.9396     0.330    10.452     1.5103     4.9396     3.6481     4.2398     4.4748     3.3443     0.1280
1205.6431     4.4849     0.318    10.432     1.5058     4.4849     3.6481     4.2398     4.4748     3.3443     0.1280
1205.6964     3.7138     0.290    10.413     1.5013     3.7138     3.6481     4.2398     4.4748     3.3443     0.1280
1205.7499     3.0334     0.261    10.393     1.4968     3.0334     3.6481     4.2398     4.4748     3.3443     0.1280
1205.8033     2.0686     0.216    10.374     1.4922     2.0686     3.6481     4.2398     4.4748     3.3443     0.1280
1205.8568     1.7564     0.199    10.354     1.4877     1.7564     1.9729     2.4488     1.9221     3.3443     0.0937
1205.9103     1.8985     0.204    10.335     1.4833     1.8985     1.9729     2.4488     1.9221     3.3443     0.0937
1205.9637     1.7610     0.198    10.315     1.4788     1.7610     1.9729     2.4488     1.9221     3.3443     0.0937
1206.0172     2.0230     0.212    10.296     1.4743     2.0230     1.9729     2.4488     1.9221     3.3443     0.0937
1206.0707     2.4255     0.234    10.277     1.4698     2.4255     1.9729     2.4488     1.9221     3.3443     0.0937
1206.1241     2.8934     0.257    10.257     1.4654     2.8934     2.9248     2.4488     1.9221     3.3443     0.1142
1206.1775     2.9173     0.256    10.238     1.4609     2.9173     2.9248     2.4488     1.9221     3.3443     0.1142
1206.2310     3.2021     0.264    10.219     1.4565     3.2021     2.9248     2.4488     1.9221     3.3443     0.1142
1206.2844     3.3483     0.274    10.200     1.4520     3.3483     2.9248     2.4488     1.9221     3.3443     0.1142
1206.3379     2.2628     0.223    10.181     1.4476     2.2628     2.9248     2.4488     1.9221     3.3443     0.1142
1206.3914     1.4933     0.183    10.162     1.4431     1.4933     0.8685     1.7320     1.9221     3.3112     0.0628
1206.4448     1.0710     0.156    10.143     1.4387     1.0710     0.8685     1.7320     1.9221     3.3112     0.0628
1206.4983     0.6496     0.122    10.124     1.4343     0.6496     0.8685     1.7320     1.9221     3.3112     0.0628
1206.5516     0.4608     0.103    10.105     1.4299     0.4608     0.8685     1.7320     1.9221     3.3112     0.0628
1206.6051     0.6679     0.124    10.086     1.4255     0.6679     0.8685     1.7320     1.9221     3.3112     0.0628
1206.6586     0.9685     0.149    10.067     1.4211     0.9685     2.5954     1.7320     4.1254     3.3112     0.1075
1206.7120     1.6711     0.194    10.048     1.4167     1.6711     2.5954     1.7320     4.1254     3.3112     0.1075
1206.7655     2.5560     0.240    10.029     1.4123     2.5560     2.5954     1.7320     4.1254     3.3112     0.1075
1206.8190     3.5807     0.282    10.010     1.4079     3.5807     2.5954     1.7320     4.1254     3.3112     0.1075
1206.8724     4.2008     0.304     9.991     1.4036     4.2008     2.5954     1.7320     4.1254     3.3112     0.1075
1206.9259     4.8362     0.324     9.973     1.3992     4.8362     4.8350     4.8904     4.1254     3.3112     0.1461
1206.9794     4.7862     0.325     9.954     1.3948     4.7862     4.8350     4.8904     4.1254     3.3112     0.1461
1207.0328     5.0824     0.338     9.935     1.3905     5.0824     4.8350     4.8904     4.1254     3.3112     0.1461
1207.0863     4.8630     0.329     9.917     1.3861     4.8630     4.8350     4.8904     4.1254     3.3112     0.1461
1207.1398     4.6071     0.317     9.898     1.3818     4.6071     4.8350     4.8904     4.1254     3.3112     0.1461
1207.1931     5.0378     0.332     9.880     1.3775     5.0378     4.9458     4.8904     4.1254     3.3112     0.1470
1207.2466     4.3461     0.306     9.861     1.3732     4.3461     4.9458     4.8904     4.1254     3.3112     0.1470
1207.3000     4.7401     0.322     9.843     1.3688     4.7401     4.9458     4.8904     4.1254     3.3112     0.1470
1207.3535     5.3535     0.343     9.824     1.3645     5.3535     4.9458     4.8904     4.1254     3.3112     0.1470
1207.4070     5.2514     0.339     9.806     1.3602     5.2514     4.9458     4.8904     4.1254     3.3112     0.1470
1207.4603     4.8988     0.324     9.787     1.3559     4.8988     5.1680     4.8859     4.8750     4.8336     0.1506
1207.5138     5.0145     0.333     9.769     1.3516     5.0145     5.1680     4.8859     4.8750     4.8336     0.1506
1207.5673     5.3410     0.343     9.751     1.3474     5.3410     5.1680     4.8859     4.8750     4.8336     0.1506
1207.6207     4.8632     0.330     9.732     1.3431     4.8632     5.1680     4.8859     4.8750     4.8336     0.1506
1207.6742     5.7226     0.352     9.714     1.3388     5.7226     5.1680     4.8859     4.8750     4.8336     0.1506
1207.7275     4.9666     0.329     9.696     1.3345     4.9666     4.6038     4.8859     4.8750     4.8336     0.1410
1207.7810     4.4437     0.307     9.678     1.3303     4.4437     4.6038     4.8859     4.8750     4.8336     0.1410
1207.8345     4.4887     0.311     9.660     1.3260     4.4887     4.6038     4.8859     4.8750     4.8336     0.1410
1207.8879     4.5180     0.311     9.642     1.3218     4.5180     4.6038     4.8859     4.8750     4.8336     0.1410
1207.9413     4.6022     0.317     9.624     1.3175     4.6022     4.6038     4.8859     4.8750     4.8336     0.1410
1207.9948     4.6660     0.317     9.606     1.3133     4.6660     4.8532     4.7814     4.8750     4.8336     0.1443
1208.0482     5.2446     0.336     9.588     1.3091     5.2446     4.8532     4.7814     4.8750     4.8336     0.1443
1208.1017     4.6364     0.314     9.570     1.3049     4.6364     4.8532     4.7814     4.8750     4.8336     0.1443
1208.1552     4.8579     0.322     9.552     1.3007     4.8579     4.8532     4.7814     4.8750     4.8336     0.1443
1208.2085     4.8609     0.323     9.534     1.2965     4.8609     4.8532     4.7814     4.8750     4.8336     0.1443
1208.2620     4.4901     0.311     9.516     1.2923     4.4901     4.7096     4.7814     4.6464     4.8336     0.1424
1208.3154     4.6746     0.317     9.498     1.2881     4.6746     4.7096     4.7814     4.6464     4.8336     0.1424
1208.3689     4.5749     0.317     9.481     1.2839     4.5749     4.7096     4.7814     4.6464     4.8336     0.1424
1208.4222     4.9989     0.326     9.463     1.2797     4.9989     4.7096     4.7814     4.6464     4.8336     0.1424
1208.4757     4.8094     0.321     9.445     1.2756     4.8094     4.7096     4.7814     4.6464     4.8336     0.1424
1208.5292     4.5265     0.310     9.427     1.2714     4.5265     4.5655     4.6148     4.6464     4.6175     0.1395
1208.5826     4.5676     0.312     9.410     1.2672     4.5676     4.5655     4.6148     4.6464     4.6175     0.1395
1208.6360     4.6465     0.317     9.392     1.2631     4.6465     4.5655     4.6148     4.6464     4.6175     0.1395
1208.6895     4.6722     0.316     9.375     1.2590     4.6722     4.5655     4.6148     4.6464     4.6175     0.1395
1208.7429     4.4148     0.304     9.357     1.2548     4.4148     4.5655     4.6148     4.6464     4.6175     0.1395
1208.7963     4.0706     0.292     9.340     1.2507     4.0706     4.6641     4.6148     4.6464     4.6175     0.1412
1208.8497     5.0618     0.328     9.322     1.2466     5.0618     4.6641     4.6148     4.6464     4.6175     0.1412
1208.9032     4.9885     0.328     9.305     1.2425     4.9885     4.6641     4.6148     4.6464     4.6175     0.1412
1208.9567     4.2408     0.302     9.288     1.2383     4.2408     4.6641     4.6148     4.6464     4.6175     0.1412
1209.0100     4.9586     0.328     9.270     1.2342     4.9586     4.6641     4.6148     4.6464     4.6175     0.1412
1209.0635     5.3546     0.345     9.253     1.2301     5.3546     4.7348     4.6203     4.6058     4.6175     0.1427
1209.1169     4.2709     0.301     9.236     1.2261     4.2709     4.7348     4.6203     4.6058     4.6175     0.1427
1209.1703     4.0954     0.297     9.218     1.2220     4.0954     4.7348     4.6203     4.6058     4.6175     0.1427
1209.2238     4.8625     0.321     9.201     1.2179     4.8625     4.7348     4.6203     4.6058     4.6175     0.1427
1209.2772     5.0907     0.329     9.184     1.2138     5.0907     4.7348     4.6203     4.6058     4.6175     0.1427
1209.3307     4.2394     0.303     9.167     1.2098     4.2394     4.5058     4.6203     4.6058     4.6175     0.1387
1209.3840     4.0581     0.294     9.150     1.2057     4.0581     4.5058     4.6203     4.6058     4.6175     0.1387
1209.4375     4.2566     0.301     9.133     1.2017     4.2566     4.5058     4.6203     4.6058     4.6175     0.1387
1209.4910     5.2730     0.338     9.116     1.1976     5.2730     4.5058     4.6203     4.6058     4.6175     0.1387
1209.5443     4.7017     0.313     9.099     1.1936     4.7017     4.5058     4.6203     4.6058     4.6175     0.1387
1209.5978     4.8360     0.321     9.082     1.1896     4.8360     4.5769     4.5890     4.6058     4.5692     0.1393
1209.6512     4.5750     0.310     9.065     1.1856     4.5750     4.5769     4.5890     4.6058     4.5692     0.1393
1209.7046     4.4678     0.306     9.048     1.1815     4.4678     4.5769     4.5890     4.6058     4.5692     0.1393
1209.7581     4.8477     0.322     9.031     1.1775     4.8477     4.5769     4.5890     4.6058     4.5692     0.1393
1209.8115     4.1583     0.298     9.015     1.1735     4.1583     4.5769     4.5890     4.6058     4.5692     0.1393
1209.8649     4.4962     0.308     8.998     1.1695     4.4962     4.6011     4.5890     4.5666     4.5692     0.1395
1209.9183     4.9854     0.325     8.981     1.1656     4.9854     4.6011     4.5890     4.5666     4.5692     0.1395
1209.9718     4.3373     0.301     8.964     1.1616     4.3373     4.6011     4.5890     4.5666     4.5692     0.1395
1210.0251     4.5939     0.313     8.948     1.1576     4.5939     4.6011     4.5890     4.5666     4.5692     0.1395
1210.0786     4.5927     0.312     8.931     1.1536     4.5927     4.6011     4.5890     4.5666     4.5692     0.1395
1210.1321     3.9482     0.290     8.915     1.1497     3.9482     4.5900     4.5493     4.5666     4.5692     0.1386
1210.1854     4.6263     0.310     8.898     1.1457     4.6263     4.5900     4.5493     4.5666     4.5692     0.1386
1210.2389     4.6638     0.311     8.882     1.1418     4.6638     4.5900     4.5493     4.5666     4.5692     0.1386
1210.2924     4.8585     0.319     8.865     1.1378     4.8585     4.5900     4.5493     4.5666     4.5692     0.1386
1210.3457     4.8532     0.318     8.849     1.1339     4.8532     4.5900     4.5493     4.5666     4.5692     0.1386
1210.3992     4.3736     0.303     8.832     1.1300     4.3736     4.5086     4.5493     4.5666     4.5692     0.1381
1210.4526     4.4885     0.311     8.816     1.1261     4.4885     4.5086     4.5493     4.5666     4.5692     0.1381
1210.5060     4.3684     0.303     8.800     1.1221     4.3684     4.5086     4.5493     4.5666     4.5692     0.1381
1210.5594     4.4994     0.306     8.783     1.1182     4.4994     4.5086     4.5493     4.5666     4.5692     0.1381
1210.6129     4.8130     0.320     8.767     1.1143     4.8130     4.5086     4.5493     4.5666     4.5692     0.1381
1210.6663     4.3611     0.300     8.751     1.1104     4.3611     4.2637     4.2436     4.1972     4.1972     0.1326
1210.7197     3.9611     0.286     8.735     1.1066     3.9611     4.2637     4.2436     4.1972     4.1972     0.1326
1210.7731     4.3828     0.301     8.719     1.1027     4.3828     4.2637     4.2436     4.1972     4.1972     0.1326
1210.8265     4.3512     0.301     8.702     1.0988     4.3512     4.2637     4.2436     4.1972     4.1972     0.1326
1210.8800     4.2626     0.294     8.686     1.0949     4.2626     4.2637     4.2436     4.1972     4.1972     0.1326
1210.9333     4.0602     0.289     8.670     1.0911     4.0602     4.2235     4.2436     4.1972     4.1972     0.1317
1210.9868     4.1847     0.292     8.654     1.0872     4.1847     4.2235     4.2436     4.1972     4.1972     0.1317
1211.0403     4.3419     0.299     8.638     1.0834     4.3419     4.2235     4.2436     4.1972     4.1972     0.1317
1211.0936     4.3515     0.295     8.622     1.0795     4.3515     4.2235     4.2436     4.1972     4.1972     0.1317
1211.1471     4.1791     0.297     8.607     1.0757     4.1791     4.2235     4.2436     4.1972     4.1972     0.1317
1211.2004     3.9601     0.283     8.591     1.0719     3.9601     4.1043     4.1507     4.1972     4.1972     0.1293
1211.2539     4.1712     0.294     8.575     1.0681     4.1712     4.1043     4.1507     4.1972     4.1972     0.1293
1211.3074     4.2849     0.296     8.559     1.0643     4.2849     4.1043     4.1507     4.1972     4.1972     0.1293
1211.3607     3.9214     0.282     8.543     1.0604     3.9214     4.1043     4.1507     4.1972     4.1972     0.1293
1211.4142     4.1840     0.291     8.528     1.0567     4.1840     4.1043     4.1507     4.1972     4.1972     0.1293
1211.4675     3.8971     0.282     8.512     1.0529     3.8971     4.1972     4.1507     3.9510     4.1972     0.1313
1211.5210     4.2531     0.292     8.496     1.0491     4.2531     4.1972     4.1507     3.9510     4.1972     0.1313
1211.5745     4.4510     0.305     8.481     1.0453     4.4510     4.1972     4.1507     3.9510     4.1972     0.1313
1211.6278     4.2611     0.296     8.465     1.0415     4.2611     4.1972     4.1507     3.9510     4.1972     0.1313
1211.6813     4.1236     0.293     8.450     1.0378     4.1236     4.1972     4.1507     3.9510     4.1972     0.1313
1211.7347     3.8375     0.280     8.434     1.0340     3.8375     3.9370     3.8279     3.9510     3.6875     0.1263
1211.7882     3.9645     0.284     8.419     1.0302     3.9645     3.9370     3.8279     3.9510     3.6875     0.1263
1211.8416     4.3600     0.295     8.403     1.0265     4.3600     3.9370     3.8279     3.9510     3.6875     0.1263
1211.8950     3.3562     0.262     8.388     1.0228     3.3562     3.9370     3.8279     3.9510     3.6875     0.1263
1211.9485     4.1669     0.289     8.372     1.0190     4.1669     3.9370     3.8279     3.9510     3.6875     0.1263
1212.0018     3.7531     0.279     8.357     1.0153     3.7531     3.7187     3.8279     3.9510     3.6875     0.1233
1212.0553     3.4855     0.269     8.342     1.0116     3.4855     3.7187     3.8279     3.9510     3.6875     0.1233
1212.1086     3.6772     0.274     8.327     1.0079     3.6772     3.7187     3.8279     3.9510     3.6875     0.1233
1212.1621     3.7548     0.276     8.311     1.0042     3.7548     3.7187     3.8279     3.9510     3.6875     0.1233
1212.2155     3.9229     0.282     8.296     1.0005     3.9229     3.7187     3.8279     3.9510     3.6875     0.1233
1212.2689     4.2296     0.291     8.281     0.9968     4.2296     3.6427     3.5471     3.3312     3.6875     0.1213
1212.3223     3.5576     0.269     8.266     0.9931     3.5576     3.6427     3.5471     3.3312     3.6875     0.1213
1212.3757     3.8498     0.279     8.251     0.9894     3.8498     3.6427     3.5471     3.3312     3.6875     0.1213
1212.4291     3.3992     0.261     8.236     0.9858     3.3992     3.6427     3.5471     3.3312     3.6875     0.1213
1212.4825     3.1772     0.254     8.221     0.9821     3.1772     3.6427     3.5471     3.3312     3.6875     0.1213
1212.5360     3.6109     0.272     8.206     0.9784     3.6109     3.4515     3.5471     3.3312     3.6875     0.1184
1212.5894     3.4472     0.264     8.191     0.9748     3.4472     3.4515     3.5471     3.3312     3.6875     0.1184
1212.6428     3.2798     0.260     8.176     0.9711     3.2798     3.4515     3.5471     3.3312     3.6875     0.1184
1212.6962     3.5793     0.269     8.161     0.9675     3.5793     3.4515     3.5471     3.3312     3.6875     0.1184
1212.7496     3.3405     0.258     8.147     0.9639     3.3405     3.4515     3.5471     3.3312     3.6875     0.1184
1212.8030     3.3405     0.258     8.132     0.9602     3.3405     2.8993     2.7787     3.3312     2.3744     0.1082
1212.8564     2.7333     0.234     8.117     0.9566     2.7333     2.8993     2.7787     3.3312     2.3744     0.1082
1212.9098     2.6149     0.230     8.102     0.9530     2.6149     2.8993     2.7787     3.3312     2.3744     0.1082
1212.9633     2.9875     0.247     8.088     0.9494     2.9875     2.8993     2.7787     3.3312     2.3744     0.1082
1213.0166     2.8201     0.239     8.073     0.9458     2.8201     2.8993     2.7787     3.3312     2.3744     0.1082
1213.0701     2.4664     0.224     8.058     0.9422     2.4664     2.6581     2.7787     2.1995     2.3744     0.1037
1213.1234     2.9630     0.247     8.044     0.9386     2.9630     2.6581     2.7787     2.1995     2.3744     0.1037
1213.1769     2.6309     0.228     8.029     0.9351     2.6309     2.6581     2.7787     2.1995     2.3744     0.1037
1213.2302     2.7345     0.236     8.015     0.9315     2.7345     2.6581     2.7787     2.1995     2.3744     0.1037
1213.2837     2.4957     0.223     8.000     0.9279     2.4957     2.6581     2.7787     2.1995     2.3744     0.1037
1213.3370     1.8649     0.193     7.986     0.9244     1.8649     2.0702     1.9702     2.1995     2.3744     0.0913
1213.3905     2.2782     0.215     7.972     0.9208     2.2782     2.0702     1.9702     2.1995     2.3744     0.0913
1213.4438     2.3167     0.217     7.957     0.9173     2.3167     2.0702     1.9702     2.1995     2.3744     0.0913
1213.4973     1.9064     0.194     7.943     0.9138     1.9064     2.0702     1.9702     2.1995     2.3744     0.0913
1213.5507     1.9845     0.200     7.929     0.9102     1.9845     2.0702     1.9702     2.1995     2.3744     0.0913
1213.6041     2.1795     0.208     7.914     0.9067     2.1795     1.8703     1.9702     2.1995     2.3744     0.0862
1213.6575     2.0592     0.202     7.900     0.9032     2.0592     1.8703     1.9702     2.1995     2.3744     0.0862
1213.7108     1.8584     0.193     7.886     0.8997     1.8584     1.8703     1.9702     2.1995     2.3744     0.0862
1213.7643     1.6910     0.184     7.872     0.8962     1.6910     1.8703     1.9702     2.1995     2.3744     0.0862
1213.8176     1.5632     0.176     7.858     0.8927     1.5632     1.8703     1.9702     2.1995     2.3744     0.0862
1213.8711     1.0861     0.149     7.844     0.8892     1.0861     1.0962     0.8818     0.6753     0.5503     0.0663
1213.9244     1.0177     0.143     7.830     0.8857     1.0177     1.0962     0.8818     0.6753     0.5503     0.0663
1213.9779     1.3511     0.163     7.816     0.8822     1.3511     1.0962     0.8818     0.6753     0.5503     0.0663
1214.0312     1.2051     0.156     7.802     0.8788     1.2051     1.0962     0.8818     0.6753     0.5503     0.0663
1214.0847     0.8211     0.128     7.788     0.8753     0.8211     1.0962     0.8818     0.6753     0.5503     0.0663
1214.1381     0.9404     0.137     7.774     0.8718     0.9404     0.6673     0.8818     0.6753     0.5503     0.0521
1214.1915     0.7615     0.125     7.760     0.8684     0.7615     0.6673     0.8818     0.6753     0.5503     0.0521
1214.2449     0.6665     0.117     7.746     0.8650     0.6665     0.6673     0.8818     0.6753     0.5503     0.0521
1214.2982     0.4834     0.099     7.733     0.8615     0.4834     0.6673     0.8818     0.6753     0.5503     0.0521
1214.3517     0.4849     0.101     7.719     0.8581     0.4849     0.6673     0.8818     0.6753     0.5503     0.0521
1214.4050     0.3442     0.085     7.705     0.8547     0.3442     0.2624     0.2188     0.6753     0.5503     0.0335
1214.4585     0.3751     0.089     7.691     0.8513     0.3751     0.2624     0.2188     0.6753     0.5503     0.0335
1214.5118     0.2663     0.075     7.678     0.8478     0.2663     0.2624     0.2188     0.6753     0.5503     0.0335
1214.5653     0.1782     0.063     7.664     0.8444     0.1782     0.2624     0.2188     0.6753     0.5503     0.0335
1214.6187     0.1481     0.058     7.651     0.8411     0.1481     0.2624     0.2188     0.6753     0.5503     0.0335
1214.6720     0.2255     0.070     7.637     0.8377     0.2255     0.1752     0.2188     0.0801     0.5503     0.0280
1214.7255     0.1975     0.066     7.624     0.8343     0.1975     0.1752     0.2188     0.0801     0.5503     0.0280
1214.7788     0.2108     0.069     7.610     0.8309     0.2108     0.1752     0.2188     0.0801     0.5503     0.0280
1214.8323     0.1557     0.059     7.597     0.8275     0.1557     0.1752     0.2188     0.0801     0.5503     0.0280
1214.8856     0.0867     0.047     7.583     0.8242     0.0867     0.1752     0.2188     0.0801     0.5503     0.0280
1214.9391     0.1414     0.056     7.570     0.8208     0.1414     0.1687     0.0326     0.0801    -0.0893     0.0307
1214.9924     0.1973     0.066     7.557     0.8175     0.1973     0.1687     0.0326     0.0801    -0.0893     0.0307
1215.0458     0.2643     0.074     7.544     0.8141     0.2643     0.1687     0.0326     0.0801    -0.0893     0.0307
1215.0992     0.2038     0.070     7.530     0.8108     0.2038     0.1687     0.0326     0.0801    -0.0893     0.0307
1215.1526     0.0369     0.076     7.517     0.8075     0.0369     0.1687     0.0326     0.0801    -0.0893     0.0307
1215.2061     0.0121     0.077     7.504     0.8041     0.0121    -0.1036     0.0326     0.0801    -0.0893     0.0431
1215.2594    -0.0439     0.082     7.491     0.8008    -0.0439    -0.1036     0.0326     0.0801    -0.0893     0.0431
1215.3127    -0.0078     0.099     7.478     0.7975    -0.0078    -0.1036     0.0326     0.0801    -0.0893     0.0431
1215.3662    -0.3033     0.093     7.465     0.7942    -0.3033    -0.1036     0.0326     0.0801    -0.0893     0.0431
1215.4196    -0.1750     0.124     7.452     0.7909    -0.1750    -0.1036     0.0326     0.0801    -0.0893     0.0431
1215.4729     0.0228     0.144     7.439     0.7876     0.0228    -0.4069    -0.2111    -0.1086    -0.0893     0.1286
1215.5264    -0.0996     0.176     7.426     0.7844    -0.0996    -0.4069    -0.2111    -0.1086    -0.0893     0.1286
1215.5797    -0.7199     0.221     7.413     0.7811    -0.7199    -0.4069    -0.2111    -0.1086    -0.0893     0.1286
1215.6332    -0.3882     0.349     7.400     0.7778    -0.3882    -0.4069    -0.2111    -0.1086    -0.0893     0.1286
1215.6865    -0.8493     0.437     7.387     0.7746    -0.8493    -0.4069    -0.2111    -0.1086    -0.0893     0.1286
1215.7399     0.3073     0.489     7.374     0.7713     0.3073    -0.0154    -0.2111    -0.1086    -0.0893     0.2155
1215.7933    -0.1346     0.493     7.362     0.7681    -0.1346    -0.0154    -0.2111    -0.1086    -0.0893     0.2155
1215.8467    -0.9711     0.488     7.349     0.7648    -0.9711    -0.0154    -0.2111    -0.1086    -0.0893     0.2155
1215.9000    -0.0188     0.485     7.336     0.7616    -0.0188    -0.0154    -0.2111    -0.1086    -0.0893     0.2155
1215.9535     0.7405     0.453     7.323     0.7584     0.7405    -0.0154    -0.2111    -0.1086    -0.0893     0.2155
1216.0068     0.2033     0.321     7.311     0.7551     0.2033     0.0965     0.0958    -0.1086     0.1673     0.0907
1216.0602    -0.2318     0.209     7.298     0.7519    -0.2318     0.0965     0.0958    -0.1086     0.1673     0.0907
1216.1136     0.1634     0.151     7.286     0.7487     0.1634     0.0965     0.0958    -0.1086     0.1673     0.0907
1216.1670     0.1620     0.145     7.273     0.7455     0.1620     0.0965     0.0958    -0.1086     0.1673     0.0907
1216.2203     0.1855     0.124     7.261     0.7423     0.1855     0.0965     0.0958    -0.1086     0.1673     0.0907
1216.2738     0.1308     0.099     7.248     0.7391     0.1308     0.0952     0.0958     0.1909     0.1673     0.0389
1216.3271     0.0513     0.093     7.236     0.7360     0.0513     0.0952     0.0958     0.1909     0.1673     0.0389
1216.3805     0.1483     0.098     7.223     0.7328     0.1483     0.0952     0.0958     0.1909     0.1673     0.0389
1216.4340     0.0123     0.082     7.211     0.7296     0.0123     0.0952     0.0958     0.1909     0.1673     0.0389
1216.4873     0.1330     0.054     7.199     0.7265     0.1330     0.0952     0.0958     0.1909     0.1673     0.0389
1216.5406     0.2317     0.069     7.187     0.7233     0.2317     0.1980     0.2387     0.1909     0.1673     0.0289
1216.5941     0.2163     0.067     7.174     0.7202     0.2163     0.1980     0.2387     0.1909     0.1673     0.0289
1216.6476     0.2634     0.073     7.162     0.7170     0.2634     0.1980     0.2387     0.1909     0.1673     0.0289
1216.7009     0.1429     0.056     7.150     0.7139     0.1429     0.1980     0.2387     0.1909     0.1673     0.0289
1216.7544     0.1357     0.055     7.138     0.7108     0.1357     0.1980     0.2387     0.1909     0.1673     0.0289
1216.8077     0.1460     0.056     7.126     0.7076     0.1460     0.2794     0.2387     0.1909     0.1673     0.0339
1216.8611     0.2364     0.070     7.114     0.7045     0.2364     0.2794     0.2387     0.1909     0.1673     0.0339
1216.9146     0.3169     0.080     7.102     0.7014     0.3169     0.2794     0.2387     0.1909     0.1673     0.0339
1216.9679     0.2645     0.074     7.090     0.6983     0.2645     0.2794     0.2387     0.1909     0.1673     0.0339
1217.0212     0.4334     0.094     7.078     0.6952     0.4334     0.2794     0.2387     0.1909     0.1673     0.0339
1217.0746     0.4908     0.099     7.066     0.6921     0.4908     0.6569     0.9011     1.0944     1.3248     0.0508
1217.1281     0.6134     0.109     7.054     0.6891     0.6134     0.6569     0.9011     1.0944     1.3248     0.0508
1217.1814     0.4765     0.097     7.042     0.6860     0.4765     0.6569     0.9011     1.0944     1.3248     0.0508
1217.2347     0.7055     0.117     7.030     0.6829     0.7055     0.6569     0.9011     1.0944     1.3248     0.0508
1217.2882     0.9980     0.140     7.019     0.6799     0.9980     0.6569     0.9011     1.0944     1.3248     0.0508
1217.3416     0.9988     0.139     7.007     0.6768     0.9988     1.1454     0.9011     1.0944     1.3248     0.0660
1217.3949     1.2547     0.154     6.995     0.6738     1.2547     1.1454     0.9011     1.0944     1.3248     0.0660
1217.4482     1.1313     0.146     6.984     0.6707     1.1313     1.1454     0.9011     1.0944     1.3248     0.0660
1217.5017     1.1415     0.147     6.972     0.6677     1.1415     1.1454     0.9011     1.0944     1.3248     0.0660
1217.5551     1.2007     0.151     6.960     0.6647     1.2007     1.1454     0.9011     1.0944     1.3248     0.0660
1217.6084     1.2648     0.156     6.949     0.6616     1.2648     1.4810     1.7485     1.0944     1.3248     0.0748
1217.6617     1.3360     0.160     6.937     0.6586     1.3360     1.4810     1.7485     1.0944     1.3248     0.0748
1217.7152     1.7014     0.178     6.926     0.6556     1.7014     1.4810     1.7485     1.0944     1.3248     0.0748
1217.7686     1.4912     0.167     6.914     0.6526     1.4912     1.4810     1.7485     1.0944     1.3248     0.0748
1217.8219     1.6118     0.174     6.903     0.6496     1.6118     1.4810     1.7485     1.0944     1.3248     0.0748
1217.8752     2.0096     0.196     6.892     0.6467     2.0096     2.0160     1.7485     2.4788     1.3248     0.0871
1217.9287     1.8832     0.188     6.880     0.6437     1.8832     2.0160     1.7485     2.4788     1.3248     0.0871
1217.9821     2.2947     0.209     6.869     0.6407     2.2947     2.0160     1.7485     2.4788     1.3248     0.0871
1218.0354     1.8647     0.186     6.858     0.6377     1.8647     2.0160     1.7485     2.4788     1.3248     0.0871
1218.0887     2.0280     0.194     6.846     0.6348     2.0280     2.0160     1.7485     2.4788     1.3248     0.0871
1218.1422     2.3847     0.210     6.835     0.6318     2.3847     2.4713     2.7102     2.4788     2.9316     0.0953
1218.1956     2.4455     0.213     6.824     0.6289     2.4455     2.4713     2.7102     2.4788     2.9316     0.0953
1218.2489     2.6874     0.222     6.813     0.6259     2.6874     2.4713     2.7102     2.4788     2.9316     0.0953
1218.3022     2.4089     0.211     6.802     0.6230     2.4089     2.4713     2.7102     2.4788     2.9316     0.0953
1218.3557     2.4299     0.210     6.791     0.6201     2.4299     2.4713     2.7102     2.4788     2.9316     0.0953
1218.4091     2.6547     0.223     6.780     0.6172     2.6547     2.9492     2.7102     2.4788     2.9316     0.1047
1218.4624     2.8856     0.231     6.769     0.6143     2.8856     2.9492     2.7102     2.4788     2.9316     0.1047
1218.5157     3.1276     0.242     6.758     0.6114     3.1276     2.9492     2.7102     2.4788     2.9316     0.1047
1218.5691     3.0407     0.237     6.747     0.6085     3.0407     2.9492     2.7102     2.4788     2.9316     0.1047
1218.6226     3.0374     0.237     6.736     0.6056     3.0374     2.9492     2.7102     2.4788     2.9316     0.1047
1218.6759     2.9809     0.234     6.725     0.6027     2.9809     3.0839     3.1530     3.2572     2.9316     0.1070
1218.7292     2.9187     0.233     6.715     0.5998     2.9187     3.0839     3.1530     3.2572     2.9316     0.1070
1218.7826     2.8015     0.227     6.704     0.5969     2.8015     3.0839     3.1530     3.2572     2.9316     0.1070
1218.8359     3.4333     0.254     6.693     0.5941     3.4333     3.0839     3.1530     3.2572     2.9316     0.1070
1218.8894     3.2851     0.247     6.682     0.5912     3.2851     3.0839     3.1530     3.2572     2.9316     0.1070
1218.9427     3.0112     0.235     6.672     0.5884     3.0112     3.2221     3.1530     3.2572     2.9316     0.1084
1218.9961     3.3471     0.246     6.661     0.5855     3.3471     3.2221     3.1530     3.2572     2.9316     0.1084
1219.0494     3.2388     0.243     6.651     0.5827     3.2388     3.2221     3.1530     3.2572     2.9316     0.1084
1219.1028     3.1398     0.239     6.640     0.5799     3.1398     3.2221     3.1530     3.2572     2.9316     0.1084
1219.1562     3.3738     0.248     6.629     0.5770     3.3738     3.2221     3.1530     3.2572     2.9316     0.1084
1219.2096     3.1713     0.241     6.619     0.5742     3.1713     3.4655     3.6097     3.2572     3.7981     0.1127
1219.2629     3.3572     0.249     6.609     0.5714     3.3572     3.4655     3.6097     3.2572     3.7981     0.1127
1219.3163     3.6956     0.261     6.598     0.5686     3.6956     3.4655     3.6097     3.2572     3.7981     0.1127
1219.3696     3.4406     0.250     6.588     0.5658     3.4406     3.4655     3.6097     3.2572     3.7981     0.1127
1219.4230     3.6628     0.258     6.577     0.5630     3.6628     3.4655     3.6097     3.2572     3.7981     0.1127
1219.4764     3.2189     0.242     6.567     0.5602     3.2189     3.7538     3.6097     3.9089     3.7981     0.1162
1219.5298     3.8346     0.263     6.557     0.5574     3.8346     3.7538     3.6097     3.9089     3.7981     0.1162
1219.5831     3.8136     0.264     6.547     0.5547     3.8136     3.7538     3.6097     3.9089     3.7981     0.1162
1219.6365     3.7662     0.259     6.537     0.5519     3.7662     3.7538     3.6097     3.9089     3.7981     0.1162
1219.6898     4.1358     0.271     6.526     0.5492     4.1358     3.7538     3.6097     3.9089     3.7981     0.1162
1219.7432     3.7367     0.261     6.516     0.5464     3.7367     3.8010     3.9865     3.9089     3.7981     0.1174
1219.7966     3.6480     0.259     6.506     0.5437     3.6480     3.8010     3.9865     3.9089     3.7981     0.1174
1219.8500     4.0433     0.269     6.496     0.5409     4.0433     3.8010     3.9865     3.9089     3.7981     0.1174
1219.9033     3.5077     0.253     6.486     0.5382     3.5077     3.8010     3.9865     3.9089     3.7981     0.1174
1219.9567     4.0692     0.271     6.476     0.5355     4.0692     3.8010     3.9865     3.9089     3.7981     0.1174
1220.0100     4.4805     0.278     6.466     0.5328     4.4805     4.1720     3.9865     3.9089     3.7981     0.1217
1220.0634     4.2481     0.275     6.456     0.5301     4.2481     4.1720     3.9865     3.9089     3.7981     0.1217
1220.1167     4.1394     0.271     6.446     0.5273     4.1394     4.1720     3.9865     3.9089     3.7981     0.1217
1220.1702     3.8315     0.261     6.437     0.5247     3.8315     4.1720     3.9865     3.9089     3.7981     0.1217
1220.2235     4.1606     0.275     6.427     0.5220     4.1606     4.1720     3.9865     3.9089     3.7981     0.1217
1220.2769     4.3411     0.282     6.417     0.5193     4.3411     4.1284     4.1555     4.2837     4.2674     0.1219
1220.3302     4.3474     0.280     6.407     0.5166     4.3474     4.1284     4.1555     4.2837     4.2674     0.1219
1220.3835     3.9923     0.269     6.398     0.5139     3.9923     4.1284     4.1555     4.2837     4.2674     0.1219
1220.4369     4.1072     0.269     6.388     0.5113     4.1072     4.1284     4.1555     4.2837     4.2674     0.1219
1220.4902     3.8542     0.263     6.378     0.5086     3.8542     4.1284     4.1555     4.2837     4.2674     0.1219
1220.5436     3.9263     0.265     6.369     0.5060     3.9263     4.1826     4.1555     4.2837     4.2674     0.1228
1220.5969     4.4267     0.281     6.359     0.5033     4.4267     4.1826     4.1555     4.2837     4.2674     0.1228
1220.6504     4.1292     0.275     6.350     0.5007     4.1292     4.1826     4.1555     4.2837     4.2674     0.1228
1220.7037     4.2692     0.281     6.340     0.4981     4.2692     4.1826     4.1555     4.2837     4.2674     0.1228
1220.7571     4.1618     0.272     6.331     0.4954     4.1618     4.1826     4.1555     4.2837     4.2674     0.1228
1220.8104     4.5819     0.286     6.321     0.4928     4.5819     4.5400     4.3793     4.2837     4.2674     0.1281
1220.8638     4.6704     0.291     6.312     0.4902     4.6704     4.5400     4.3793     4.2837     4.2674     0.1281
1220.9171     4.2880     0.278     6.303     0.4876     4.2880     4.5400     4.3793     4.2837     4.2674     0.1281
1220.9705     4.5264     0.286     6.294     0.4850     4.5264     4.5400     4.3793     4.2837     4.2674     0.1281
1221.0238     4.6332     0.291     6.284     0.4824     4.6332     4.5400     4.3793     4.2837     4.2674     0.1281
1221.0771     4.1844     0.274     6.275     0.4798     4.1844     4.2187     4.3793     4.4512     4.2674     0.1228
1221.1305     4.3388     0.277     6.266     0.4773     4.3388     4.2187     4.3793     4.4512     4.2674     0.1228
1221.1838     4.2520     0.276     6.257     0.4747     4.2520     4.2187     4.3793     4.4512     4.2674     0.1228
1221.2373     4.1140     0.271     6.248     0.4721     4.1140     4.2187     4.3793     4.4512     4.2674     0.1228
1221.2906     4.2042     0.275     6.239     0.4696     4.2042     4.2187     4.3793     4.4512     4.2674     0.1228
1221.3440     4.3937     0.278     6.229     0.4670     4.3937     4.6332     4.5675     4.4512     4.4820     0.1281
1221.3973     4.5691     0.285     6.220     0.4645     4.5691     4.6332     4.5675     4.4512     4.4820     0.1281
1221.4507     4.6987     0.288     6.211     0.4620     4.6987     4.6332     4.5675     4.4512     4.4820     0.1281
1221.5042     4.7848     0.292     6.203     0.4594     4.7848     4.6332     4.5675     4.4512     4.4820     0.1281
1221.5575     4.7197     0.289     6.194     0.4569     4.7197     4.6332     4.5675     4.4512     4.4820     0.1281
1221.6108     4.8277     0.294     6.185     0.4544     4.8277     4.5018     4.5675     4.4512     4.4820     0.1258
1221.6642     4.0058     0.264     6.176     0.4519     4.0058     4.5018     4.5675     4.4512     4.4820     0.1258
1221.7175     4.5094     0.281     6.167     0.4494     4.5094     4.5018     4.5675     4.4512     4.4820     0.1258
1221.7709     4.6638     0.285     6.158     0.4469     4.6638     4.5018     4.5675     4.4512     4.4820     0.1258
1221.8242     4.5023     0.281     6.150     0.4444     4.5023     4.5018     4.5675     4.4512     4.4820     0.1258
1221.8776     4.2699     0.274     6.141     0.4419     4.2699     4.3246     4.3965     4.4362     4.4820     0.1232
1221.9309     4.1939     0.272     6.132     0.4395     4.1939     4.3246     4.3965     4.4362     4.4820     0.1232
1221.9843     4.3662     0.276     6.124     0.4370     4.3662     4.3246     4.3965     4.4362     4.4820     0.1232
1222.0376     4.2479     0.276     6.115     0.4345     4.2479     4.3246     4.3965     4.4362     4.4820     0.1232
1222.0909     4.5452     0.279     6.107     0.4321     4.5452     4.3246     4.3965     4.4362     4.4820     0.1232
1222.1443     4.3176     0.276     6.098     0.4296     4.3176     4.4684     4.3965     4.4362     4.4820     0.1243
1222.1976     4.3013     0.273     6.090     0.4272     4.3013     4.4684     4.3965     4.4362     4.4820     0.1243
1222.2510     4.4935     0.277     6.081     0.4247     4.4935     4.4684     4.3965     4.4362     4.4820     0.1243
1222.3043     4.5829     0.282     6.073     0.4223     4.5829     4.4684     4.3965     4.4362     4.4820     0.1243
1222.3577     4.6469     0.282     6.065     0.4199     4.6469     4.4684     4.3965     4.4362     4.4820     0.1243
1222.4110     4.4167     0.275     6.056     0.4175     4.4167     4.5156     4.6014     4.4362     4.5750     0.1249
1222.4644     4.9828     0.295     6.048     0.4151     4.9828     4.5156     4.6014     4.4362     4.5750     0.1249
1222.5177     3.9916     0.262     6.040     0.4127     3.9916     4.5156     4.6014     4.4362     4.5750     0.1249
1222.5710     4.5167     0.279     6.031     0.4103     4.5167     4.5156     4.6014     4.4362     4.5750     0.1249
1222.6244     4.6703     0.285     6.023     0.4079     4.6703     4.5156     4.6014     4.4362     4.5750     0.1249
1222.6777     4.6857     0.283     6.015     0.4055     4.6857     4.6871     4.6014     4.5947     4.5750     0.1276
1222.7311     4.7397     0.287     6.007     0.4031     4.7397     4.6871     4.6014     4.5947     4.5750     0.1276
1222.7844     4.2731     0.273     5.999     0.4008     4.2731     4.6871     4.6014     4.5947     4.5750     0.1276
1222.8378     4.6980     0.286     5.991     0.3984     4.6980     4.6871     4.6014     4.5947     4.5750     0.1276
1222.8911     5.0392     0.298     5.983     0.3961     5.0392     4.6871     4.6014     4.5947     4.5750     0.1276
1222.9445     4.8940     0.291     5.975     0.3937     4.8940     4.7435     4.5485     4.5947     4.5750     0.1282
1222.9978     4.6025     0.284     5.967     0.3914     4.6025     4.7435     4.5485     4.5947     4.5750     0.1282
1223.0511     5.1150     0.295     5.959     0.3890     5.1150     4.7435     4.5485     4.5947     4.5750     0.1282
1223.1045     4.4881     0.280     5.951     0.3867     4.4881     4.7435     4.5485     4.5947     4.5750     0.1282
1223.1578     4.6181     0.284     5.943     0.3844     4.6181     4.7435     4.5485     4.5947     4.5750     0.1282
1223.2112     4.6057     0.285     5.936     0.3821     4.6057     4.3535     4.5485     4.5947     4.5750     0.1231
1223.2645     4.7340     0.286     5.928     0.3798     4.7340     4.3535     4.5485     4.5947     4.5750     0.1231
1223.3179     4.1280     0.266     5.920     0.3775     4.1280     4.3535     4.5485     4.5947     4.5750     0.1231
1223.3712     4.2776     0.273     5.912     0.3752     4.2776     4.3535     4.5485     4.5947     4.5750     0.1231
1223.4246     4.0225     0.265     5.905     0.3729     4.0225     4.3535     4.5485     4.5947     4.5750     0.1231
1223.4779     3.8816     0.258     5.897     0.3706     3.8816     3.8675     4.2727     4.3521     4.4072     0.1150
1223.5312     4.0532     0.267     5.890     0.3683     4.0532     3.8675     4.2727     4.3521     4.4072     0.1150
1223.5846     3.6723     0.250     5.882     0.3661     3.6723     3.8675     4.2727     4.3521     4.4072     0.1150
1223.6379     3.7510     0.250     5.875     0.3638     3.7510     3.8675     4.2727     4.3521     4.4072     0.1150
1223.6913     3.9792     0.260     5.867     0.3616     3.9792     3.8675     4.2727     4.3521     4.4072     0.1150
1223.7446     4.4800     0.274     5.860     0.3593     4.4800     4.6779     4.2727     4.3521     4.4072     0.1265
1223.7980     5.0467     0.294     5.852     0.3571     5.0467     4.6779     4.2727     4.3521     4.4072     0.1265
1223.8513     5.0292     0.296     5.845     0.3548     5.0292     4.6779     4.2727     4.3521     4.4072     0.1265
1223.9047     4.5442     0.278     5.838     0.3526     4.5442     4.6779     4.2727     4.3521     4.4072     0.1265
1223.9579     4.2895     0.271     5.830     0.3504     4.2895     4.6779     4.2727     4.3521     4.4072     0.1265
1224.0112     4.5178     0.276     5.823     0.3482     4.5178     4.5108     4.5417     4.3521     4.4072     0.1229
1224.0646     4.6033     0.276     5.816     0.3460     4.6033     4.5108     4.5417     4.3521     4.4072     0.1229
1224.1179     4.4817     0.277     5.809     0.3438     4.4817     4.5108     4.5417     4.3521     4.4072     0.1229
1224.1713     4.4080     0.272     5.802     0.3416     4.4080     4.5108     4.5417     4.3521     4.4072     0.1229
1224.2246     4.5434     0.273     5.794     0.3394     4.5434     4.5108     4.5417     4.3521     4.4072     0.1229
1224.2780     4.5710     0.281     5.787     0.3372     4.5710     4.5726     4.5417     4.7750     4.4072     0.1248
1224.3313     4.9346     0.288     5.780     0.3351     4.9346     4.5726     4.5417     4.7750     4.4072     0.1248
1224.3846     4.2593     0.267     5.773     0.3329     4.2593     4.5726     4.5417     4.7750     4.4072     0.1248
1224.4380     4.5247     0.279     5.766     0.3307     4.5247     4.5726     4.5417     4.7750     4.4072     0.1248
1224.4913     4.5735     0.280     5.759     0.3286     4.5735     4.5726     4.5417     4.7750     4.4072     0.1248
1224.5447     5.3946     0.301     5.753     0.3264     5.3946     5.0188     4.8762     4.7750     4.8773     0.1306
1224.5979     4.8691     0.289     5.746     0.3243     4.8691     5.0188     4.8762     4.7750     4.8773     0.1306
1224.6512     4.8084     0.287     5.739     0.3222     4.8084     5.0188     4.8762     4.7750     4.8773     0.1306
1224.7046     5.3423     0.301     5.732     0.3200     5.3423     5.0188     4.8762     4.7750     4.8773     0.1306
1224.7579     4.6794     0.282     5.725     0.3179     4.6794     5.0188     4.8762     4.7750     4.8773     0.1306
1224.8113     4.6921     0.283     5.719     0.3158     4.6921     4.7337     4.8762     4.7750     4.8773     0.1269
1224.8646     4.8557     0.288     5.712     0.3137     4.8557     4.7337     4.8762     4.7750     4.8773     0.1269
1224.9180     4.8935     0.289     5.705     0.3116     4.8935     4.7337     4.8762     4.7750     4.8773     0.1269
1224.9713     4.4741     0.277     5.699     0.3095     4.4741     4.7337     4.8762     4.7750     4.8773     0.1269
1225.0245     4.7527     0.282     5.692     0.3074     4.7527     4.7337     4.8762     4.7750     4.8773     0.1269
1225.0779     4.7636     0.283     5.686     0.3054     4.7636     4.9699     4.8783     4.8493     4.8773     0.1299
1225.1312     5.0782     0.296     5.679     0.3033     5.0782     4.9699     4.8783     4.8493     4.8773     0.1299
1225.1846     4.9979     0.290     5.673     0.3012     4.9979     4.9699     4.8783     4.8493     4.8773     0.1299
1225.2379     4.6709     0.282     5.666     0.2992     4.6709     4.9699     4.8783     4.8493     4.8773     0.1299
1225.2913     5.3388     0.301     5.660     0.2971     5.3388     4.9699     4.8783     4.8493     4.8773     0.1299
1225.3446     4.9802     0.290     5.653     0.2951     4.9802     4.7868     4.8783     4.8493     4.8773     0.1268
1225.3979     4.7374     0.282     5.647     0.2930     4.7374     4.7868     4.8783     4.8493     4.8773     0.1268
1225.4512     4.5836     0.278     5.641     0.2910     4.5836     4.7868     4.8783     4.8493     4.8773     0.1268
1225.5045     4.6909     0.279     5.635     0.2890     4.6909     4.7868     4.8783     4.8493     4.8773     0.1268
1225.5579     4.9419     0.288     5.628     0.2870     4.9419     4.7868     4.8783     4.8493     4.8773     0.1268
1225.6112     5.3025     0.296     5.622     0.2850     5.3025     4.7912     4.8298     4.8493     4.8052     0.1266
1225.6646     4.9930     0.291     5.616     0.2830     4.9930     4.7912     4.8298     4.8493     4.8052     0.1266
1225.7179     4.5838     0.278     5.610     0.2810     4.5838     4.7912     4.8298     4.8493     4.8052     0.1266
1225.7711     4.4510     0.273     5.604     0.2790     4.4510     4.7912     4.8298     4.8493     4.8052     0.1266
1225.8245     4.6257     0.277     5.598     0.2770     4.6257     4.7912     4.8298     4.8493     4.8052     0.1266
1225.8778     4.5901     0.275     5.592     0.2750     4.5901     4.8685     4.8298     4.8099     4.8052     0.1270
1225.9312     4.8210     0.282     5.586     0.2730     4.8210     4.8685     4.8298     4.8099     4.8052     0.1270
1225.9845     5.2661     0.294     5.580     0.2711     5.2661     4.8685     4.8298     4.8099     4.8052     0.1270
1226.0378     4.7556     0.281     5.574     0.2691     4.7556     4.8685     4.8298     4.8099     4.8052     0.1270
1226.0911     4.9097     0.287     5.568     0.2672     4.9097     4.8685     4.8298     4.8099     4.8052     0.1270
1226.1444     5.1847     0.294     5.562     0.2652     5.1847     4.7624     4.7806     4.8099     4.8052     0.1255
1226.1978     4.8715     0.284     5.557     0.2633     4.8715     4.7624     4.7806     4.8099     4.8052     0.1255
1226.2511     4.5435     0.274     5.551     0.2614     4.5435     4.7624     4.7806     4.8099     4.8052     0.1255
1226.3044     4.6721     0.277     5.545     0.2594     4.6721     4.7624     4.7806     4.8099     4.8052     0.1255
1226.3577     4.5401     0.272     5.539     0.2575     4.5401     4.7624     4.7806     4.8099     4.8052     0.1255
1226.4111     4.4388     0.271     5.534     0.2556     4.4388     4.7988     4.7806     4.8099     4.8052     0.1255
1226.4645     4.3976     0.267     5.528     0.2537     4.3976     4.7988     4.7806     4.8099     4.8052     0.1255
1226.5178     5.1043     0.292     5.523     0.2518     5.1043     4.7988     4.7806     4.8099     4.8052     0.1255
1226.5712     4.9861     0.286     5.517     0.2499     4.9861     4.7988     4.7806     4.8099     4.8052     0.1255
1226.6244     5.0674     0.287     5.512     0.2481     5.0674     4.7988     4.7806     4.8099     4.8052     0.1255
1226.6777     5.0013     0.286     5.506     0.2462     5.0013     4.6389     4.3985     4.4991     4.5750     0.1236
1226.7311     4.5160     0.273     5.501     0.2443     4.5160     4.6389     4.3985     4.4991     4.5750     0.1236
1226.7844     4.8683     0.284     5.495     0.2425     4.8683     4.6389     4.3985     4.4991     4.5750     0.1236
1226.8376     4.3484     0.269     5.490     0.2406     4.3484     4.6389     4.3985     4.4991     4.5750     0.1236
1226.8910     4.4605     0.271     5.485     0.2388     4.4605     4.6389     4.3985     4.4991     4.5750     0.1236
1226.9443     4.2235     0.262     5.479     0.2369     4.2235     4.1581     4.3985     4.4991     4.5750     0.1171
1226.9977     3.9899     0.256     5.474     0.2351     3.9899     4.1581     4.3985     4.4991     4.5750     0.1171
1227.0510     3.8110     0.252     5.469     0.2333     3.8110     4.1581     4.3985     4.4991     4.5750     0.1171
1227.1042     4.3554     0.268     5.464     0.2314     4.3554     4.1581     4.3985     4.4991     4.5750     0.1171
1227.1576     4.4106     0.271     5.459     0.2296     4.4106     4.1581     4.3985     4.4991     4.5750     0.1171
1227.2109     4.6522     0.278     5.453     0.2278     4.6522     4.7003     4.7515     4.4991     4.5750     0.1234
1227.2643     4.7110     0.275     5.448     0.2260     4.7110     4.7003     4.7515     4.4991     4.5750     0.1234
1227.3175     4.5288     0.270     5.443     0.2242     4.5288     4.7003     4.7515     4.4991     4.5750     0.1234
1227.3708     4.9628     0.283     5.438     0.2224     4.9628     4.7003     4.7515     4.4991     4.5750     0.1234
1227.4242     4.6469     0.273     5.433     0.2206     4.6469     4.7003     4.7515     4.4991     4.5750     0.1234
1227.4775     4.5466     0.274     5.428     0.2189     4.5466     4.8026     4.7515     4.5380     4.5750     0.1255
1227.5308     4.9527     0.288     5.424     0.2171     4.9527     4.8026     4.7515     4.5380     4.5750     0.1255
1227.5841     4.8252     0.282     5.419     0.2153     4.8252     4.8026     4.7515     4.5380     4.5750     0.1255
1227.6375     4.8310     0.280     5.414     0.2136     4.8310     4.8026     4.7515     4.5380     4.5750     0.1255
1227.6908     4.8576     0.279     5.409     0.2118     4.8576     4.8026     4.7515     4.5380     4.5750     0.1255
1227.7440     4.3049     0.263     5.404     0.2101     4.3049     4.1712     4.4058     4.5380     4.5827     0.1165
1227.7974     4.2444     0.261     5.400     0.2084     4.2444     4.1712     4.4058     4.5380     4.5827     0.1165
1227.8507     3.9326     0.254     5.395     0.2067     3.9326     4.1712     4.4058     4.5380     4.5827     0.1165
1227.9039     4.1256     0.262     5.390     0.2049     4.1256     4.1712     4.4058     4.5380     4.5827     0.1165
1227.9573     4.2485     0.263     5.386     0.2032     4.2485     4.1712     4.4058     4.5380     4.5827     0.1165
1228.0106     4.6078     0.274     5.381     0.2015     4.6078     4.6403     4.4058     4.5380     4.5827     0.1230
1228.0640     4.8064     0.282     5.377     0.1998     4.8064     4.6403     4.4058     4.5380     4.5827     0.1230
1228.1172     4.5369     0.272     5.372     0.1981     4.5369     4.6403     4.4058     4.5380     4.5827     0.1230
1228.1705     4.2715     0.262     5.368     0.1964     4.2715     4.6403     4.4058     4.5380     4.5827     0.1230
1228.2239     4.9789     0.285     5.363     0.1948     4.9789     4.6403     4.4058     4.5380     4.5827     0.1230
1228.2771     4.3379     0.265     5.359     0.1931     4.3379     4.7270     4.7596     4.8048     4.5827     0.1233
1228.3304     4.8240     0.279     5.354     0.1914     4.8240     4.7270     4.7596     4.8048     4.5827     0.1233
1228.3838     5.0174     0.284     5.350     0.1898     5.0174     4.7270     4.7596     4.8048     4.5827     0.1233
1228.4371     4.8966     0.281     5.346     0.1881     4.8966     4.7270     4.7596     4.8048     4.5827     0.1233
1228.4904     4.5589     0.271     5.342     0.1865     4.5589     4.7270     4.7596     4.8048     4.5827     0.1233
1228.5437     4.7304     0.276     5.337     0.1848     4.7304     4.7922     4.7596     4.8048     4.5827     0.1241
1228.5970     4.9175     0.280     5.333     0.1832     4.9175     4.7922     4.7596     4.8048     4.5827     0.1241
1228.6503     4.7399     0.275     5.329     0.1816     4.7399     4.7922     4.7596     4.8048     4.5827     0.1241
1228.7036     4.6168     0.273     5.325     0.1800     4.6168     4.7922     4.7596     4.8048     4.5827     0.1241
1228.7570     4.9565     0.284     5.321     0.1784     4.9565     4.7922     4.7596     4.8048     4.5827     0.1241
1228.8102     5.0232     0.283     5.317     0.1768     5.0232     4.8951     4.8506     4.8048     4.9272     0.1246
1228.8635     5.2911     0.291     5.313     0.1752     5.2911     4.8951     4.8506     4.8048     4.9272     0.1246
1228.9169     4.4484     0.264     5.309     0.1736     4.4484     4.8951     4.8506     4.8048     4.9272     0.1246
1228.9701     4.8021     0.277     5.305     0.1720     4.8021     4.8951     4.8506     4.8048     4.9272     0.1246
1229.0234     4.9107     0.278     5.301     0.1704     4.9107     4.8951     4.8506     4.8048     4.9272     0.1246
1229.0768     4.5701     0.269     5.297     0.1689     4.5701     4.8061     4.8506     4.9379     4.9272     0.1234
1229.1300     5.2278     0.289     5.293     0.1673     5.2278     4.8061     4.8506     4.9379     4.9272     0.1234
1229.1833     5.0945     0.284     5.290     0.1657     5.0945     4.8061     4.8506     4.9379     4.9272     0.1234
1229.2367     4.6451     0.269     5.286     0.1642     4.6451     4.8061     4.8506     4.9379     4.9272     0.1234
1229.2899     4.4931     0.268     5.282     0.1626     4.4931     4.8061     4.8506     4.9379     4.9272     0.1234
1229.3433     4.8923     0.277     5.278     0.1611     4.8923     5.0150     5.0038     4.9379     4.9272     0.1255
1229.3965     5.1032     0.284     5.275     0.1596     5.1032     5.0150     5.0038     4.9379     4.9272     0.1255
1229.4498     4.9433     0.279     5.271     0.1581     4.9433     5.0150     5.0038     4.9379     4.9272     0.1255
1229.5032     5.0416     0.280     5.268     0.1566     5.0416     5.0150     5.0038     4.9379     4.9272     0.1255
1229.5564     5.0948     0.283     5.264     0.1551     5.0948     5.0150     5.0038     4.9379     4.9272     0.1255
1229.6097     5.2634     0.289     5.261     0.1536     5.2634     4.9925     5.0038     4.9379     4.9272     0.1261
1229.6631     5.1565     0.285     5.257     0.1521     5.1565     4.9925     5.0038     4.9379     4.9272     0.1261
1229.7163     4.7931     0.278     5.254     0.1506     4.7931     4.9925     5.0038     4.9379     4.9272     0.1261
1229.7697     5.0310     0.281     5.250     0.1491     5.0310     4.9925     5.0038     4.9379     4.9272     0.1261
1229.8230     4.7184     0.276     5.247     0.1476     4.7184     4.9925     5.0038     4.9379     4.9272     0.1261
1229.8762     4.4368     0.265     5.244     0.1462     4.4368     4.7480     4.7628     4.8219     4.8403     0.1223
1229.9296     4.9278     0.278     5.240     0.1447     4.9278     4.7480     4.7628     4.8219     4.8403     0.1223
1229.9828     4.6605     0.271     5.237     0.1432     4.6605     4.7480     4.7628     4.8219     4.8403     0.1223
1230.0361     4.8256     0.277     5.234     0.1418     4.8256     4.7480     4.7628     4.8219     4.8403     0.1223
1230.0895     4.8892     0.276     5.231     0.1404     4.8892     4.7480     4.7628     4.8219     4.8403     0.1223
1230.1427     4.9747     0.281     5.228     0.1389     4.9747     4.7776     4.7628     4.8219     4.8403     0.1227
1230.1960     4.9568     0.279     5.224     0.1375     4.9568     4.7776     4.7628     4.8219     4.8403     0.1227
1230.2493     4.7563     0.274     5.221     0.1361     4.7563     4.7776     4.7628     4.8219     4.8403     0.1227
1230.3026     4.5151     0.266     5.218     0.1347     4.5151     4.7776     4.7628     4.8219     4.8403     0.1227
1230.3560     4.6854     0.271     5.215     0.1333     4.6854     4.7776     4.7628     4.8219     4.8403     0.1227
1230.4092     5.2056     0.284     5.212     0.1319     5.2056     4.9400     4.9178     4.8219     4.8403     0.1243
1230.4625     4.8012     0.275     5.209     0.1305     4.8012     4.9400     4.9178     4.8219     4.8403     0.1243
1230.5157     5.1425     0.285     5.207     0.1291     5.1425     4.9400     4.9178     4.8219     4.8403     0.1243
1230.5691     4.8012     0.273     5.204     0.1278     4.8012     4.9400     4.9178     4.8219     4.8403     0.1243
1230.6224     4.7495     0.273     5.201     0.1264     4.7495     4.9400     4.9178     4.8219     4.8403     0.1243
1230.6757     4.6835     0.273     5.198     0.1250     4.6835     4.8956     4.9178     4.9259     4.8403     0.1236
1230.7290     4.5547     0.265     5.195     0.1237     4.5547     4.8956     4.9178     4.9259     4.8403     0.1236
1230.7822     5.0324     0.284     5.193     0.1223     5.0324     4.8956     4.9178     4.9259     4.8403     0.1236
1230.8356     4.9721     0.277     5.190     0.1210     4.9721     4.8956     4.9178     4.9259     4.8403     0.1236
1230.8888     5.2351     0.283     5.187     0.1197     5.2351     4.8956     4.9178     4.9259     4.8403     0.1236
1230.9421     4.9974     0.282     5.185     0.1183     4.9974     4.9536     4.9411     4.9259     4.9559     0.1245
1230.9954     5.0619     0.280     5.182     0.1170     5.0619     4.9536     4.9411     4.9259     4.9559     0.1245
1231.0487     4.7850     0.270     5.180     0.1157     4.7850     4.9536     4.9411     4.9259     4.9559     0.1245
1231.1021     5.0163     0.283     5.177     0.1144     5.0163     4.9536     4.9411     4.9259     4.9559     0.1245
1231.1553     4.9071     0.275     5.175     0.1131     4.9071     4.9536     4.9411     4.9259     4.9559     0.1245
1231.2086     4.7057     0.271     5.172     0.1118     4.7057     4.9286     4.9411     4.9259     4.9559     0.1235
1231.2620     4.6056     0.269     5.170     0.1105     4.6056     4.9286     4.9411     4.9259     4.9559     0.1235
1231.3153     5.0537     0.277     5.167     0.1093     5.0537     4.9286     4.9411     4.9259     4.9559     0.1235
1231.3685     5.4350     0.290     5.165     0.1080     5.4350     4.9286     4.9411     4.9259     4.9559     0.1235
1231.4219     4.8430     0.273     5.163     0.1067     4.8430     4.9286     4.9411     4.9259     4.9559     0.1235
1231.4751     4.7141     0.269     5.161     0.1055     4.7141     5.0651     4.9707     4.9243     4.9559     0.1254
1231.5284     4.6696     0.272     5.158     0.1042     4.6696     5.0651     4.9707     4.9243     4.9559     0.1254
1231.5817     4.9478     0.277     5.156     0.1030     4.9478     5.0651     4.9707     4.9243     4.9559     0.1254
1231.6350     5.6152     0.294     5.154     0.1018     5.6152     5.0651     4.9707     4.9243     4.9559     0.1254
1231.6882     5.3791     0.288     5.152     0.1005     5.3791     5.0651     4.9707     4.9243     4.9559     0.1254
1231.7416     4.6031     0.266     5.150     0.0993     4.6031     4.8763     4.9707     4.9243     4.9559     0.1223
1231.7949     4.7857     0.271     5.148     0.0981     4.7857     4.8763     4.9707     4.9243     4.9559     0.1223
1231.8481     4.8296     0.273     5.146     0.0969     4.8296     4.8763     4.9707     4.9243     4.9559     0.1223
1231.9015     4.6990     0.269     5.144     0.0957     4.6990     4.8763     4.9707     4.9243     4.9559     0.1223
1231.9547     5.4638     0.288     5.142     0.0945     5.4638     4.8763     4.9707     4.9243     4.9559     0.1223
1232.0081     4.8506     0.271     5.140     0.0933     4.8506     4.8315     4.8499     4.9243     4.7496     0.1220
1232.0613     4.9838     0.276     5.138     0.0922     4.9838     4.8315     4.8499     4.9243     4.7496     0.1220
1232.1146     5.0084     0.280     5.136     0.0910     5.0084     4.8315     4.8499     4.9243     4.7496     0.1220
1232.1678     4.3028     0.257     5.135     0.0898     4.3028     4.8315     4.8499     4.9243     4.7496     0.1220
1232.2212     5.0120     0.279     5.133     0.0887     5.0120     4.8315     4.8499     4.9243     4.7496     0.1220
1232.2744     4.7531     0.270     5.131     0.0876     4.7531     4.8683     4.8499     4.7223     4.7496     0.1221
1232.3278     5.2220     0.282     5.129     0.0864     5.2220     4.8683     4.8499     4.7223     4.7496     0.1221
1232.3810     4.6406     0.269     5.128     0.0853     4.6406     4.8683     4.8499     4.7223     4.7496     0.1221
1232.4342     4.7667     0.268     5.126     0.0842     4.7667     4.8683     4.8499     4.7223     4.7496     0.1221
1232.4875     4.9592     0.275     5.125     0.0831     4.9592     4.8683     4.8499     4.7223     4.7496     0.1221
1232.5408     4.6196     0.267     5.123     0.0819     4.6196     4.7211     4.6493     4.7223     4.7496     0.1208
1232.5941     5.3138     0.286     5.122     0.0808     5.3138     4.7211     4.6493     4.7223     4.7496     0.1208
1232.6473     4.4433     0.262     5.120     0.0798     4.4433     4.7211     4.6493     4.7223     4.7496     0.1208
1232.7007     4.3764     0.261     5.119     0.0787     4.3764     4.7211     4.6493     4.7223     4.7496     0.1208
1232.7539     4.8523     0.273     5.117     0.0776     4.8523     4.7211     4.6493     4.7223     4.7496     0.1208
1232.8073     4.4014     0.260     5.116     0.0765     4.4014     4.5775     4.6493     4.7223     4.7496     0.1184
1232.8605     4.2603     0.255     5.115     0.0755     4.2603     4.5775     4.6493     4.7223     4.7496     0.1184
1232.9138     4.6444     0.268     5.113     0.0744     4.6444     4.5775     4.6493     4.7223     4.7496     0.1184
1232.9670     4.8775     0.272     5.112     0.0734     4.8775     4.5775     4.6493     4.7223     4.7496     0.1184
1233.0204     4.7037     0.269     5.111     0.0723     4.7037     4.5775     4.6493     4.7223     4.7496     0.1184
1233.0736     4.8617     0.272     5.110     0.0713     4.8617     5.0436     4.9825     4.9821     4.9600     0.1231
1233.1270     5.3071     0.281     5.108     0.0703     5.3071     5.0436     4.9825     4.9821     4.9600     0.1231
1233.1802     5.0774     0.276     5.107     0.0693     5.0774     5.0436     4.9825     4.9821     4.9600     0.1231
1233.2334     5.0394     0.276     5.106     0.0683     5.0394     5.0436     4.9825     4.9821     4.9600     0.1231
1233.2867     4.9322     0.271     5.105     0.0673     4.9322     5.0436     4.9825     4.9821     4.9600     0.1231
1233.3400     5.3408     0.286     5.104     0.0663     5.3408     4.9215     4.9825     4.9821     4.9600     0.1218
1233.3933     4.6785     0.265     5.103     0.0653     4.6785     4.9215     4.9825     4.9821     4.9600     0.1218
1233.4465     4.5767     0.264     5.102     0.0643     4.5767     4.9215     4.9825     4.9821     4.9600     0.1218
1233.4999     4.9454     0.272     5.101     0.0634     4.9454     4.9215     4.9825     4.9821     4.9600     0.1218
1233.5531     5.0659     0.274     5.101     0.0624     5.0659     4.9215     4.9825     4.9821     4.9600     0.1218
1233.6063     5.2856     0.281     5.100     0.0615     5.2856     4.9813     4.9375     4.9821     4.9600     0.1223
1233.6597     4.7822     0.267     5.099     0.0605     4.7822     4.9813     4.9375     4.9821     4.9600     0.1223
1233.7129     5.1790     0.278     5.098     0.0596     5.1790     4.9813     4.9375     4.9821     4.9600     0.1223
1233.7662     4.9879     0.275     5.098     0.0587     4.9879     4.9813     4.9375     4.9821     4.9600     0.1223
1233.8195     4.6717     0.264     5.097     0.0578     4.6717     4.9813     4.9375     4.9821     4.9600     0.1223
1233.8727     4.9035     0.271     5.096     0.0569     4.9035     4.8937     4.9375     4.8993     4.9600     0.1214
1233.9260     4.9719     0.274     5.096     0.0560     4.9719     4.8937     4.9375     4.8993     4.9600     0.1214
1233.9792     4.7961     0.268     5.095     0.0551     4.7961     4.8937     4.9375     4.8993     4.9600     0.1214
1234.0326     5.0817     0.276     5.094     0.0542     5.0817     4.8937     4.9375     4.8993     4.9600     0.1214
1234.0858     4.7151     0.268     5.094     0.0533     4.7151     4.8937     4.9375     4.8993     4.9600     0.1214
1234.1390     5.0260     0.272     5.094     0.0525     5.0260     4.9212     4.9020     4.8993     4.9640     0.1209
1234.1924     5.0804     0.274     5.093     0.0516     5.0804     4.9212     4.9020     4.8993     4.9640     0.1209
1234.2456     4.5933     0.260     5.093     0.0508     4.5933     4.9212     4.9020     4.8993     4.9640     0.1209
1234.2990     4.8238     0.269     5.092     0.0499     4.8238     4.9212     4.9020     4.8993     4.9640     0.1209
1234.3522     5.0823     0.277     5.092     0.0491     5.0823     4.9212     4.9020     4.8993     4.9640     0.1209
1234.4054     4.8139     0.271     5.092     0.0483     4.8139     4.8829     4.9020     4.8993     4.9640     0.1201
1234.4587     4.9601     0.271     5.091     0.0475     4.9601     4.8829     4.9020     4.8993     4.9640     0.1201
1234.5120     4.5849     0.259     5.091     0.0467     4.5849     4.8829     4.9020     4.8993     4.9640     0.1201
1234.5653     5.0904     0.273     5.091     0.0459     5.0904     4.8829     4.9020     4.8993     4.9640     0.1201
1234.6185     4.9653     0.270     5.091     0.0451     4.9653     4.8829     4.9020     4.8993     4.9640     0.1201
1234.6718     5.4892     0.287     5.091     0.0444     5.4892     5.1240     5.0260     5.0734     4.9640     0.1239
1234.7251     4.9506     0.274     5.091     0.0436     4.9506     5.1240     5.0260     5.0734     4.9640     0.1239
1234.7783     5.3850     0.283     5.091     0.0429     5.3850     5.1240     5.0260     5.0734     4.9640     0.1239
1234.8315     4.6120     0.264     5.091     0.0421     4.6120     5.1240     5.0260     5.0734     4.9640     0.1239
1234.8849     5.1832     0.278     5.091     0.0414     5.1832     5.1240     5.0260     5.0734     4.9640     0.1239
1234.9381     4.8945     0.268     5.091     0.0407     4.8945     4.9281     5.0260     5.0734     4.9640     0.1208
1234.9913     4.8203     0.267     5.091     0.0400     4.8203     4.9281     5.0260     5.0734     4.9640     0.1208
1235.0447     5.2862     0.280     5.091     0.0393     5.2862     4.9281     5.0260     5.0734     4.9640     0.1208
1235.0979     4.9184     0.269     5.091     0.0386     4.9184     4.9281     5.0260     5.0734     4.9640     0.1208
1235.1511     4.7212     0.267     5.091     0.0380     4.7212     4.9281     5.0260     5.0734     4.9640     0.1208
1235.2045     4.9481     0.272     5.092     0.0373     4.9481     5.1680     5.1795     5.0734     5.1410     0.1238
1235.2577     5.1214     0.275     5.092     0.0367     5.1214     5.1680     5.1795     5.0734     5.1410     0.1238
1235.3109     5.2978     0.281     5.092     0.0360     5.2978     5.1680     5.1795     5.0734     5.1410     0.1238
1235.3643     5.3912     0.283     5.093     0.0354     5.3912     5.1680     5.1795     5.0734     5.1410     0.1238
1235.4175     5.0817     0.274     5.093     0.0348     5.0817     5.1680     5.1795     5.0734     5.1410     0.1238
1235.4707     4.9425     0.271     5.093     0.0342     4.9425     5.1909     5.1795     5.1320     5.1410     0.1245
1235.5240     5.1524     0.278     5.094     0.0336     5.1524     5.1909     5.1795     5.1320     5.1410     0.1245
1235.5773     5.5060     0.285     5.094     0.0330     5.5060     5.1909     5.1795     5.1320     5.1410     0.1245
1235.6305     5.3699     0.284     5.095     0.0325     5.3699     5.1909     5.1795     5.1320     5.1410     0.1245
1235.6838     4.9836     0.273     5.095     0.0319     4.9836     5.1909     5.1795     5.1320     5.1410     0.1245
1235.7371     5.3021     0.281     5.096     0.0314     5.3021     5.0387     5.1025     5.1320     5.1410     0.1226
1235.7903     4.6105     0.263     5.097     0.0309     4.6105     5.0387     5.1025     5.1320     5.1410     0.1226
1235.8436     5.3372     0.281     5.097     0.0304     5.3372     5.0387     5.1025     5.1320     5.1410     0.1226
1235.8969     4.3954     0.255     5.098     0.0299     4.3954     5.0387     5.1025     5.1320     5.1410     0.1226
1235.9501     5.5481     0.289     5.099     0.0294     5.5481     5.0387     5.1025     5.1320     5.1410     0.1226
1236.0033     5.4859     0.286     5.100     0.0290     5.4859     5.1663     5.1025     5.1320     5.1410     0.1232
