1195.4802     5.6703     0.396     2.826     0.1697     5.6703     5.7352     5.8039     5.8766     5.1754     0.1776
1195.5338     5.5525     0.391     2.829     0.1695     5.5525     5.7352     5.8039     5.8766     5.1754     0.1776
1195.5873     5.5767     0.392     2.832     0.1693     5.5767     5.7352     5.8039     5.8766     5.1754     0.1776
1195.6409     6.0258     0.405     2.835     0.1691     6.0258     5.7352     5.8039     5.8766     5.1754     0.1776
1195.6943     6.3254     0.416     2.838     0.1689     6.3254     5.8453     5.9473     5.8766     6.0496     0.1790
1195.7478     5.9235     0.405     2.841     0.1686     5.9235     5.8453     5.9473     5.8766     6.0496     0.1790
1195.8014     5.4673     0.388     2.844     0.1684     5.4673     5.8453     5.9473     5.8766     6.0496     0.1790
1195.8549     5.6971     0.393     2.847     0.1682     5.6971     5.8453     5.9473     5.8766     6.0496     0.1790
1195.9084     5.8130     0.400     2.850     0.1680     5.8130     5.8453     5.9473     5.8766     6.0496     0.1790
1195.9619     6.0936     0.407     2.853     0.1678     6.0936     6.0493     5.9473     5.8766     6.0496     0.1815
1196.0155     5.7446     0.398     2.856     0.1676     5.7446     6.0493     5.9473     5.8766     6.0496     0.1815
1196.0690     5.8476     0.399     2.859     0.1674     5.8476     6.0493     5.9473     5.8766     6.0496     0.1815
1196.1224     6.2535     0.412     2.862     0.1672     6.2535     6.0493     5.9473     5.8766     6.0496     0.1815
1196.1760     6.3070     0.414     2.865     0.1669     6.3070     6.0493     5.9473     5.8766     6.0496     0.1815
1196.2295     7.3383     0.447     2.868     0.1667     7.3383     6.2798     6.1520     6.0556     6.0496     0.1853
1196.2831     6.8210     0.432     2.871     0.1665     6.8210     6.2798     6.1520     6.0556     6.0496     0.1853
1196.3365     6.5136     0.423     2.874     0.1663     6.5136     6.2798     6.1520     6.0556     6.0496     0.1853
1196.3900     5.0543     0.374     2.877     0.1661     5.0543     6.2798     6.1520     6.0556     6.0496     0.1853
1196.4436     5.6717     0.392     2.880     0.1659     5.6717     6.2798     6.1520     6.0556     6.0496     0.1853
1196.4971     6.5102     0.421     2.883     0.1657     6.5102     6.0243     6.1520     6.0556     6.0496     0.1804
1196.5505     5.7870     0.393     2.886     0.1655     5.7870     6.0243     6.1520     6.0556     6.0496     0.1804
1196.6041     6.0674     0.407     2.889     0.1652     6.0674     6.0243     6.1520     6.0556     6.0496     0.1804
1196.6576     5.8289     0.397     2.892     0.1650     5.8289     6.0243     6.1520     6.0556     6.0496     0.1804
1196.7112     5.9278     0.399     2.895     0.1648     5.9278     6.0243     6.1520     6.0556     6.0496     0.1804
1196.7646     6.1476     0.408     2.898     0.1646     6.1476     5.8628     5.7083     6.0556     5.7478     0.1763
1196.8181     6.1857     0.405     2.901     0.1644     6.1857     5.8628     5.7083     6.0556     5.7478     0.1763
1196.8717     5.5491     0.381     2.904     0.1642     5.5491     5.8628     5.7083     6.0556     5.7478     0.1763
1196.9252     5.5949     0.385     2.907     0.1640     5.5949     5.8628     5.7083     6.0556     5.7478     0.1763
1196.9786     5.8369     0.391     2.910     0.1638     5.8369     5.8628     5.7083     6.0556     5.7478     0.1763
1197.0322     5.5254     0.384     2.913     0.1635     5.5254     5.5538     5.7083     5.7094     5.7478     0.1717
1197.0857     4.8364     0.358     2.916     0.1633     4.8364     5.5538     5.7083     5.7094     5.7478     0.1717
1197.1393     5.1553     0.372     2.919     0.1631     5.1553     5.5538     5.7083     5.7094     5.7478     0.1717
1197.1929     6.0504     0.400     2.922     0.1629     6.0504     5.5538     5.7083     5.7094     5.7478     0.1717
1197.2463     6.2015     0.404     2.925     0.1627     6.2015     5.5538     5.7083     5.7094     5.7478     0.1717
1197.2998     5.7924     0.392     2.928     0.1625     5.7924     5.8582     5.7872     5.7094     5.7478     0.1758
1197.3534     5.6125     0.386     2.931     0.1623     5.6125     5.8582     5.7872     5.7094     5.7478     0.1758
1197.4069     5.8744     0.392     2.934     0.1621     5.8744     5.8582     5.7872     5.7094     5.7478     0.1758
1197.4603     5.7637     0.391     2.937     0.1618     5.7637     5.8582     5.7872     5.7094     5.7478     0.1758
1197.5139     6.2482     0.405     2.940     0.1616     6.2482     5.8582     5.7872     5.7094     5.7478     0.1758
1197.5674     5.5621     0.382     2.943     0.1614     5.5621     5.7162     5.7872     5.7094     5.7478     0.1729
1197.6208     6.0487     0.398     2.946     0.1612     6.0487     5.7162     5.7872     5.7094     5.7478     0.1729
1197.6744     5.7109     0.388     2.949     0.1610     5.7109     5.7162     5.7872     5.7094     5.7478     0.1729
1197.7279     5.5810     0.380     2.952     0.1608     5.5810     5.7162     5.7872     5.7094     5.7478     0.1729
1197.7814     5.6783     0.385     2.955     0.1606     5.6783     5.7162     5.7872     5.7094     5.7478     0.1729
1197.8350     5.9532     0.392     2.958     0.1604     5.9532     6.0311     5.8368     5.9162     5.9108     0.1774
1197.8884     5.8232     0.387     2.961     0.1602     5.8232     6.0311     5.8368     5.9162     5.9108     0.1774
1197.9419     6.3889     0.408     2.964     0.1599     6.3889     6.0311     5.8368     5.9162     5.9108     0.1774
1197.9955     5.7839     0.391     2.967     0.1597     5.7839     6.0311     5.8368     5.9162     5.9108     0.1774
1198.0490     6.2062     0.405     2.970     0.1595     6.2062     6.0311     5.8368     5.9162     5.9108     0.1774
1198.1024     6.0100     0.401     2.973     0.1593     6.0100     5.6426     5.8368     5.9162     5.9108     0.1717
1198.1560     5.7637     0.389     2.976     0.1591     5.7637     5.6426     5.8368     5.9162     5.9108     0.1717
1198.2095     5.3964     0.372     2.979     0.1589     5.3964     5.6426     5.8368     5.9162     5.9108     0.1717
1198.2629     5.2734     0.371     2.982     0.1587     5.2734     5.6426     5.8368     5.9162     5.9108     0.1717
1198.3164     5.7694     0.386     2.985     0.1585     5.7694     5.6426     5.8368     5.9162     5.9108     0.1717
1198.3700     6.2465     0.405     2.988     0.1582     6.2465     6.0750     5.9848     5.9162     5.9108     0.1784
1198.4235     5.7295     0.388     2.991     0.1580     5.7295     6.0750     5.9848     5.9162     5.9108     0.1784
1198.4769     5.8358     0.390     2.994     0.1578     5.8358     6.0750     5.9848     5.9162     5.9108     0.1784
1198.5304     6.2444     0.404     2.997     0.1576     6.2444     6.0750     5.9848     5.9162     5.9108     0.1784
1198.5840     6.3186     0.406     3.000     0.1574     6.3186     6.0750     5.9848     5.9162     5.9108     0.1784
1198.6375     5.7398     0.380     3.003     0.1572     5.7398     5.8946     5.9848     5.4655     5.9108     0.1741
1198.6909     5.6347     0.383     3.006     0.1570     5.6347     5.8946     5.9848     5.4655     5.9108     0.1741
1198.7445     6.0807     0.392     3.009     0.1568     6.0807     5.8946     5.9848     5.4655     5.9108     0.1741
1198.7980     5.8866     0.389     3.012     0.1565     5.8866     5.8946     5.9848     5.4655     5.9108     0.1741
1198.8514     6.1312     0.401     3.015     0.1563     6.1312     5.8946     5.9848     5.4655     5.9108     0.1741
1198.9049     6.4327     0.407     3.018     0.1561     6.4327     5.5784     5.2509     5.4655     4.4721     0.1689
1198.9585     5.2363     0.366     3.021     0.1559     5.2363     5.5784     5.2509     5.4655     4.4721     0.1689
1199.0120     5.5971     0.378     3.024     0.1557     5.5971     5.5784     5.2509     5.4655     4.4721     0.1689
1199.0654     5.7412     0.383     3.027     0.1555     5.7412     5.5784     5.2509     5.4655     4.4721     0.1689
1199.1189     4.8847     0.351     3.030     0.1553     4.8847     5.5784     5.2509     5.4655     4.4721     0.1689
1199.1725     5.1014     0.360     3.033     0.1551     5.1014     4.9235     5.2509     5.4655     4.4721     0.1576
1199.2260     5.5777     0.377     3.036     0.1549     5.5777     4.9235     5.2509     5.4655     4.4721     0.1576
1199.2794     4.7711     0.345     3.039     0.1546     4.7711     4.9235     5.2509     5.4655     4.4721     0.1576
1199.3329     4.5935     0.340     3.042     0.1544     4.5935     4.9235     5.2509     5.4655     4.4721     0.1576
1199.3864     4.5736     0.339     3.045     0.1542     4.5736     4.9235     5.2509     5.4655     4.4721     0.1576
1199.4399     3.9550     0.317     3.048     0.1540     3.9550     2.8515     3.6932     3.8298     4.4721     0.1202
1199.4934     2.5271     0.253     3.051     0.1538     2.5271     2.8515     3.6932     3.8298     4.4721     0.1202
1199.5469     2.2491     0.239     3.054     0.1536     2.2491     2.8515     3.6932     3.8298     4.4721     0.1202
1199.6003     2.4901     0.251     3.057     0.1534     2.4901     2.8515     3.6932     3.8298     4.4721     0.1202
1199.6539     3.0360     0.276     3.060     0.1532     3.0360     2.8515     3.6932     3.8298     4.4721     0.1202
1199.7074     3.2943     0.289     3.063     0.1529     3.2943     4.5349     3.6932     3.8298     4.4721     0.1518
1199.7609     4.5278     0.339     3.066     0.1527     4.5278     4.5349     3.6932     3.8298     4.4721     0.1518
1199.8143     4.7858     0.350     3.069     0.1525     4.7858     4.5349     3.6932     3.8298     4.4721     0.1518
1199.8678     4.7033     0.345     3.072     0.1523     4.7033     4.5349     3.6932     3.8298     4.4721     0.1518
1199.9214     5.3635     0.369     3.075     0.1521     5.3635     4.5349     3.6932     3.8298     4.4721     0.1518
1199.9749     4.8012     0.345     3.078     0.1519     4.8012     4.1029     3.8024     3.8298     3.8274     0.1431
1200.0283     5.3055     0.366     3.081     0.1517     5.3055     4.1029     3.8024     3.8298     3.8274     0.1431
1200.0818     4.9734     0.350     3.084     0.1515     4.9734     4.1029     3.8024     3.8298     3.8274     0.1431
1200.1353     3.3709     0.290     3.087     0.1512     3.3709     4.1029     3.8024     3.8298     3.8274     0.1431
1200.1888     2.0636     0.228     3.090     0.1510     2.0636     4.1029     3.8024     3.8298     3.8274     0.1431
1200.2423     2.0904     0.230     3.093     0.1508     2.0904     3.5020     3.8024     3.7356     3.8274     0.1317
1200.2958     2.5821     0.251     3.096     0.1506     2.5821     3.5020     3.8024     3.7356     3.8274     0.1317
1200.3492     3.9132     0.314     3.099     0.1504     3.9132     3.5020     3.8024     3.7356     3.8274     0.1317
1200.4027     4.6241     0.337     3.102     0.1502     4.6241     3.5020     3.8024     3.7356     3.8274     0.1317
1200.4562     4.3001     0.325     3.105     0.1500     4.3001     3.5020     3.8024     3.7356     3.8274     0.1317
1200.5098     4.7939     0.344     3.108     0.1498     4.7939     3.4895     3.8524     3.7356     3.8274     0.1310
1200.5632     3.7513     0.304     3.111     0.1496     3.7513     3.4895     3.8524     3.7356     3.8274     0.1310
1200.6167     3.3631     0.285     3.114     0.1493     3.3631     3.4895     3.8524     3.7356     3.8274     0.1310
1200.6702     2.9357     0.270     3.117     0.1491     2.9357     3.4895     3.8524     3.7356     3.8274     0.1310
1200.7236     2.6037     0.252     3.120     0.1489     2.6037     3.4895     3.8524     3.7356     3.8274     0.1310
1200.7771     2.9593     0.272     3.123     0.1487     2.9593     4.2153     3.8524     3.7356     3.8274     0.1433
1200.8307     4.0171     0.311     3.126     0.1485     4.0171     4.2153     3.8524     3.7356     3.8274     0.1433
1200.8842     4.2213     0.320     3.129     0.1483     4.2213     4.2153     3.8524     3.7356     3.8274     0.1433
1200.9376     4.8503     0.342     3.132     0.1481     4.8503     4.2153     3.8524     3.7356     3.8274     0.1433
1200.9911     5.0286     0.350     3.135     0.1479     5.0286     4.2153     3.8524     3.7356     3.8274     0.1433
1201.0446     5.3551     0.361     3.138     0.1476     5.3551     4.9566     5.1936     5.3175     5.3053     0.1555
1201.0980     4.9625     0.351     3.141     0.1474     4.9625     4.9566     5.1936     5.3175     5.3053     0.1555
1201.1515     5.0327     0.350     3.144     0.1472     5.0327     4.9566     5.1936     5.3175     5.3053     0.1555
1201.2051     4.5944     0.335     3.147     0.1470     4.5944     4.9566     5.1936     5.3175     5.3053     0.1555
1201.2585     4.8385     0.342     3.150     0.1468     4.8385     4.9566     5.1936     5.3175     5.3053     0.1555
1201.3120     5.8776     0.379     3.153     0.1466     5.8776     5.4306     5.1936     5.3175     5.3053     0.1624
1201.3655     5.2743     0.359     3.156     0.1464     5.2743     5.4306     5.1936     5.3175     5.3053     0.1624
1201.4189     5.2584     0.359     3.159     0.1462     5.2584     5.4306     5.1936     5.3175     5.3053     0.1624
1201.4724     5.3098     0.361     3.162     0.1460     5.3098     5.4306     5.1936     5.3175     5.3053     0.1624
1201.5259     5.4329     0.359     3.165     0.1457     5.4329     5.4306     5.1936     5.3175     5.3053     0.1624
1201.5793     5.2617     0.356     3.168     0.1455     5.2617     5.5653     5.4170     5.3175     5.3053     0.1652
1201.6328     5.4313     0.368     3.170     0.1453     5.4313     5.5653     5.4170     5.3175     5.3053     0.1652
1201.6864     5.6275     0.368     3.173     0.1451     5.6275     5.5653     5.4170     5.3175     5.3053     0.1652
1201.7399     5.5161     0.369     3.176     0.1449     5.5161     5.5653     5.4170     5.3175     5.3053     0.1652
1201.7933     5.9898     0.384     3.179     0.1447     5.9898     5.5653     5.4170     5.3175     5.3053     0.1652
1201.8468     5.4226     0.358     3.182     0.1445     5.4226     5.2687     5.4170     5.4026     5.3053     0.1585
1201.9003     5.4475     0.360     3.185     0.1443     5.4475     5.2687     5.4170     5.4026     5.3053     0.1585
1201.9537     5.2660     0.352     3.188     0.1440     5.2660     5.2687     5.4170     5.4026     5.3053     0.1585
1202.0073     5.1790     0.352     3.191     0.1438     5.1790     5.2687     5.4170     5.4026     5.3053     0.1585
1202.0608     5.0282     0.348     3.194     0.1436     5.0282     5.2687     5.4170     5.4026     5.3053     0.1585
1202.1143     5.2696     0.358     3.197     0.1434     5.2696     5.3828     5.4695     5.4026     5.3649     0.1611
1202.1677     5.0630     0.350     3.200     0.1432     5.0630     5.3828     5.4695     5.4026     5.3649     0.1611
1202.2212     5.4846     0.365     3.203     0.1430     5.4846     5.3828     5.4695     5.4026     5.3649     0.1611
1202.2748     5.3096     0.354     3.206     0.1428     5.3096     5.3828     5.4695     5.4026     5.3649     0.1611
1202.3282     5.7872     0.373     3.209     0.1426     5.7872     5.3828     5.4695     5.4026     5.3649     0.1611
1202.3817     6.0451     0.379     3.212     0.1424     6.0451     5.5563     5.4695     5.4026     5.3649     0.1625
1202.4352     5.2115     0.352     3.215     0.1421     5.2115     5.5563     5.4695     5.4026     5.3649     0.1625
1202.4886     5.0946     0.351     3.218     0.1419     5.0946     5.5563     5.4695     5.4026     5.3649     0.1625
1202.5421     5.7521     0.369     3.221     0.1417     5.7521     5.5563     5.4695     5.4026     5.3649     0.1625
1202.5956     5.6781     0.365     3.224     0.1415     5.6781     5.5563     5.4695     5.4026     5.3649     0.1625
1202.6490     5.2632     0.357     3.227     0.1413     5.2632     5.2620     5.2603     5.3227     5.3649     0.1580
1202.7025     5.3289     0.354     3.230     0.1411     5.3289     5.2620     5.2603     5.3227     5.3649     0.1580
1202.7560     5.3497     0.354     3.233     0.1409     5.3497     5.2620     5.2603     5.3227     5.3649     0.1580
1202.8094     5.2679     0.354     3.236     0.1407     5.2679     5.2620     5.2603     5.3227     5.3649     0.1580
1202.8629     5.1006     0.349     3.239     0.1404     5.1006     5.2620     5.2603     5.3227     5.3649     0.1580
1202.9164     5.2782     0.351     3.242     0.1402     5.2782     5.2586     5.2603     5.3227     5.3649     0.1579
1202.9698     5.0708     0.346     3.245     0.1400     5.0708     5.2586     5.2603     5.3227     5.3649     0.1579
1203.0233     5.3442     0.357     3.248     0.1398     5.3442     5.2586     5.2603     5.3227     5.3649     0.1579
1203.0768     5.5009     0.362     3.251     0.1396     5.5009     5.2586     5.2603     5.3227     5.3649     0.1579
1203.1302     5.0987     0.350     3.254     0.1394     5.0987     5.2586     5.2603     5.3227     5.3649     0.1579
1203.1837     5.2519     0.357     3.257     0.1392     5.2519     5.4475     5.2929     5.3227     5.3003     0.1602
1203.2372     5.7896     0.369     3.260     0.1390     5.7896     5.4475     5.2929     5.3227     5.3003     0.1602
1203.2906     5.6366     0.364     3.263     0.1388     5.6366     5.4475     5.2929     5.3227     5.3003     0.1602
1203.3441     5.3704     0.356     3.266     0.1385     5.3704     5.4475     5.2929     5.3227     5.3003     0.1602
1203.3976     5.1891     0.345     3.269     0.1383     5.1891     5.4475     5.2929     5.3227     5.3003     0.1602
1203.4510     5.4955     0.359     3.272     0.1381     5.4955     5.1383     5.2929     5.2512     5.3003     0.1548
1203.5046     4.8433     0.334     3.275     0.1379     4.8433     5.1383     5.2929     5.2512     5.3003     0.1548
1203.5581     5.0183     0.341     3.278     0.1377     5.0183     5.1383     5.2929     5.2512     5.3003     0.1548
1203.6116     5.0570     0.345     3.281     0.1375     5.0570     5.1383     5.2929     5.2512     5.3003     0.1548
1203.6650     5.2773     0.351     3.284     0.1373     5.2773     5.1383     5.2929     5.2512     5.3003     0.1548
1203.7185     5.2306     0.346     3.287     0.1371     5.2306     5.2728     5.3076     5.2512     5.3003     0.1564
1203.7720     5.6213     0.364     3.290     0.1369     5.6213     5.2728     5.3076     5.2512     5.3003     0.1564
1203.8254     5.1261     0.342     3.293     0.1366     5.1261     5.2728     5.3076     5.2512     5.3003     0.1564
1203.8788     5.2345     0.350     3.296     0.1364     5.2345     5.2728     5.3076     5.2512     5.3003     0.1564
1203.9323     5.1514     0.346     3.299     0.1362     5.1514     5.2728     5.3076     5.2512     5.3003     0.1564
1203.9857     5.5985     0.364     3.302     0.1360     5.5985     5.3425     5.3076     5.2512     5.3003     0.1578
1204.0392     4.8629     0.335     3.305     0.1358     4.8629     5.3425     5.3076     5.2512     5.3003     0.1578
1204.0927     5.4022     0.354     3.308     0.1356     5.4022     5.3425     5.3076     5.2512     5.3003     0.1578
1204.1461     5.7385     0.366     3.311     0.1354     5.7385     5.3425     5.3076     5.2512     5.3003     0.1578
1204.1996     5.1104     0.346     3.314     0.1352     5.1104     5.3425     5.3076     5.2512     5.3003     0.1578
1204.2531     4.9676     0.337     3.317     0.1350     4.9676     5.0733     5.1071     5.0503     5.0239     0.1535
1204.3065     5.1447     0.349     3.320     0.1347     5.1447     5.0733     5.1071     5.0503     5.0239     0.1535
1204.3600     5.5991     0.359     3.323     0.1345     5.5991     5.0733     5.1071     5.0503     5.0239     0.1535
1204.4135     4.8148     0.335     3.326     0.1343     4.8148     5.0733     5.1071     5.0503     5.0239     0.1535
1204.4669     4.8402     0.335     3.329     0.1341     4.8402     5.0733     5.1071     5.0503     5.0239     0.1535
1204.5204     5.5399     0.357     3.332     0.1339     5.5399     5.1410     5.1071     5.0503     5.0239     0.1537
1204.5739     5.1587     0.344     3.335     0.1337     5.1587     5.1410     5.1071     5.0503     5.0239     0.1537
1204.6273     4.7748     0.331     3.338     0.1335     4.7748     5.1410     5.1071     5.0503     5.0239     0.1537
1204.6808     5.0055     0.337     3.341     0.1333     5.0055     5.1410     5.1071     5.0503     5.0239     0.1537
1204.7343     5.2258     0.349     3.344     0.1330     5.2258     5.1410     5.1071     5.0503     5.0239     0.1537
1204.7877     4.8802     0.335     3.347     0.1328     4.8802     4.9367     4.9407     5.0503     5.0239     0.1502
1204.8412     4.5350     0.323     3.350     0.1326     4.5350     4.9367     4.9407     5.0503     5.0239     0.1502
1204.8947     5.1817     0.344     3.353     0.1324     5.1817     4.9367     4.9407     5.0503     5.0239     0.1502
1204.9481     5.3518     0.350     3.356     0.1322     5.3518     4.9367     4.9407     5.0503     5.0239     0.1502
1205.0016     4.7345     0.327     3.359     0.1320     4.7345     4.9367     4.9407     5.0503     5.0239     0.1502
1205.0551     4.8556     0.335     3.362     0.1318     4.8556     4.9446     4.9407     4.4748     5.0239     0.1501
1205.1084     4.9311     0.333     3.365     0.1316     4.9311     4.9446     4.9407     4.4748     5.0239     0.1501
1205.1619     4.9616     0.333     3.368     0.1314     4.9616     4.9446     4.9407     4.4748     5.0239     0.1501
1205.2153     5.0655     0.341     3.371     0.1311     5.0655     4.9446     4.9407     4.4748     5.0239     0.1501
1205.2688     4.9094     0.335     3.374     0.1309     4.9094     4.9446     4.9407     4.4748     5.0239     0.1501
1205.3223     4.7205     0.325     3.377     0.1307     4.7205     4.8316     4.2398     4.4748     3.3443     0.1473
1205.3757     4.6915     0.328     3.380     0.1305     4.6915     4.8316     4.2398     4.4748     3.3443     0.1473
1205.4292     4.7519     0.327     3.383     0.1303     4.7519     4.8316     4.2398     4.4748     3.3443     0.1473
1205.4827     5.0171     0.331     3.386     0.1301     5.0171     4.8316     4.2398     4.4748     3.3443     0.1473
1205.5361     4.9770     0.336     3.389     0.1299     4.9770     4.8316     4.2398     4.4748     3.3443     0.1473
1205.5896     4.9396     0.330     3.392     0.1297     4.9396     3.6481     4.2398     4.4748     3.3443     0.1280
1205.6431     4.4849     0.318     3.395     0.1295     4.4849     3.6481     4.2398     4.4748     3.3443     0.1280
1205.6964     3.7138     0.290     3.398     0.1292     3.7138     3.6481     4.2398     4.4748     3.3443     0.1280
1205.7499     3.0334     0.261     3.401     0.1290     3.0334     3.6481     4.2398     4.4748     3.3443     0.1280
1205.8033     2.0686     0.216     3.404     0.1288     2.0686     3.6481     4.2398     4.4748     3.3443     0.1280
1205.8568     1.7564     0.199     3.407     0.1286     1.7564     1.9729     2.4488     1.9221     3.3443     0.0937
1205.9103     1.8985     0.204     3.410     0.1284     1.8985     1.9729     2.4488     1.9221     3.3443     0.0937
1205.9637     1.7610     0.198     3.413     0.1282     1.7610     1.9729     2.4488     1.9221     3.3443     0.0937
1206.0172     2.0230     0.212     3.416     0.1280     2.0230     1.9729     2.4488     1.9221     3.3443     0.0937
1206.0707     2.4255     0.234     3.419     0.1278     2.4255     1.9729     2.4488     1.9221     3.3443     0.0937
1206.1241     2.8934     0.257     3.422     0.1276     2.8934     2.9248     2.4488     1.9221     3.3443     0.1142
1206.1775     2.9173     0.256     3.425     0.1273     2.9173     2.9248     2.4488     1.9221     3.3443     0.1142
1206.2310     3.2021     0.264     3.428     0.1271     3.2021     2.9248     2.4488     1.9221     3.3443     0.1142
1206.2844     3.3483     0.274     3.431     0.1269     3.3483     2.9248     2.4488     1.9221     3.3443     0.1142
1206.3379     2.2628     0.223     3.434     0.1267     2.2628     2.9248     2.4488     1.9221     3.3443     0.1142
1206.3914     1.4933     0.183     3.437     0.1265     1.4933     0.8685     1.7320     1.9221     3.3112     0.0628
1206.4448     1.0710     0.156     3.440     0.1263     1.0710     0.8685     1.7320     1.9221     3.3112     0.0628
1206.4983     0.6496     0.122     3.443     0.1261     0.6496     0.8685     1.7320     1.9221     3.3112     0.0628
1206.5516     0.4608     0.103     3.446     0.1259     0.4608     0.8685     1.7320     1.9221     3.3112     0.0628
1206.6051     0.6679     0.124     3.449     0.1257     0.6679     0.8685     1.7320     1.9221     3.3112     0.0628
1206.6586     0.9685     0.149     3.452     0.1254     0.9685     2.5954     1.7320     4.1254     3.3112     0.1075
1206.7120     1.6711     0.194     3.455     0.1252     1.6711     2.5954     1.7320     4.1254     3.3112     0.1075
1206.7655     2.5560     0.240     3.458     0.1250     2.5560     2.5954     1.7320     4.1254     3.3112     0.1075
1206.8190     3.5807     0.282     3.461     0.1248     3.5807     2.5954     1.7320     4.1254     3.3112     0.1075
1206.8724     4.2008     0.304     3.464     0.1246     4.2008     2.5954     1.7320     4.1254     3.3112     0.1075
1206.9259     4.8362     0.324     3.467     0.1244     4.8362     4.8350     4.8904     4.1254     3.3112     0.1461
1206.9794     4.7862     0.325     3.470     0.1242     4.7862     4.8350     4.8904     4.1254     3.3112     0.1461
1207.0328     5.0824     0.338     3.473     0.1240     5.0824     4.8350     4.8904     4.1254     3.3112     0.1461
1207.0863     4.8630     0.329     3.476     0.1238     4.8630     4.8350     4.8904     4.1254     3.3112     0.1461
1207.1398     4.6071     0.317     3.479     0.1235     4.6071     4.8350     4.8904     4.1254     3.3112     0.1461
1207.1931     5.0378     0.332     3.482     0.1233     5.0378     4.9458     4.8904     4.1254     3.3112     0.1470
1207.2466     4.3461     0.306     3.485     0.1231     4.3461     4.9458     4.8904     4.1254     3.3112     0.1470
1207.3000     4.7401     0.322     3.488     0.1229     4.7401     4.9458     4.8904     4.1254     3.3112     0.1470
1207.3535     5.3535     0.343     3.491     0.1227     5.3535     4.9458     4.8904     4.1254     3.3112     0.1470
1207.4070     5.2514     0.339     3.494     0.1225     5.2514     4.9458     4.8904     4.1254     3.3112     0.1470
1207.4603     4.8988     0.324     3.497     0.1223     4.8988     5.1680     4.8859     4.8750     4.8336     0.1506
1207.5138     5.0145     0.333     3.500     0.1221     5.0145     5.1680     4.8859     4.8750     4.8336     0.1506
1207.5673     5.3410     0.343     3.503     0.1219     5.3410     5.1680     4.8859     4.8750     4.8336     0.1506
1207.6207     4.8632     0.330     3.506     0.1217     4.8632     5.1680     4.8859     4.8750     4.8336     0.1506
1207.6742     5.7226     0.352     3.509     0.1214     5.7226     5.1680     4.8859     4.8750     4.8336     0.1506
1207.7275     4.9666     0.329     3.512     0.1212     4.9666     4.6038     4.8859     4.8750     4.8336     0.1410
1207.7810     4.4437     0.307     3.515     0.1210     4.4437     4.6038     4.8859     4.8750     4.8336     0.1410
1207.8345     4.4887     0.311     3.518     0.1208     4.4887     4.6038     4.8859     4.8750     4.8336     0.1410
1207.8879     4.5180     0.311     3.521     0.1206     4.5180     4.6038     4.8859     4.8750     4.8336     0.1410
1207.9413     4.6022     0.317     3.524     0.1204     4.6022     4.6038     4.8859     4.8750     4.8336     0.1410
1207.9948     4.6660     0.317     3.527     0.1202     4.6660     4.8532     4.7814     4.8750     4.8336     0.1443
1208.0482     5.2446     0.336     3.530     0.1200     5.2446     4.8532     4.7814     4.8750     4.8336     0.1443
1208.1017     4.6364     0.314     3.533     0.1198     4.6364     4.8532     4.7814     4.8750     4.8336     0.1443
1208.1552     4.8579     0.322     3.536     0.1195     4.8579     4.8532     4.7814     4.8750     4.8336     0.1443
1208.2085     4.8609     0.323     3.539     0.1193     4.8609     4.8532     4.7814     4.8750     4.8336     0.1443
1208.2620     4.4901     0.311     3.542     0.1191     4.4901     4.7096     4.7814     4.6464     4.8336     0.1424
1208.3154     4.6746     0.317     3.545     0.1189     4.6746     4.7096     4.7814     4.6464     4.8336     0.1424
1208.3689     4.5749     0.317     3.548     0.1187     4.5749     4.7096     4.7814     4.6464     4.8336     0.1424
1208.4222     4.9989     0.326     3.551     0.1185     4.9989     4.7096     4.7814     4.6464     4.8336     0.1424
1208.4757     4.8094     0.321     3.554     0.1183     4.8094     4.7096     4.7814     4.6464     4.8336     0.1424
1208.5292     4.5265     0.310     3.557     0.1181     4.5265     4.5655     4.6148     4.6464     4.6175     0.1395
1208.5826     4.5676     0.312     3.560     0.1179     4.5676     4.5655     4.6148     4.6464     4.6175     0.1395
1208.6360     4.6465     0.317     3.563     0.1176     4.6465     4.5655     4.6148     4.6464     4.6175     0.1395
1208.6895     4.6722     0.316     3.566     0.1174     4.6722     4.5655     4.6148     4.6464     4.6175     0.1395
1208.7429     4.4148     0.304     3.569     0.1172     4.4148     4.5655     4.6148     4.6464     4.6175     0.1395
1208.7963     4.0706     0.292     3.572     0.1170     4.0706     4.6641     4.6148     4.6464     4.6175     0.1412
1208.8497     5.0618     0.328     3.575     0.1168     5.0618     4.6641     4.6148     4.6464     4.6175     0.1412
1208.9032     4.9885     0.328     3.578     0.1166     4.9885     4.6641     4.6148     4.6464     4.6175     0.1412
1208.9567     4.2408     0.302     3.581     0.1164     4.2408     4.6641     4.6148     4.6464     4.6175     0.1412
1209.0100     4.9586     0.328     3.584     0.1162     4.9586     4.6641     4.6148     4.6464     4.6175     0.1412
1209.0635     5.3546     0.345     3.587     0.1160     5.3546     4.7348     4.6203     4.6058     4.6175     0.1427
1209.1169     4.2709     0.301     3.590     0.1158     4.2709     4.7348     4.6203     4.6058     4.6175     0.1427
1209.1703     4.0954     0.297     3.593     0.1155     4.0954     4.7348     4.6203     4.6058     4.6175     0.1427
1209.2238     4.8625     0.321     3.596     0.1153     4.8625     4.7348     4.6203     4.6058     4.6175     0.1427
1209.2772     5.0907     0.329     3.599     0.1151     5.0907     4.7348     4.6203     4.6058     4.6175     0.1427
1209.3307     4.2394     0.303     3.602     0.1149     4.2394     4.5058     4.6203     4.6058     4.6175     0.1387
1209.3840     4.0581     0.294     3.605     0.1147     4.0581     4.5058     4.6203     4.6058     4.6175     0.1387
1209.4375     4.2566     0.301     3.608     0.1145     4.2566     4.5058     4.6203     4.6058     4.6175     0.1387
1209.4910     5.2730     0.338     3.611     0.1143     5.2730     4.5058     4.6203     4.6058     4.6175     0.1387
1209.5443     4.7017     0.313     3.614     0.1141     4.7017     4.5058     4.6203     4.6058     4.6175     0.1387
1209.5978     4.8360     0.321     3.617     0.1139     4.8360     4.5769     4.5890     4.6058     4.5692     0.1393
1209.6512     4.5750     0.310     3.620     0.1136     4.5750     4.5769     4.5890     4.6058     4.5692     0.1393
1209.7046     4.4678     0.306     3.622     0.1134     4.4678     4.5769     4.5890     4.6058     4.5692     0.1393
1209.7581     4.8477     0.322     3.625     0.1132     4.8477     4.5769     4.5890     4.6058     4.5692     0.1393
1209.8115     4.1583     0.298     3.628     0.1130     4.1583     4.5769     4.5890     4.6058     4.5692     0.1393
1209.8649     4.4962     0.308     3.631     0.1128     4.4962     4.6011     4.5890     4.5666     4.5692     0.1395
1209.9183     4.9854     0.325     3.634     0.1126     4.9854     4.6011     4.5890     4.5666     4.5692     0.1395
1209.9718     4.3373     0.301     3.637     0.1124     4.3373     4.6011     4.5890     4.5666     4.5692     0.1395
1210.0251     4.5939     0.313     3.640     0.1122     4.5939     4.6011     4.5890     4.5666     4.5692     0.1395
1210.0786     4.5927     0.312     3.643     0.1120     4.5927     4.6011     4.5890     4.5666     4.5692     0.1395
1210.1321     3.9482     0.290     3.646     0.1118     3.9482     4.5900     4.5493     4.5666     4.5692     0.1386
1210.1854     4.6263     0.310     3.649     0.1115     4.6263     4.5900     4.5493     4.5666     4.5692     0.1386
1210.2389     4.6638     0.311     3.652     0.1113     4.6638     4.5900     4.5493     4.5666     4.5692     0.1386
1210.2924     4.8585     0.319     3.655     0.1111     4.8585     4.5900     4.5493     4.5666     4.5692     0.1386
1210.3457     4.8532     0.318     3.658     0.1109     4.8532     4.5900     4.5493     4.5666     4.5692     0.1386
1210.3992     4.3736     0.303     3.661     0.1107     4.3736     4.5086     4.5493     4.5666     4.5692     0.1381
1210.4526     4.4885     0.311     3.664     0.1105     4.4885     4.5086     4.5493     4.5666     4.5692     0.1381
1210.5060     4.3684     0.303     3.667     0.1103     4.3684     4.5086     4.5493     4.5666     4.5692     0.1381
1210.5594     4.4994     0.306     3.670     0.1101     4.4994     4.5086     4.5493     4.5666     4.5692     0.1381
1210.6129     4.8130     0.320     3.673     0.1099     4.8130     4.5086     4.5493     4.5666     4.5692     0.1381
1210.6663     4.3611     0.300     3.676     0.1097     4.3611     4.2637     4.2436     4.1972     4.1972     0.1326
1210.7197     3.9611     0.286     3.679     0.1094     3.9611     4.2637     4.2436     4.1972     4.1972     0.1326
1210.7731     4.3828     0.301     3.682     0.1092     4.3828     4.2637     4.2436     4.1972     4.1972     0.1326
1210.8265     4.3512     0.301     3.685     0.1090     4.3512     4.2637     4.2436     4.1972     4.1972     0.1326
1210.8800     4.2626     0.294     3.688     0.1088     4.2626     4.2637     4.2436     4.1972     4.1972     0.1326
1210.9333     4.0602     0.289     3.691     0.1086     4.0602     4.2235     4.2436     4.1972     4.1972     0.1317
1210.9868     4.1847     0.292     3.694     0.1084     4.1847     4.2235     4.2436     4.1972     4.1972     0.1317
1211.0403     4.3419     0.299     3.697     0.1082     4.3419     4.2235     4.2436     4.1972     4.1972     0.1317
1211.0936     4.3515     0.295     3.700     0.1080     4.3515     4.2235     4.2436     4.1972     4.1972     0.1317
1211.1471     4.1791     0.297     3.703     0.1078     4.1791     4.2235     4.2436     4.1972     4.1972     0.1317
1211.2004     3.9601     0.283     3.706     0.1076     3.9601     4.1043     4.1507     4.1972     4.1972     0.1293
1211.2539     4.1712     0.294     3.709     0.1073     4.1712     4.1043     4.1507     4.1972     4.1972     0.1293
1211.3074     4.2849     0.296     3.712     0.1071     4.2849     4.1043     4.1507     4.1972     4.1972     0.1293
1211.3607     3.9214     0.282     3.715     0.1069     3.9214     4.1043     4.1507     4.1972     4.1972     0.1293
1211.4142     4.1840     0.291     3.718     0.1067     4.1840     4.1043     4.1507     4.1972     4.1972     0.1293
1211.4675     3.8971     0.282     3.721     0.1065     3.8971     4.1972     4.1507     3.9510     4.1972     0.1313
1211.5210     4.2531     0.292     3.724     0.1063     4.2531     4.1972     4.1507     3.9510     4.1972     0.1313
1211.5745     4.4510     0.305     3.727     0.1061     4.4510     4.1972     4.1507     3.9510     4.1972     0.1313
1211.6278     4.2611     0.296     3.730     0.1059     4.2611     4.1972     4.1507     3.9510     4.1972     0.1313
1211.6813     4.1236     0.293     3.733     0.1057     4.1236     4.1972     4.1507     3.9510     4.1972     0.1313
1211.7347     3.8375     0.280     3.736     0.1055     3.8375     3.9370     3.8279     3.9510     3.6875     0.1263
1211.7882     3.9645     0.284     3.739     0.1052     3.9645     3.9370     3.8279     3.9510     3.6875     0.1263
1211.8416     4.3600     0.295     3.742     0.1050     4.3600     3.9370     3.8279     3.9510     3.6875     0.1263
1211.8950     3.3562     0.262     3.745     0.1048     3.3562     3.9370     3.8279     3.9510     3.6875     0.1263
1211.9485     4.1669     0.289     3.748     0.1046     4.1669     3.9370     3.8279     3.9510     3.6875     0.1263
1212.0018     3.7531     0.279     3.751     0.1044     3.7531     3.7187     3.8279     3.9510     3.6875     0.1233
1212.0553     3.4855     0.269     3.754     0.1042     3.4855     3.7187     3.8279     3.9510     3.6875     0.1233
1212.1086     3.6772     0.274     3.757     0.1040     3.6772     3.7187     3.8279     3.9510     3.6875     0.1233
1212.1621     3.7548     0.276     3.760     0.1038     3.7548     3.7187     3.8279     3.9510     3.6875     0.1233
1212.2155     3.9229     0.282     3.763     0.1036     3.9229     3.7187     3.8279     3.9510     3.6875     0.1233
1212.2689     4.2296     0.291     3.766     0.1034     4.2296     3.6427     3.5471     3.3312     3.6875     0.1213
1212.3223     3.5576     0.269     3.769     0.1031     3.5576     3.6427     3.5471     3.3312     3.6875     0.1213
1212.3757     3.8498     0.279     3.772     0.1029     3.8498     3.6427     3.5471     3.3312     3.6875     0.1213
1212.4291     3.3992     0.261     3.775     0.1027     3.3992     3.6427     3.5471     3.3312     3.6875     0.1213
1212.4825     3.1772     0.254     3.778     0.1025     3.1772     3.6427     3.5471     3.3312     3.6875     0.1213
1212.5360     3.6109     0.272     3.781     0.1023     3.6109     3.4515     3.5471     3.3312     3.6875     0.1184
1212.5894     3.4472     0.264     3.784     0.1021     3.4472     3.4515     3.5471     3.3312     3.6875     0.1184
1212.6428     3.2798     0.260     3.787     0.1019     3.2798     3.4515     3.5471     3.3312     3.6875     0.1184
1212.6962     3.5793     0.269     3.790     0.1017     3.5793     3.4515     3.5471     3.3312     3.6875     0.1184
1212.7496     3.3405     0.258     3.793     0.1015     3.3405     3.4515     3.5471     3.3312     3.6875     0.1184
1212.8030     3.3405     0.258     3.796     0.1013     3.3405     2.8993     2.7787     3.3312     2.3744     0.1082
1212.8564     2.7333     0.234     3.799     0.1010     2.7333     2.8993     2.7787     3.3312     2.3744     0.1082
1212.9098     2.6149     0.230     3.802     0.1008     2.6149     2.8993     2.7787     3.3312     2.3744     0.1082
1212.9633     2.9875     0.247     3.805     0.1006     2.9875     2.8993     2.7787     3.3312     2.3744     0.1082
1213.0166     2.8201     0.239     3.808     0.1004     2.8201     2.8993     2.7787     3.3312     2.3744     0.1082
1213.0701     2.4664     0.224     3.811     0.1002     2.4664     2.6581     2.7787     2.1995     2.3744     0.1037
1213.1234     2.9630     0.247     3.814     0.1000     2.9630     2.6581     2.7787     2.1995     2.3744     0.1037
1213.1769     2.6309     0.228     3.817     0.0998     2.6309     2.6581     2.7787     2.1995     2.3744     0.1037
1213.2302     2.7345     0.236     3.820     0.0996     2.7345     2.6581     2.7787     2.1995     2.3744     0.1037
1213.2837     2.4957     0.223     3.823     0.0994     2.4957     2.6581     2.7787     2.1995     2.3744     0.1037
1213.3370     1.8649     0.193     3.826     0.0992     1.8649     2.0702     1.9702     2.1995     2.3744     0.0913
1213.3905     2.2782     0.215     3.829     0.0990     2.2782     2.0702     1.9702     2.1995     2.3744     0.0913
1213.4438     2.3167     0.217     3.832     0.0987     2.3167     2.0702     1.9702     2.1995     2.3744     0.0913
1213.4973     1.9064     0.194     3.835     0.0985     1.9064     2.0702     1.9702     2.1995     2.3744     0.0913
1213.5507     1.9845     0.200     3.838     0.0983     1.9845     2.0702     1.9702     2.1995     2.3744     0.0913
1213.6041     2.1795     0.208     3.841     0.0981     2.1795     1.8703     1.9702     2.1995     2.3744     0.0862
1213.6575     2.0592     0.202     3.844     0.0979     2.0592     1.8703     1.9702     2.1995     2.3744     0.0862
1213.7108     1.8584     0.193     3.847     0.0977     1.8584     1.8703     1.9702     2.1995     2.3744     0.0862
1213.7643     1.6910     0.184     3.850     0.0975     1.6910     1.8703     1.9702     2.1995     2.3744     0.0862
1213.8176     1.5632     0.176     3.853     0.0973     1.5632     1.8703     1.9702     2.1995     2.3744     0.0862
1213.8711     1.0861     0.149     3.856     0.0971     1.0861     1.0962     0.8818     0.6753     0.5503     0.0663
1213.9244     1.0177     0.143     3.859     0.0969     1.0177     1.0962     0.8818     0.6753     0.5503     0.0663
1213.9779     1.3511     0.163     3.862     0.0967     1.3511     1.0962     0.8818     0.6753     0.5503     0.0663
1214.0312     1.2051     0.156     3.865     0.0964     1.2051     1.0962     0.8818     0.6753     0.5503     0.0663
1214.0847     0.8211     0.128     3.868     0.0962     0.8211     1.0962     0.8818     0.6753     0.5503     0.0663
1214.1381     0.9404     0.137     3.871     0.0960     0.9404     0.6673     0.8818     0.6753     0.5503     0.0521
1214.1915     0.7615     0.125     3.874     0.0958     0.7615     0.6673     0.8818     0.6753     0.5503     0.0521
1214.2449     0.6665     0.117     3.877     0.0956     0.6665     0.6673     0.8818     0.6753     0.5503     0.0521
1214.2982     0.4834     0.099     3.880     0.0954     0.4834     0.6673     0.8818     0.6753     0.5503     0.0521
1214.3517     0.4849     0.101     3.883     0.0952     0.4849     0.6673     0.8818     0.6753     0.5503     0.0521
1214.4050     0.3442     0.085     3.886     0.0950     0.3442     0.2624     0.2188     0.6753     0.5503     0.0335
1214.4585     0.3751     0.089     3.889     0.0948     0.3751     0.2624     0.2188     0.6753     0.5503     0.0335
1214.5118     0.2663     0.075     3.892     0.0946     0.2663     0.2624     0.2188     0.6753     0.5503     0.0335
1214.5653     0.1782     0.063     3.895     0.0944     0.1782     0.2624     0.2188     0.6753     0.5503     0.0335
1214.6187     0.1481     0.058     3.898     0.0941     0.1481     0.2624     0.2188     0.6753     0.5503     0.0335
1214.6720     0.2255     0.070     3.901     0.0939     0.2255     0.1752     0.2188     0.0801     0.5503     0.0280
1214.7255     0.1975     0.066     3.904     0.0937     0.1975     0.1752     0.2188     0.0801     0.5503     0.0280
1214.7788     0.2108     0.069     3.907     0.0935     0.2108     0.1752     0.2188     0.0801     0.5503     0.0280
1214.8323     0.1557     0.059     3.910     0.0933     0.1557     0.1752     0.2188     0.0801     0.5503     0.0280
1214.8856     0.0867     0.047     3.913     0.0931     0.0867     0.1752     0.2188     0.0801     0.5503     0.0280
1214.9391     0.1414     0.056     3.916     0.0929     0.1414     0.1687     0.0326     0.0801    -0.0893     0.0307
1214.9924     0.1973     0.066     3.919     0.0927     0.1973     0.1687     0.0326     0.0801    -0.0893     0.0307
1215.0458     0.2643     0.074     3.922     0.0925     0.2643     0.1687     0.0326     0.0801    -0.0893     0.0307
1215.0992     0.2038     0.070     3.925     0.0923     0.2038     0.1687     0.0326     0.0801    -0.0893     0.0307
1215.1526     0.0369     0.076     3.928     0.0921     0.0369     0.1687     0.0326     0.0801    -0.0893     0.0307
1215.2061     0.0121     0.077     3.931     0.0918     0.0121    -0.1036     0.0326     0.0801    -0.0893     0.0431
1215.2594    -0.0439     0.082     3.934     0.0916    -0.0439    -0.1036     0.0326     0.0801    -0.0893     0.0431
1215.3127    -0.0078     0.099     3.937     0.0914    -0.0078    -0.1036     0.0326     0.0801    -0.0893     0.0431
1215.3662    -0.3033     0.093     3.940     0.0912    -0.3033    -0.1036     0.0326     0.0801    -0.0893     0.0431
1215.4196    -0.1750     0.124     3.943     0.0910    -0.1750    -0.1036     0.0326     0.0801    -0.0893     0.0431
1215.4729     0.0228     0.144     3.946     0.0908     0.0228    -0.4069    -0.2111    -0.1086    -0.0893     0.1286
1215.5264    -0.0996     0.176     3.949     0.0906    -0.0996    -0.4069    -0.2111    -0.1086    -0.0893     0.1286
1215.5797    -0.7199     0.221     3.951     0.0904    -0.7199    -0.4069    -0.2111    -0.1086    -0.0893     0.1286
1215.6332    -0.3882     0.349     3.954     0.0902    -0.3882    -0.4069    -0.2111    -0.1086    -0.0893     0.1286
1215.6865    -0.8493     0.437     3.957     0.0900    -0.8493    -0.4069    -0.2111    -0.1086    -0.0893     0.1286
1215.7399     0.3073     0.489     3.960     0.0898     0.3073    -0.0154    -0.2111    -0.1086    -0.0893     0.2155
1215.7933    -0.1346     0.493     3.963     0.0896    -0.1346    -0.0154    -0.2111    -0.1086    -0.0893     0.2155
1215.8467    -0.9711     0.488     3.966     0.0893    -0.9711    -0.0154    -0.2111    -0.1086    -0.0893     0.2155
1215.9000    -0.0188     0.485     3.969     0.0891    -0.0188    -0.0154    -0.2111    -0.1086    -0.0893     0.2155
1215.9535     0.7405     0.453     3.972     0.0889     0.7405    -0.0154    -0.2111    -0.1086    -0.0893     0.2155
1216.0068     0.2033     0.321     3.975     0.0887     0.2033     0.0965     0.0958    -0.1086     0.1673     0.0907
1216.0602    -0.2318     0.209     3.978     0.0885    -0.2318     0.0965     0.0958    -0.1086     0.1673     0.0907
1216.1136     0.1634     0.151     3.981     0.0883     0.1634     0.0965     0.0958    -0.1086     0.1673     0.0907
1216.1670     0.1620     0.145     3.984     0.0881     0.1620     0.0965     0.0958    -0.1086     0.1673     0.0907
1216.2203     0.1855     0.124     3.987     0.0879     0.1855     0.0965     0.0958    -0.1086     0.1673     0.0907
1216.2738     0.1308     0.099     3.990     0.0877     0.1308     0.0952     0.0958     0.1909     0.1673     0.0389
1216.3271     0.0513     0.093     3.993     0.0875     0.0513     0.0952     0.0958     0.1909     0.1673     0.0389
1216.3805     0.1483     0.098     3.996     0.0873     0.1483     0.0952     0.0958     0.1909     0.1673     0.0389
1216.4340     0.0123     0.082     3.999     0.0871     0.0123     0.0952     0.0958     0.1909     0.1673     0.0389
1216.4873     0.1330     0.054     4.002     0.0868     0.1330     0.0952     0.0958     0.1909     0.1673     0.0389
1216.5406     0.2317     0.069     4.005     0.0866     0.2317     0.1980     0.2387     0.1909     0.1673     0.0289
1216.5941     0.2163     0.067     4.008     0.0864     0.2163     0.1980     0.2387     0.1909     0.1673     0.0289
1216.6476     0.2634     0.073     4.011     0.0862     0.2634     0.1980     0.2387     0.1909     0.1673     0.0289
1216.7009     0.1429     0.056     4.014     0.0860     0.1429     0.1980     0.2387     0.1909     0.1673     0.0289
1216.7544     0.1357     0.055     4.017     0.0858     0.1357     0.1980     0.2387     0.1909     0.1673     0.0289
1216.8077     0.1460     0.056     4.020     0.0856     0.1460     0.2794     0.2387     0.1909     0.1673     0.0339
1216.8611     0.2364     0.070     4.023     0.0854     0.2364     0.2794     0.2387     0.1909     0.1673     0.0339
1216.9146     0.3169     0.080     4.026     0.0852     0.3169     0.2794     0.2387     0.1909     0.1673     0.0339
1216.9679     0.2645     0.074     4.029     0.0850     0.2645     0.2794     0.2387     0.1909     0.1673     0.0339
1217.0212     0.4334     0.094     4.032     0.0848     0.4334     0.2794     0.2387     0.1909     0.1673     0.0339
1217.0746     0.4908     0.099     4.035     0.0846     0.4908     0.6569     0.9011     1.0944     1.3248     0.0508
1217.1281     0.6134     0.109     4.038     0.0844     0.6134     0.6569     0.9011     1.0944     1.3248     0.0508
1217.1814     0.4765     0.097     4.041     0.0841     0.4765     0.6569     0.9011     1.0944     1.3248     0.0508
1217.2347     0.7055     0.117     4.044     0.0839     0.7055     0.6569     0.9011     1.0944     1.3248     0.0508
1217.2882     0.9980     0.140     4.047     0.0837     0.9980     0.6569     0.9011     1.0944     1.3248     0.0508
1217.3416     0.9988     0.139     4.050     0.0835     0.9988     1.1454     0.9011     1.0944     1.3248     0.0660
1217.3949     1.2547     0.154     4.053     0.0833     1.2547     1.1454     0.9011     1.0944     1.3248     0.0660
1217.4482     1.1313     0.146     4.056     0.0831     1.1313     1.1454     0.9011     1.0944     1.3248     0.0660
1217.5017     1.1415     0.147     4.059     0.0829     1.1415     1.1454     0.9011     1.0944     1.3248     0.0660
1217.5551     1.2007     0.151     4.062     0.0827     1.2007     1.1454     0.9011     1.0944     1.3248     0.0660
1217.6084     1.2648     0.156     4.065     0.0825     1.2648     1.4810     1.7485     1.0944     1.3248     0.0748
1217.6617     1.3360     0.160     4.068     0.0823     1.3360     1.4810     1.7485     1.0944     1.3248     0.0748
1217.7152     1.7014     0.178     4.071     0.0821     1.7014     1.4810     1.7485     1.0944     1.3248     0.0748
1217.7686     1.4912     0.167     4.074     0.0819     1.4912     1.4810     1.7485     1.0944     1.3248     0.0748
1217.8219     1.6118     0.174     4.077     0.0817     1.6118     1.4810     1.7485     1.0944     1.3248     0.0748
1217.8752     2.0096     0.196     4.080     0.0814     2.0096     2.0160     1.7485     2.4788     1.3248     0.0871
1217.9287     1.8832     0.188     4.083     0.0812     1.8832     2.0160     1.7485     2.4788     1.3248     0.0871
1217.9821     2.2947     0.209     4.086     0.0810     2.2947     2.0160     1.7485     2.4788     1.3248     0.0871
1218.0354     1.8647     0.186     4.089     0.0808     1.8647     2.0160     1.7485     2.4788     1.3248     0.0871
1218.0887     2.0280     0.194     4.092     0.0806     2.0280     2.0160     1.7485     2.4788     1.3248     0.0871
1218.1422     2.3847     0.210     4.095     0.0804     2.3847     2.4713     2.7102     2.4788     2.9316     0.0953
1218.1956     2.4455     0.213     4.098     0.0802     2.4455     2.4713     2.7102     2.4788     2.9316     0.0953
1218.2489     2.6874     0.222     4.101     0.0800     2.6874     2.4713     2.7102     2.4788     2.9316     0.0953
1218.3022     2.4089     0.211     4.104     0.0798     2.4089     2.4713     2.7102     2.4788     2.9316     0.0953
1218.3557     2.4299     0.210     4.107     0.0796     2.4299     2.4713     2.7102     2.4788     2.9316     0.0953
1218.4091     2.6547     0.223     4.110     0.0794     2.6547     2.9492     2.7102     2.4788     2.9316     0.1047
1218.4624     2.8856     0.231     4.113     0.0792     2.8856     2.9492     2.7102     2.4788     2.9316     0.1047
1218.5157     3.1276     0.242     4.116     0.0790     3.1276     2.9492     2.7102     2.4788     2.9316     0.1047
1218.5691     3.0407     0.237     4.119     0.0788     3.0407     2.9492     2.7102     2.4788     2.9316     0.1047
1218.6226     3.0374     0.237     4.122     0.0785     3.0374     2.9492     2.7102     2.4788     2.9316     0.1047
1218.6759     2.9809     0.234     4.125     0.0783     2.9809     3.0839     3.1530     3.2572     2.9316     0.1070
1218.7292     2.9187     0.233     4.128     0.0781     2.9187     3.0839     3.1530     3.2572     2.9316     0.1070
1218.7826     2.8015     0.227     4.131     0.0779     2.8015     3.0839     3.1530     3.2572     2.9316     0.1070
1218.8359     3.4333     0.254     4.134     0.0777     3.4333     3.0839     3.1530     3.2572     2.9316     0.1070
1218.8894     3.2851     0.247     4.137     0.0775     3.2851     3.0839     3.1530     3.2572     2.9316     0.1070
1218.9427     3.0112     0.235     4.140     0.0773     3.0112     3.2221     3.1530     3.2572     2.9316     0.1084
1218.9961     3.3471     0.246     4.143     0.0771     3.3471     3.2221     3.1530     3.2572     2.9316     0.1084
1219.0494     3.2388     0.243     4.146     0.0769     3.2388     3.2221     3.1530     3.2572     2.9316     0.1084
1219.1028     3.1398     0.239     4.149     0.0767     3.1398     3.2221     3.1530     3.2572     2.9316     0.1084
1219.1562     3.3738     0.248     4.152     0.0765     3.3738     3.2221     3.1530     3.2572     2.9316     0.1084
1219.2096     3.1713     0.241     4.155     0.0763     3.1713     3.4655     3.6097     3.2572     3.7981     0.1127
1219.2629     3.3572     0.249     4.158     0.0761     3.3572     3.4655     3.6097     3.2572     3.7981     0.1127
1219.3163     3.6956     0.261     4.161     0.0759     3.6956     3.4655     3.6097     3.2572     3.7981     0.1127
1219.3696     3.4406     0.250     4.164     0.0757     3.4406     3.4655     3.6097     3.2572     3.7981     0.1127
1219.4230     3.6628     0.258     4.167     0.0754     3.6628     3.4655     3.6097     3.2572     3.7981     0.1127
1219.4764     3.2189     0.242     4.170     0.0752     3.2189     3.7538     3.6097     3.9089     3.7981     0.1162
1219.5298     3.8346     0.263     4.173     0.0750     3.8346     3.7538     3.6097     3.9089     3.7981     0.1162
1219.5831     3.8136     0.264     4.176     0.0748     3.8136     3.7538     3.6097     3.9089     3.7981     0.1162
1219.6365     3.7662     0.259     4.179     0.0746     3.7662     3.7538     3.6097     3.9089     3.7981     0.1162
1219.6898     4.1358     0.271     4.182     0.0744     4.1358     3.7538     3.6097     3.9089     3.7981     0.1162
1219.7432     3.7367     0.261     4.185     0.0742     3.7367     3.8010     3.9865     3.9089     3.7981     0.1174
1219.7966     3.6480     0.259     4.188     0.0740     3.6480     3.8010     3.9865     3.9089     3.7981     0.1174
1219.8500     4.0433     0.269     4.191     0.0738     4.0433     3.8010     3.9865     3.9089     3.7981     0.1174
1219.9033     3.5077     0.253     4.194     0.0736     3.5077     3.8010     3.9865     3.9089     3.7981     0.1174
1219.9567     4.0692     0.271     4.197     0.0734     4.0692     3.8010     3.9865     3.9089     3.7981     0.1174
1220.0100     4.4805     0.278     4.200     0.0732     4.4805     4.1720     3.9865     3.9089     3.7981     0.1217
1220.0634     4.2481     0.275     4.203     0.0730     4.2481     4.1720     3.9865     3.9089     3.7981     0.1217
1220.1167     4.1394     0.271     4.206     0.0728     4.1394     4.1720     3.9865     3.9089     3.7981     0.1217
1220.1702     3.8315     0.261     4.209     0.0726     3.8315     4.1720     3.9865     3.9089     3.7981     0.1217
1220.2235     4.1606     0.275     4.212     0.0724     4.1606     4.1720     3.9865     3.9089     3.7981     0.1217
1220.2769     4.3411     0.282     4.215     0.0721     4.3411     4.1284     4.1555     4.2837     4.2674     0.1219
1220.3302     4.3474     0.280     4.218     0.0719     4.3474     4.1284     4.1555     4.2837     4.2674     0.1219
1220.3835     3.9923     0.269     4.220     0.0717     3.9923     4.1284     4.1555     4.2837     4.2674     0.1219
1220.4369     4.1072     0.269     4.223     0.0715     4.1072     4.1284     4.1555     4.2837     4.2674     0.1219
1220.4902     3.8542     0.263     4.226     0.0713     3.8542     4.1284     4.1555     4.2837     4.2674     0.1219
1220.5436     3.9263     0.265     4.229     0.0711     3.9263     4.1826     4.1555     4.2837     4.2674     0.1228
1220.5969     4.4267     0.281     4.232     0.0709     4.4267     4.1826     4.1555     4.2837     4.2674     0.1228
1220.6504     4.1292     0.275     4.235     0.0707     4.1292     4.1826     4.1555     4.2837     4.2674     0.1228
1220.7037     4.2692     0.281     4.238     0.0705     4.2692     4.1826     4.1555     4.2837     4.2674     0.1228
1220.7571     4.1618     0.272     4.241     0.0703     4.1618     4.1826     4.1555     4.2837     4.2674     0.1228
1220.8104     4.5819     0.286     4.244     0.0701     4.5819     4.5400     4.3793     4.2837     4.2674     0.1281
1220.8638     4.6704     0.291     4.247     0.0699     4.6704     4.5400     4.3793     4.2837     4.2674     0.1281
1220.9171     4.2880     0.278     4.250     0.0697     4.2880     4.5400     4.3793     4.2837     4.2674     0.1281
1220.9705     4.5264     0.286     4.253     0.0695     4.5264     4.5400     4.3793     4.2837     4.2674     0.1281
1221.0238     4.6332     0.291     4.256     0.0693     4.6332     4.5400     4.3793     4.2837     4.2674     0.1281
1221.0771     4.1844     0.274     4.259     0.0691     4.1844     4.2187     4.3793     4.4512     4.2674     0.1228
1221.1305     4.3388     0.277     4.262     0.0689     4.3388     4.2187     4.3793     4.4512     4.2674     0.1228
1221.1838     4.2520     0.276     4.265     0.0687     4.2520     4.2187     4.3793     4.4512     4.2674     0.1228
1221.2373     4.1140     0.271     4.268     0.0685     4.1140     4.2187     4.3793     4.4512     4.2674     0.1228
1221.2906     4.2042     0.275     4.271     0.0682     4.2042     4.2187     4.3793     4.4512     4.2674     0.1228
1221.3440     4.3937     0.278     4.274     0.0680     4.3937     4.6332     4.5675     4.4512     4.4820     0.1281
1221.3973     4.5691     0.285     4.277     0.0678     4.5691     4.6332     4.5675     4.4512     4.4820     0.1281
1221.4507     4.6987     0.288     4.280     0.0676     4.6987     4.6332     4.5675     4.4512     4.4820     0.1281
1221.5042     4.7848     0.292     4.283     0.0674     4.7848     4.6332     4.5675     4.4512     4.4820     0.1281
1221.5575     4.7197     0.289     4.286     0.0672     4.7197     4.6332     4.5675     4.4512     4.4820     0.1281
1221.6108     4.8277     0.294     4.289     0.0670     4.8277     4.5018     4.5675     4.4512     4.4820     0.1258
1221.6642     4.0058     0.264     4.292     0.0668     4.0058     4.5018     4.5675     4.4512     4.4820     0.1258
1221.7175     4.5094     0.281     4.295     0.0666     4.5094     4.5018     4.5675     4.4512     4.4820     0.1258
1221.7709     4.6638     0.285     4.298     0.0664     4.6638     4.5018     4.5675     4.4512     4.4820     0.1258
1221.8242     4.5023     0.281     4.301     0.0662     4.5023     4.5018     4.5675     4.4512     4.4820     0.1258
1221.8776     4.2699     0.274     4.304     0.0660     4.2699     4.3246     4.3965     4.4362     4.4820     0.1232
1221.9309     4.1939     0.272     4.307     0.0658     4.1939     4.3246     4.3965     4.4362     4.4820     0.1232
1221.9843     4.3662     0.276     4.310     0.0656     4.3662     4.3246     4.3965     4.4362     4.4820     0.1232
1222.0376     4.2479     0.276     4.313     0.0654     4.2479     4.3246     4.3965     4.4362     4.4820     0.1232
1222.0909     4.5452     0.279     4.316     0.0652     4.5452     4.3246     4.3965     4.4362     4.4820     0.1232
1222.1443     4.3176     0.276     4.319     0.0650     4.3176     4.4684     4.3965     4.4362     4.4820     0.1243
1222.1976     4.3013     0.273     4.322     0.0648     4.3013     4.4684     4.3965     4.4362     4.4820     0.1243
1222.2510     4.4935     0.277     4.325     0.0646     4.4935     4.4684     4.3965     4.4362     4.4820     0.1243
1222.3043     4.5829     0.282     4.328     0.0644     4.5829     4.4684     4.3965     4.4362     4.4820     0.1243
1222.3577     4.6469     0.282     4.331     0.0642     4.6469     4.4684     4.3965     4.4362     4.4820     0.1243
1222.4110     4.4167     0.275     4.334     0.0640     4.4167     4.5156     4.6014     4.4362     4.5750     0.1249
1222.4644     4.9828     0.295     4.337     0.0638     4.9828     4.5156     4.6014     4.4362     4.5750     0.1249
1222.5177     3.9916     0.262     4.340     0.0635     3.9916     4.5156     4.6014     4.4362     4.5750     0.1249
1222.5710     4.5167     0.279     4.343     0.0633     4.5167     4.5156     4.6014     4.4362     4.5750     0.1249
1222.6244     4.6703     0.285     4.346     0.0631     4.6703     4.5156     4.6014     4.4362     4.5750     0.1249
1222.6777     4.6857     0.283     4.349     0.0629     4.6857     4.6871     4.6014     4.5947     4.5750     0.1276
1222.7311     4.7397     0.287     4.352     0.0627     4.7397     4.6871     4.6014     4.5947     4.5750     0.1276
1222.7844     4.2731     0.273     4.355     0.0625     4.2731     4.6871     4.6014     4.5947     4.5750     0.1276
1222.8378     4.6980     0.286     4.358     0.0623     4.6980     4.6871     4.6014     4.5947     4.5750     0.1276
1222.8911     5.0392     0.298     4.361     0.0621     5.0392     4.6871     4.6014     4.5947     4.5750     0.1276
1222.9445     4.8940     0.291     4.364     0.0619     4.8940     4.7435     4.5485     4.5947     4.5750     0.1282
1222.9978     4.6025     0.284     4.367     0.0617     4.6025     4.7435     4.5485     4.5947     4.5750     0.1282
1223.0511     5.1150     0.295     4.370     0.0615     5.1150     4.7435     4.5485     4.5947     4.5750     0.1282
1223.1045     4.4881     0.280     4.373     0.0613     4.4881     4.7435     4.5485     4.5947     4.5750     0.1282
1223.1578     4.6181     0.284     4.376     0.0611     4.6181     4.7435     4.5485     4.5947     4.5750     0.1282
1223.2112     4.6057     0.285     4.379     0.0609     4.6057     4.3535     4.5485     4.5947     4.5750     0.1231
1223.2645     4.7340     0.286     4.382     0.0607     4.7340     4.3535     4.5485     4.5947     4.5750     0.1231
1223.3179     4.1280     0.266     4.385     0.0605     4.1280     4.3535     4.5485     4.5947     4.5750     0.1231
1223.3712     4.2776     0.273     4.388     0.0603     4.2776     4.3535     4.5485     4.5947     4.5750     0.1231
1223.4246     4.0225     0.265     4.391     0.0601     4.0225     4.3535     4.5485     4.5947     4.5750     0.1231
1223.4779     3.8816     0.258     4.394     0.0599     3.8816     3.8675     4.2727     4.3521     4.4072     0.1150
1223.5312     4.0532     0.267     4.397     0.0597     4.0532     3.8675     4.2727     4.3521     4.4072     0.1150
1223.5846     3.6723     0.250     4.400     0.0595     3.6723     3.8675     4.2727     4.3521     4.4072     0.1150
1223.6379     3.7510     0.250     4.403     0.0593     3.7510     3.8675     4.2727     4.3521     4.4072     0.1150
1223.6913     3.9792     0.260     4.406     0.0591     3.9792     3.8675     4.2727     4.3521     4.4072     0.1150
1223.7446     4.4800     0.274     4.409     0.0589     4.4800     4.6779     4.2727     4.3521     4.4072     0.1265
1223.7980     5.0467     0.294     4.412     0.0587     5.0467     4.6779     4.2727     4.3521     4.4072     0.1265
1223.8513     5.0292     0.296     4.415     0.0585     5.0292     4.6779     4.2727     4.3521     4.4072     0.1265
1223.9047     4.5442     0.278     4.418     0.0583     4.5442     4.6779     4.2727     4.3521     4.4072     0.1265
1223.9579     4.2895     0.271     4.421     0.0581     4.2895     4.6779     4.2727     4.3521     4.4072     0.1265
1224.0112     4.5178     0.276     4.424     0.0579     4.5178     4.5108     4.5417     4.3521     4.4072     0.1229
1224.0646     4.6033     0.276     4.427     0.0577     4.6033     4.5108     4.5417     4.3521     4.4072     0.1229
1224.1179     4.4817     0.277     4.430     0.0575     4.4817     4.5108     4.5417     4.3521     4.4072     0.1229
1224.1713     4.4080     0.272     4.433     0.0573     4.4080     4.5108     4.5417     4.3521     4.4072     0.1229
1224.2246     4.5434     0.273     4.436     0.0571     4.5434     4.5108     4.5417     4.3521     4.4072     0.1229
1224.2780     4.5710     0.281     4.439     0.0569     4.5710     4.5726     4.5417     4.7750     4.4072     0.1248
1224.3313     4.9346     0.288     4.442     0.0567     4.9346     4.5726     4.5417     4.7750     4.4072     0.1248
1224.3846     4.2593     0.267     4.445     0.0565     4.2593     4.5726     4.5417     4.7750     4.4072     0.1248
1224.4380     4.5247     0.279     4.448     0.0563     4.5247     4.5726     4.5417     4.7750     4.4072     0.1248
1224.4913     4.5735     0.280     4.451     0.0561     4.5735     4.5726     4.5417     4.7750     4.4072     0.1248
1224.5447     5.3946     0.301     4.454     0.0559     5.3946     5.0188     4.8762     4.7750     4.8773     0.1306
1224.5979     4.8691     0.289     4.456     0.0557     4.8691     5.0188     4.8762     4.7750     4.8773     0.1306
1224.6512     4.8084     0.287     4.459     0.0555     4.8084     5.0188     4.8762     4.7750     4.8773     0.1306
1224.7046     5.3423     0.301     4.462     0.0553     5.3423     5.0188     4.8762     4.7750     4.8773     0.1306
1224.7579     4.6794     0.282     4.465     0.0551     4.6794     5.0188     4.8762     4.7750     4.8773     0.1306
1224.8113     4.6921     0.283     4.468     0.0549     4.6921     4.7337     4.8762     4.7750     4.8773     0.1269
1224.8646     4.8557     0.288     4.471     0.0547     4.8557     4.7337     4.8762     4.7750     4.8773     0.1269
1224.9180     4.8935     0.289     4.474     0.0545     4.8935     4.7337     4.8762     4.7750     4.8773     0.1269
1224.9713     4.4741     0.277     4.477     0.0543     4.4741     4.7337     4.8762     4.7750     4.8773     0.1269
1225.0245     4.7527     0.282     4.480     0.0541     4.7527     4.7337     4.8762     4.7750     4.8773     0.1269
1225.0779     4.7636     0.283     4.483     0.0539     4.7636     4.9699     4.8783     4.8493     4.8773     0.1299
1225.1312     5.0782     0.296     4.486     0.0537     5.0782     4.9699     4.8783     4.8493     4.8773     0.1299
1225.1846     4.9979     0.290     4.489     0.0535     4.9979     4.9699     4.8783     4.8493     4.8773     0.1299
1225.2379     4.6709     0.282     4.492     0.0533     4.6709     4.9699     4.8783     4.8493     4.8773     0.1299
1225.2913     5.3388     0.301     4.495     0.0531     5.3388     4.9699     4.8783     4.8493     4.8773     0.1299
1225.3446     4.9802     0.290     4.498     0.0529     4.9802     4.7868     4.8783     4.8493     4.8773     0.1268
1225.3979     4.7374     0.282     4.501     0.0527     4.7374     4.7868     4.8783     4.8493     4.8773     0.1268
1225.4512     4.5836     0.278     4.504     0.0525     4.5836     4.7868     4.8783     4.8493     4.8773     0.1268
1225.5045     4.6909     0.279     4.507     0.0523     4.6909     4.7868     4.8783     4.8493     4.8773     0.1268
1225.5579     4.9419     0.288     4.510     0.0521     4.9419     4.7868     4.8783     4.8493     4.8773     0.1268
1225.6112     5.3025     0.296     4.513     0.0519     5.3025     4.7912     4.8298     4.8493     4.8052     0.1266
1225.6646     4.9930     0.291     4.516     0.0517     4.9930     4.7912     4.8298     4.8493     4.8052     0.1266
1225.7179     4.5838     0.278     4.519     0.0515     4.5838     4.7912     4.8298     4.8493     4.8052     0.1266
1225.7711     4.4510     0.273     4.522     0.0513     4.4510     4.7912     4.8298     4.8493     4.8052     0.1266
1225.8245     4.6257     0.277     4.525     0.0511     4.6257     4.7912     4.8298     4.8493     4.8052     0.1266
1225.8778     4.5901     0.275     4.528     0.0509     4.5901     4.8685     4.8298     4.8099     4.8052     0.1270
1225.9312     4.8210     0.282     4.531     0.0507     4.8210     4.8685     4.8298     4.8099     4.8052     0.1270
1225.9845     5.2661     0.294     4.534     0.0505     5.2661     4.8685     4.8298     4.8099     4.8052     0.1270
1226.0378     4.7556     0.281     4.537     0.0503     4.7556     4.8685     4.8298     4.8099     4.8052     0.1270
1226.0911     4.9097     0.287     4.540     0.0501     4.9097     4.8685     4.8298     4.8099     4.8052     0.1270
1226.1444     5.1847     0.294     4.543     0.0499     5.1847     4.7624     4.7806     4.8099     4.8052     0.1255
1226.1978     4.8715     0.284     4.546     0.0497     4.8715     4.7624     4.7806     4.8099     4.8052     0.1255
1226.2511     4.5435     0.274     4.549     0.0495     4.5435     4.7624     4.7806     4.8099     4.8052     0.1255
1226.3044     4.6721     0.277     4.552     0.0493     4.6721     4.7624     4.7806     4.8099     4.8052     0.1255
1226.3577     4.5401     0.272     4.555     0.0491     4.5401     4.7624     4.7806     4.8099     4.8052     0.1255
1226.4111     4.4388     0.271     4.558     0.0489     4.4388     4.7988     4.7806     4.8099     4.8052     0.1255
1226.4645     4.3976     0.267     4.561     0.0487     4.3976     4.7988     4.7806     4.8099     4.8052     0.1255
1226.5178     5.1043     0.292     4.564     0.0485     5.1043     4.7988     4.7806     4.8099     4.8052     0.1255
1226.5712     4.9861     0.286     4.567     0.0483     4.9861     4.7988     4.7806     4.8099     4.8052     0.1255
1226.6244     5.0674     0.287     4.570     0.0481     5.0674     4.7988     4.7806     4.8099     4.8052     0.1255
1226.6777     5.0013     0.286     4.573     0.0479     5.0013     4.6389     4.3985     4.4991     4.5750     0.1236
1226.7311     4.5160     0.273     4.576     0.0477     4.5160     4.6389     4.3985     4.4991     4.5750     0.1236
1226.7844     4.8683     0.284     4.579     0.0475     4.8683     4.6389     4.3985     4.4991     4.5750     0.1236
1226.8376     4.3484     0.269     4.582     0.0473     4.3484     4.6389     4.3985     4.4991     4.5750     0.1236
1226.8910     4.4605     0.271     4.585     0.0471     4.4605     4.6389     4.3985     4.4991     4.5750     0.1236
1226.9443     4.2235     0.262     4.588     0.0469     4.2235     4.1581     4.3985     4.4991     4.5750     0.1171
1226.9977     3.9899     0.256     4.591     0.0468     3.9899     4.1581     4.3985     4.4991     4.5750     0.1171
1227.0510     3.8110     0.252     4.594     0.0466     3.8110     4.1581     4.3985     4.4991     4.5750     0.1171
1227.1042     4.3554     0.268     4.597     0.0464     4.3554     4.1581     4.3985     4.4991     4.5750     0.1171
1227.1576     4.4106     0.271     4.600     0.0462     4.4106     4.1581     4.3985     4.4991     4.5750     0.1171
1227.2109     4.6522     0.278     4.603     0.0460     4.6522     4.7003     4.7515     4.4991     4.5750     0.1234
1227.2643     4.7110     0.275     4.606     0.0458     4.7110     4.7003     4.7515     4.4991     4.5750     0.1234
1227.3175     4.5288     0.270     4.609     0.0456     4.5288     4.7003     4.7515     4.4991     4.5750     0.1234
1227.3708     4.9628     0.283     4.612     0.0454     4.9628     4.7003     4.7515     4.4991     4.5750     0.1234
1227.4242     4.6469     0.273     4.615     0.0452     4.6469     4.7003     4.7515     4.4991     4.5750     0.1234
1227.4775     4.5466     0.274     4.618     0.0450     4.5466     4.8026     4.7515     4.5380     4.5750     0.1255
1227.5308     4.9527     0.288     4.621     0.0448     4.9527     4.8026     4.7515     4.5380     4.5750     0.1255
1227.5841     4.8252     0.282     4.624     0.0446     4.8252     4.8026     4.7515     4.5380     4.5750     0.1255
1227.6375     4.8310     0.280     4.627     0.0444     4.8310     4.8026     4.7515     4.5380     4.5750     0.1255
1227.6908     4.8576     0.279     4.630     0.0442     4.8576     4.8026     4.7515     4.5380     4.5750     0.1255
1227.7440     4.3049     0.263     4.633     0.0440     4.3049     4.1712     4.4058     4.5380     4.5827     0.1165
1227.7974     4.2444     0.261     4.636     0.0438     4.2444     4.1712     4.4058     4.5380     4.5827     0.1165
1227.8507     3.9326     0.254     4.639     0.0437     3.9326     4.1712     4.4058     4.5380     4.5827     0.1165
1227.9039     4.1256     0.262     4.642     0.0435     4.1256     4.1712     4.4058     4.5380     4.5827     0.1165
1227.9573     4.2485     0.263     4.645     0.0433     4.2485     4.1712     4.4058     4.5380     4.5827     0.1165
1228.0106     4.6078     0.274     4.648     0.0431     4.6078     4.6403     4.4058     4.5380     4.5827     0.1230
1228.0640     4.8064     0.282     4.651     0.0429     4.8064     4.6403     4.4058     4.5380     4.5827     0.1230
1228.1172     4.5369     0.272     4.654     0.0427     4.5369     4.6403     4.4058     4.5380     4.5827     0.1230
1228.1705     4.2715     0.262     4.657     0.0425     4.2715     4.6403     4.4058     4.5380     4.5827     0.1230
1228.2239     4.9789     0.285     4.660     0.0423     4.9789     4.6403     4.4058     4.5380     4.5827     0.1230
1228.2771     4.3379     0.265     4.663     0.0421     4.3379     4.7270     4.7596     4.8048     4.5827     0.1233
1228.3304     4.8240     0.279     4.666     0.0419     4.8240     4.7270     4.7596     4.8048     4.5827     0.1233
1228.3838     5.0174     0.284     4.668     0.0417     5.0174     4.7270     4.7596     4.8048     4.5827     0.1233
1228.4371     4.8966     0.281     4.671     0.0416     4.8966     4.7270     4.7596     4.8048     4.5827     0.1233
1228.4904     4.5589     0.271     4.674     0.0414     4.5589     4.7270     4.7596     4.8048     4.5827     0.1233
1228.5437     4.7304     0.276     4.677     0.0412     4.7304     4.7922     4.7596     4.8048     4.5827     0.1241
1228.5970     4.9175     0.280     4.680     0.0410     4.9175     4.7922     4.7596     4.8048     4.5827     0.1241
1228.6503     4.7399     0.275     4.683     0.0408     4.7399     4.7922     4.7596     4.8048     4.5827     0.1241
1228.7036     4.6168     0.273     4.686     0.0406     4.6168     4.7922     4.7596     4.8048     4.5827     0.1241
1228.7570     4.9565     0.284     4.689     0.0404     4.9565     4.7922     4.7596     4.8048     4.5827     0.1241
1228.8102     5.0232     0.283     4.692     0.0402     5.0232     4.8951     4.8506     4.8048     4.9272     0.1246
1228.8635     5.2911     0.291     4.695     0.0400     5.2911     4.8951     4.8506     4.8048     4.9272     0.1246
1228.9169     4.4484     0.264     4.698     0.0398     4.4484     4.8951     4.8506     4.8048     4.9272     0.1246
1228.9701     4.8021     0.277     4.701     0.0397     4.8021     4.8951     4.8506     4.8048     4.9272     0.1246
1229.0234     4.9107     0.278     4.704     0.0395     4.9107     4.8951     4.8506     4.8048     4.9272     0.1246
1229.0768     4.5701     0.269     4.707     0.0393     4.5701     4.8061     4.8506     4.9379     4.9272     0.1234
1229.1300     5.2278     0.289     4.710     0.0391     5.2278     4.8061     4.8506     4.9379     4.9272     0.1234
1229.1833     5.0945     0.284     4.713     0.0389     5.0945     4.8061     4.8506     4.9379     4.9272     0.1234
1229.2367     4.6451     0.269     4.716     0.0387     4.6451     4.8061     4.8506     4.9379     4.9272     0.1234
1229.2899     4.4931     0.268     4.719     0.0385     4.4931     4.8061     4.8506     4.9379     4.9272     0.1234
1229.3433     4.8923     0.277     4.722     0.0384     4.8923     5.0150     5.0038     4.9379     4.9272     0.1255
1229.3965     5.1032     0.284     4.725     0.0382     5.1032     5.0150     5.0038     4.9379     4.9272     0.1255
1229.4498     4.9433     0.279     4.728     0.0380     4.9433     5.0150     5.0038     4.9379     4.9272     0.1255
1229.5032     5.0416     0.280     4.731     0.0378     5.0416     5.0150     5.0038     4.9379     4.9272     0.1255
1229.5564     5.0948     0.283     4.734     0.0376     5.0948     5.0150     5.0038     4.9379     4.9272     0.1255
1229.6097     5.2634     0.289     4.737     0.0374     5.2634     4.9925     5.0038     4.9379     4.9272     0.1261
1229.6631     5.1565     0.285     4.740     0.0372     5.1565     4.9925     5.0038     4.9379     4.9272     0.1261
1229.7163     4.7931     0.278     4.743     0.0371     4.7931     4.9925     5.0038     4.9379     4.9272     0.1261
1229.7697     5.0310     0.281     4.746     0.0369     5.0310     4.9925     5.0038     4.9379     4.9272     0.1261
1229.8230     4.7184     0.276     4.749     0.0367     4.7184     4.9925     5.0038     4.9379     4.9272     0.1261
1229.8762     4.4368     0.265     4.752     0.0365     4.4368     4.7480     4.7628     4.8219     4.8403     0.1223
1229.9296     4.9278     0.278     4.755     0.0363     4.9278     4.7480     4.7628     4.8219     4.8403     0.1223
1229.9828     4.6605     0.271     4.758     0.0361     4.6605     4.7480     4.7628     4.8219     4.8403     0.1223
1230.0361     4.8256     0.277     4.761     0.0360     4.8256     4.7480     4.7628     4.8219     4.8403     0.1223
1230.0895     4.8892     0.276     4.764     0.0358     4.8892     4.7480     4.7628     4.8219     4.8403     0.1223
1230.1427     4.9747     0.281     4.767     0.0356     4.9747     4.7776     4.7628     4.8219     4.8403     0.1227
1230.1960     4.9568     0.279     4.770     0.0354     4.9568     4.7776     4.7628     4.8219     4.8403     0.1227
1230.2493     4.7563     0.274     4.773     0.0352     4.7563     4.7776     4.7628     4.8219     4.8403     0.1227
1230.3026     4.5151     0.266     4.776     0.0351     4.5151     4.7776     4.7628     4.8219     4.8403     0.1227
1230.3560     4.6854     0.271     4.779     0.0349     4.6854     4.7776     4.7628     4.8219     4.8403     0.1227
1230.4092     5.2056     0.284     4.782     0.0347     5.2056     4.9400     4.9178     4.8219     4.8403     0.1243
1230.4625     4.8012     0.275     4.785     0.0345     4.8012     4.9400     4.9178     4.8219     4.8403     0.1243
1230.5157     5.1425     0.285     4.788     0.0343     5.1425     4.9400     4.9178     4.8219     4.8403     0.1243
1230.5691     4.8012     0.273     4.791     0.0342     4.8012     4.9400     4.9178     4.8219     4.8403     0.1243
1230.6224     4.7495     0.273     4.794     0.0340     4.7495     4.9400     4.9178     4.8219     4.8403     0.1243
1230.6757     4.6835     0.273     4.797     0.0338     4.6835     4.8956     4.9178     4.9259     4.8403     0.1236
1230.7290     4.5547     0.265     4.800     0.0336     4.5547     4.8956     4.9178     4.9259     4.8403     0.1236
1230.7822     5.0324     0.284     4.803     0.0335     5.0324     4.8956     4.9178     4.9259     4.8403     0.1236
1230.8356     4.9721     0.277     4.806     0.0333     4.9721     4.8956     4.9178     4.9259     4.8403     0.1236
1230.8888     5.2351     0.283     4.809     0.0331     5.2351     4.8956     4.9178     4.9259     4.8403     0.1236
1230.9421     4.9974     0.282     4.812     0.0329     4.9974     4.9536     4.9411     4.9259     4.9559     0.1245
1230.9954     5.0619     0.280     4.815     0.0328     5.0619     4.9536     4.9411     4.9259     4.9559     0.1245
1231.0487     4.7850     0.270     4.818     0.0326     4.7850     4.9536     4.9411     4.9259     4.9559     0.1245
1231.1021     5.0163     0.283     4.821     0.0324     5.0163     4.9536     4.9411     4.9259     4.9559     0.1245
1231.1553     4.9071     0.275     4.824     0.0322     4.9071     4.9536     4.9411     4.9259     4.9559     0.1245
1231.2086     4.7057     0.271     4.827     0.0321     4.7057     4.9286     4.9411     4.9259     4.9559     0.1235
1231.2620     4.6056     0.269     4.830     0.0319     4.6056     4.9286     4.9411     4.9259     4.9559     0.1235
1231.3153     5.0537     0.277     4.833     0.0317     5.0537     4.9286     4.9411     4.9259     4.9559     0.1235
1231.3685     5.4350     0.290     4.836     0.0315     5.4350     4.9286     4.9411     4.9259     4.9559     0.1235
1231.4219     4.8430     0.273     4.839     0.0314     4.8430     4.9286     4.9411     4.9259     4.9559     0.1235
1231.4751     4.7141     0.269     4.842     0.0312     4.7141     5.0651     4.9707     4.9243     4.9559     0.1254
1231.5284     4.6696     0.272     4.845     0.0310     4.6696     5.0651     4.9707     4.9243     4.9559     0.1254
1231.5817     4.9478     0.277     4.848     0.0309     4.9478     5.0651     4.9707     4.9243     4.9559     0.1254
1231.6350     5.6152     0.294     4.851     0.0307     5.6152     5.0651     4.9707     4.9243     4.9559     0.1254
1231.6882     5.3791     0.288     4.854     0.0305     5.3791     5.0651     4.9707     4.9243     4.9559     0.1254
1231.7416     4.6031     0.266     4.857     0.0304     4.6031     4.8763     4.9707     4.9243     4.9559     0.1223
1231.7949     4.7857     0.271     4.860     0.0302     4.7857     4.8763     4.9707     4.9243     4.9559     0.1223
1231.8481     4.8296     0.273     4.862     0.0300     4.8296     4.8763     4.9707     4.9243     4.9559     0.1223
1231.9015     4.6990     0.269     4.865     0.0299     4.6990     4.8763     4.9707     4.9243     4.9559     0.1223
1231.9547     5.4638     0.288     4.868     0.0297     5.4638     4.8763     4.9707     4.9243     4.9559     0.1223
1232.0081     4.8506     0.271     4.871     0.0295     4.8506     4.8315     4.8499     4.9243     4.7496     0.1220
1232.0613     4.9838     0.276     4.874     0.0294     4.9838     4.8315     4.8499     4.9243     4.7496     0.1220
1232.1146     5.0084     0.280     4.877     0.0292     5.0084     4.8315     4.8499     4.9243     4.7496     0.1220
1232.1678     4.3028     0.257     4.880     0.0290     4.3028     4.8315     4.8499     4.9243     4.7496     0.1220
1232.2212     5.0120     0.279     4.883     0.0289     5.0120     4.8315     4.8499     4.9243     4.7496     0.1220
1232.2744     4.7531     0.270     4.886     0.0287     4.7531     4.8683     4.8499     4.7223     4.7496     0.1221
1232.3278     5.2220     0.282     4.889     0.0285     5.2220     4.8683     4.8499     4.7223     4.7496     0.1221
1232.3810     4.6406     0.269     4.892     0.0284     4.6406     4.8683     4.8499     4.7223     4.7496     0.1221
1232.4342     4.7667     0.268     4.895     0.0282     4.7667     4.8683     4.8499     4.7223     4.7496     0.1221
1232.4875     4.9592     0.275     4.898     0.0281     4.9592     4.8683     4.8499     4.7223     4.7496     0.1221
1232.5408     4.6196     0.267     4.901     0.0279     4.6196     4.7211     4.6493     4.7223     4.7496     0.1208
1232.5941     5.3138     0.286     4.904     0.0278     5.3138     4.7211     4.6493     4.7223     4.7496     0.1208
1232.6473     4.4433     0.262     4.907     0.0276     4.4433     4.7211     4.6493     4.7223     4.7496     0.1208
1232.7007     4.3764     0.261     4.910     0.0274     4.3764     4.7211     4.6493     4.7223     4.7496     0.1208
1232.7539     4.8523     0.273     4.913     0.0273     4.8523     4.7211     4.6493     4.7223     4.7496     0.1208
1232.8073     4.4014     0.260     4.916     0.0271     4.4014     4.5775     4.6493     4.7223     4.7496     0.1184
1232.8605     4.2603     0.255     4.919     0.0270     4.2603     4.5775     4.6493     4.7223     4.7496     0.1184
1232.9138     4.6444     0.268     4.922     0.0268     4.6444     4.5775     4.6493     4.7223     4.7496     0.1184
1232.9670     4.8775     0.272     4.925     0.0267     4.8775     4.5775     4.6493     4.7223     4.7496     0.1184
1233.0204     4.7037     0.269     4.928     0.0265     4.7037     4.5775     4.6493     4.7223     4.7496     0.1184
1233.0736     4.8617     0.272     4.931     0.0264     4.8617     5.0436     4.9825     4.9821     4.9600     0.1231
1233.1270     5.3071     0.281     4.934     0.0262     5.3071     5.0436     4.9825     4.9821     4.9600     0.1231
1233.1802     5.0774     0.276     4.937     0.0261     5.0774     5.0436     4.9825     4.9821     4.9600     0.1231
1233.2334     5.0394     0.276     4.940     0.0259     5.0394     5.0436     4.9825     4.9821     4.9600     0.1231
1233.2867     4.9322     0.271     4.943     0.0258     4.9322     5.0436     4.9825     4.9821     4.9600     0.1231
1233.3400     5.3408     0.286     4.946     0.0256     5.3408     4.9215     4.9825     4.9821     4.9600     0.1218
1233.3933     4.6785     0.265     4.949     0.0255     4.6785     4.9215     4.9825     4.9821     4.9600     0.1218
1233.4465     4.5767     0.264     4.952     0.0253     4.5767     4.9215     4.9825     4.9821     4.9600     0.1218
1233.4999     4.9454     0.272     4.955     0.0252     4.9454     4.9215     4.9825     4.9821     4.9600     0.1218
1233.5531     5.0659     0.274     4.958     0.0251     5.0659     4.9215     4.9825     4.9821     4.9600     0.1218
1233.6063     5.2856     0.281     4.961     0.0249     5.2856     4.9813     4.9375     4.9821     4.9600     0.1223
1233.6597     4.7822     0.267     4.964     0.0248     4.7822     4.9813     4.9375     4.9821     4.9600     0.1223
1233.7129     5.1790     0.278     4.967     0.0246     5.1790     4.9813     4.9375     4.9821     4.9600     0.1223
1233.7662     4.9879     0.275     4.970     0.0245     4.9879     4.9813     4.9375     4.9821     4.9600     0.1223
1233.8195     4.6717     0.264     4.973     0.0244     4.6717     4.9813     4.9375     4.9821     4.9600     0.1223
1233.8727     4.9035     0.271     4.976     0.0242     4.9035     4.8937     4.9375     4.8993     4.9600     0.1214
1233.9260     4.9719     0.274     4.979     0.0241     4.9719     4.8937     4.9375     4.8993     4.9600     0.1214
1233.9792     4.7961     0.268     4.982     0.0240     4.7961     4.8937     4.9375     4.8993     4.9600     0.1214
1234.0326     5.0817     0.276     4.985     0.0238     5.0817     4.8937     4.9375     4.8993     4.9600     0.1214
1234.0858     4.7151     0.268     4.988     0.0237     4.7151     4.8937     4.9375     4.8993     4.9600     0.1214
1234.1390     5.0260     0.272     4.991     0.0236     5.0260     4.9212     4.9020     4.8993     4.9640     0.1209
1234.1924     5.0804     0.274     4.994     0.0234     5.0804     4.9212     4.9020     4.8993     4.9640     0.1209
1234.2456     4.5933     0.260     4.997     0.0233     4.5933     4.9212     4.9020     4.8993     4.9640     0.1209
1234.2990     4.8238     0.269     5.000     0.0232     4.8238     4.9212     4.9020     4.8993     4.9640     0.1209
1234.3522     5.0823     0.277     5.003     0.0231     5.0823     4.9212     4.9020     4.8993     4.9640     0.1209
1234.4054     4.8139     0.271     5.006     0.0229     4.8139     4.8829     4.9020     4.8993     4.9640     0.1201
1234.4587     4.9601     0.271     5.009     0.0228     4.9601     4.8829     4.9020     4.8993     4.9640     0.1201
1234.5120     4.5849     0.259     5.012     0.0227     4.5849     4.8829     4.9020     4.8993     4.9640     0.1201
1234.5653     5.0904     0.273     5.015     0.0226     5.0904     4.8829     4.9020     4.8993     4.9640     0.1201
1234.6185     4.9653     0.270     5.018     0.0225     4.9653     4.8829     4.9020     4.8993     4.9640     0.1201
1234.6718     5.4892     0.287     5.021     0.0223     5.4892     5.1240     5.0260     5.0734     4.9640     0.1239
1234.7251     4.9506     0.274     5.024     0.0222     4.9506     5.1240     5.0260     5.0734     4.9640     0.1239
1234.7783     5.3850     0.283     5.027     0.0221     5.3850     5.1240     5.0260     5.0734     4.9640     0.1239
1234.8315     4.6120     0.264     5.030     0.0220     4.6120     5.1240     5.0260     5.0734     4.9640     0.1239
1234.8849     5.1832     0.278     5.033     0.0219     5.1832     5.1240     5.0260     5.0734     4.9640     0.1239
1234.9381     4.8945     0.268     5.036     0.0218     4.8945     4.9281     5.0260     5.0734     4.9640     0.1208
1234.9913     4.8203     0.267     5.038     0.0217     4.8203     4.9281     5.0260     5.0734     4.9640     0.1208
1235.0447     5.2862     0.280     5.041     0.0216     5.2862     4.9281     5.0260     5.0734     4.9640     0.1208
1235.0979     4.9184     0.269     5.044     0.0215     4.9184     4.9281     5.0260     5.0734     4.9640     0.1208
1235.1511     4.7212     0.267     5.047     0.0213     4.7212     4.9281     5.0260     5.0734     4.9640     0.1208
1235.2045     4.9481     0.272     5.050     0.0212     4.9481     5.1680     5.1795     5.0734     5.1410     0.1238
1235.2577     5.1214     0.275     5.053     0.0211     5.1214     5.1680     5.1795     5.0734     5.1410     0.1238
1235.3109     5.2978     0.281     5.056     0.0210     5.2978     5.1680     5.1795     5.0734     5.1410     0.1238
1235.3643     5.3912     0.283     5.059     0.0210     5.3912     5.1680     5.1795     5.0734     5.1410     0.1238
1235.4175     5.0817     0.274     5.062     0.0209     5.0817     5.1680     5.1795     5.0734     5.1410     0.1238
1235.4707     4.9425     0.271     5.065     0.0208     4.9425     5.1909     5.1795     5.1320     5.1410     0.1245
1235.5240     5.1524     0.278     5.068     0.0207     5.1524     5.1909     5.1795     5.1320     5.1410     0.1245
1235.5773     5.5060     0.285     5.071     0.0206     5.5060     5.1909     5.1795     5.1320     5.1410     0.1245
1235.6305     5.3699     0.284     5.074     0.0205     5.3699     5.1909     5.1795     5.1320     5.1410     0.1245
1235.6838     4.9836     0.273     5.077     0.0204     4.9836     5.1909     5.1795     5.1320     5.1410     0.1245
1235.7371     5.3021     0.281     5.080     0.0203     5.3021     5.0387     5.1025     5.1320     5.1410     0.1226
1235.7903     4.6105     0.263     5.083     0.0202     4.6105     5.0387     5.1025     5.1320     5.1410     0.1226
1235.8436     5.3372     0.281     5.086     0.0202     5.3372     5.0387     5.1025     5.1320     5.1410     0.1226
1235.8969     4.3954     0.255     5.089     0.0201     4.3954     5.0387     5.1025     5.1320     5.1410     0.1226
1235.9501     5.5481     0.289     5.092     0.0200     5.5481     5.0387     5.1025     5.1320     5.1410     0.1226
