1207.1475     0.1945     0.041     0.000     0.0000     0.1945     0.2052     0.1947     0.1658     0.1357     0.0188
1207.2009     0.1707     0.040     0.000     0.0000     0.1707     0.2052     0.1947     0.1658     0.1357     0.0188
1207.2543     0.2185     0.043     0.000     0.0000     0.2185     0.2052     0.1947     0.1658     0.1357     0.0188
1207.3077     0.1930     0.042     0.000     0.0000     0.1930     0.2052     0.1947     0.1658     0.1357     0.0188
1207.3611     0.2279     0.042     0.000     0.0000     0.2279     0.2268     0.2049     0.1903     0.1777     0.0193
1207.4144     0.2114     0.043     0.000     0.0000     0.2114     0.2268     0.2049     0.1903     0.1777     0.0193
1207.4679     0.2140     0.042     0.000     0.0000     0.2140     0.2268     0.2049     0.1903     0.1777     0.0193
1207.5214     0.2237     0.044     0.000     0.0000     0.2237     0.2268     0.2049     0.1903     0.1777     0.0193
1207.5748     0.2569     0.045     0.000     0.0000     0.2569     0.2268     0.2049     0.1903     0.1777     0.0193
1207.6282     0.1619     0.040     0.000     0.0000     0.1619     0.1830     0.2049     0.1903     0.1777     0.0182
1207.6816     0.1424     0.038     0.000     0.0000     0.1424     0.1830     0.2049     0.1903     0.1777     0.0182
1207.7351     0.2375     0.044     0.000     0.0000     0.2375     0.1830     0.2049     0.1903     0.1777     0.0182
1207.7885     0.2220     0.042     0.000     0.0000     0.2220     0.1830     0.2049     0.1903     0.1777     0.0182
1207.8419     0.1511     0.039     0.000     0.0000     0.1511     0.1830     0.2049     0.1903     0.1777     0.0182
1207.8954     0.1603     0.039     0.000     0.0000     0.1603     0.1611     0.1505     0.1903     0.1777     0.0176
1207.9489     0.1363     0.038     0.000     0.0000     0.1363     0.1611     0.1505     0.1903     0.1777     0.0176
1208.0022     0.1868     0.041     0.000     0.0000     0.1868     0.1611     0.1505     0.1903     0.1777     0.0176
1208.0557     0.1535     0.039     0.000     0.0000     0.1535     0.1611     0.1505     0.1903     0.1777     0.0176
1208.1093     0.1684     0.040     0.000     0.0000     0.1684     0.1611     0.1505     0.1903     0.1777     0.0176
1208.1626     0.1577     0.039     0.000     0.0000     0.1577     0.1398     0.1505     0.1540     0.1777     0.0170
1208.2161     0.1651     0.039     0.000     0.0000     0.1651     0.1398     0.1505     0.1540     0.1777     0.0170
1208.2695     0.1287     0.038     0.000     0.0000     0.1287     0.1398     0.1505     0.1540     0.1777     0.0170
1208.3229     0.0996     0.035     0.000     0.0000     0.0996     0.1398     0.1505     0.1540     0.1777     0.0170
1208.3763     0.1480     0.039     0.000     0.0000     0.1480     0.1398     0.1505     0.1540     0.1777     0.0170
1208.4298     0.1488     0.038     0.000     0.0000     0.1488     0.1591     0.1610     0.1540     0.1629     0.0174
1208.4832     0.1701     0.040     0.000     0.0000     0.1701     0.1591     0.1610     0.1540     0.1629     0.0174
1208.5366     0.1987     0.041     0.000     0.0000     0.1987     0.1591     0.1610     0.1540     0.1629     0.0174
1208.5901     0.1068     0.036     0.000     0.0000     0.1068     0.1591     0.1610     0.1540     0.1629     0.0174
1208.6434     0.1710     0.039     0.000     0.0000     0.1710     0.1591     0.1610     0.1540     0.1629     0.0174
1208.6969     0.1854     0.044     0.000     0.0000     0.1854     0.1630     0.1610     0.1540     0.1629     0.0178
1208.7504     0.2012     0.041     0.000     0.0000     0.2012     0.1630     0.1610     0.1540     0.1629     0.0178
1208.8037     0.1412     0.038     0.000     0.0000     0.1412     0.1630     0.1610     0.1540     0.1629     0.0178
1208.8572     0.1273     0.037     0.000     0.0000     0.1273     0.1630     0.1610     0.1540     0.1629     0.0178
1208.9106     0.1600     0.039     0.000     0.0000     0.1600     0.1630     0.1610     0.1540     0.1629     0.0178
1208.9640     0.1200     0.037     0.000     0.0000     0.1200     0.1492     0.1648     0.1538     0.1629     0.0175
1209.0175     0.1375     0.037     0.000     0.0000     0.1375     0.1492     0.1648     0.1538     0.1629     0.0175
1209.0708     0.1657     0.039     0.000     0.0000     0.1657     0.1492     0.1648     0.1538     0.1629     0.0175
1209.1243     0.0995     0.040     0.000     0.0000     0.0995     0.1492     0.1648     0.1538     0.1629     0.0175
1209.1777     0.2233     0.042     0.000     0.0000     0.2233     0.1492     0.1648     0.1538     0.1629     0.0175
1209.2311     0.2189     0.042     0.000     0.0000     0.2189     0.1803     0.1648     0.1538     0.1629     0.0178
1209.2845     0.1535     0.039     0.000     0.0000     0.1535     0.1803     0.1648     0.1538     0.1629     0.0178
1209.3380     0.1647     0.038     0.000     0.0000     0.1647     0.1803     0.1648     0.1538     0.1629     0.0178
1209.3914     0.1449     0.038     0.000     0.0000     0.1449     0.1803     0.1648     0.1538     0.1629     0.0178
1209.4448     0.2197     0.041     0.000     0.0000     0.2197     0.1803     0.1648     0.1538     0.1629     0.0178
1209.4982     0.1901     0.040     0.000     0.0000     0.1901     0.1317     0.1208     0.1538     0.1262     0.0164
1209.5516     0.1193     0.036     0.000     0.0000     0.1193     0.1317     0.1208     0.1538     0.1262     0.0164
1209.6051     0.1509     0.037     0.000     0.0000     0.1509     0.1317     0.1208     0.1538     0.1262     0.0164
1209.6583     0.1126     0.035     0.000     0.0000     0.1126     0.1317     0.1208     0.1538     0.1262     0.0164
1209.7118     0.0858     0.034     0.000     0.0000     0.0858     0.1317     0.1208     0.1538     0.1262     0.0164
1209.7651     0.2084     0.041     0.000     0.0000     0.2084     0.1099     0.1208     0.1243     0.1262     0.0164
1209.8186     0.1214     0.036     0.000     0.0000     0.1214     0.1099     0.1208     0.1243     0.1262     0.0164
1209.8721     0.1518     0.037     0.000     0.0000     0.1518     0.1099     0.1208     0.1243     0.1262     0.0164
1209.9254     0.0825     0.033     0.000     0.0000     0.0825     0.1099     0.1208     0.1243     0.1262     0.0164
1209.9789    -0.0147     0.034     0.000     0.0000    -0.0147     0.1099     0.1208     0.1243     0.1262     0.0164
1210.0322     0.1173     0.036     0.000     0.0000     0.1173     0.1144     0.1316     0.1243     0.1262     0.0158
1210.0857     0.1413     0.037     0.000     0.0000     0.1413     0.1144     0.1316     0.1243     0.1262     0.0158
1210.1392     0.0989     0.034     0.000     0.0000     0.0989     0.1144     0.1316     0.1243     0.1262     0.0158
1210.1925     0.0976     0.034     0.000     0.0000     0.0976     0.1144     0.1316     0.1243     0.1262     0.0158
1210.2460     0.1168     0.035     0.000     0.0000     0.1168     0.1144     0.1316     0.1243     0.1262     0.0158
1210.2993     0.1251     0.036     0.000     0.0000     0.1251     0.1487     0.1316     0.1243     0.1262     0.0168
1210.3528     0.1986     0.041     0.000     0.0000     0.1986     0.1487     0.1316     0.1243     0.1262     0.0168
1210.4061     0.1367     0.037     0.000     0.0000     0.1367     0.1487     0.1316     0.1243     0.1262     0.0168
1210.4596     0.1004     0.034     0.000     0.0000     0.1004     0.1487     0.1316     0.1243     0.1262     0.0168
1210.5132     0.1828     0.040     0.000     0.0000     0.1828     0.1487     0.1316     0.1243     0.1262     0.0168
1210.5665     0.1837     0.039     0.000     0.0000     0.1837     0.1901     0.1261     0.1121     0.1084     0.0177
1210.6200     0.1796     0.039     0.000     0.0000     0.1796     0.1901     0.1261     0.1121     0.1084     0.0177
1210.6733     0.1673     0.038     0.000     0.0000     0.1673     0.1901     0.1261     0.1121     0.1084     0.0177
1210.7268     0.1980     0.040     0.000     0.0000     0.1980     0.1901     0.1261     0.1121     0.1084     0.0177
1210.7802     0.2219     0.041     0.000     0.0000     0.2219     0.1901     0.1261     0.1121     0.1084     0.0177
1210.8336     0.1007     0.034     0.000     0.0000     0.1007     0.0621     0.1261     0.1121     0.1084     0.0145
1210.8870     0.0674     0.033     0.000     0.0000     0.0674     0.0621     0.1261     0.1121     0.1084     0.0145
1210.9404     0.0625     0.033     0.000     0.0000     0.0625     0.0621     0.1261     0.1121     0.1084     0.0145
1210.9938     0.0282     0.029     0.000     0.0000     0.0282     0.0621     0.1261     0.1121     0.1084     0.0145
1211.0472     0.0515     0.032     0.000     0.0000     0.0515     0.0621     0.1261     0.1121     0.1084     0.0145
1211.1007     0.1746     0.038     0.000     0.0000     0.1746     0.0842     0.0908     0.1121     0.1084     0.0155
1211.1541     0.0383     0.034     0.000     0.0000     0.0383     0.0842     0.0908     0.1121     0.1084     0.0155
1211.2075    -0.0321     0.030     0.000     0.0000    -0.0321     0.0842     0.0908     0.1121     0.1084     0.0155
1211.2609     0.1613     0.038     0.000     0.0000     0.1613     0.0842     0.0908     0.1121     0.1084     0.0155
1211.3143     0.0787     0.033     0.000     0.0000     0.0787     0.0842     0.0908     0.1121     0.1084     0.0155
1211.3677     0.1148     0.035     0.000     0.0000     0.1148     0.0974     0.0908     0.0678     0.1084     0.0150
1211.4211     0.1369     0.036     0.000     0.0000     0.1369     0.0974     0.0908     0.0678     0.1084     0.0150
1211.4745     0.1276     0.036     0.000     0.0000     0.1276     0.0974     0.0908     0.0678     0.1084     0.0150
1211.5280     0.0566     0.031     0.000     0.0000     0.0566     0.0974     0.0908     0.0678     0.1084     0.0150
1211.5813     0.0512     0.030     0.000     0.0000     0.0512     0.0974     0.0908     0.0678     0.1084     0.0150
1211.6348     0.0930     0.033     0.000     0.0000     0.0930     0.0533     0.0529     0.0678     0.0642     0.0136
1211.6881     0.0257     0.029     0.000     0.0000     0.0257     0.0533     0.0529     0.0678     0.0642     0.0136
1211.7416     0.1003     0.033     0.000     0.0000     0.1003     0.0533     0.0529     0.0678     0.0642     0.0136
1211.7949     0.0054     0.027     0.000     0.0000     0.0054     0.0533     0.0529     0.0678     0.0642     0.0136
1211.8484     0.0419     0.029     0.000     0.0000     0.0419     0.0533     0.0529     0.0678     0.0642     0.0136
1211.9017     0.0388     0.030     0.000     0.0000     0.0388     0.0526     0.0529     0.0678     0.0642     0.0136
1211.9552     0.0562     0.031     0.000     0.0000     0.0562     0.0526     0.0529     0.0678     0.0642     0.0136
1212.0084     0.0567     0.030     0.000     0.0000     0.0567     0.0526     0.0529     0.0678     0.0642     0.0136
1212.0619     0.0479     0.030     0.000     0.0000     0.0479     0.0526     0.0529     0.0678     0.0642     0.0136
1212.1152     0.0633     0.031     0.000     0.0000     0.0633     0.0526     0.0529     0.0678     0.0642     0.0136
1212.1686     0.0778     0.032     0.000    -0.0000     0.0778     0.0606     0.0754     0.0790     0.0642     0.0137
1212.2220     0.0641     0.031     0.000     0.0000     0.0641     0.0606     0.0754     0.0790     0.0642     0.0137
1212.2754     0.0215     0.028     0.000     0.0000     0.0215     0.0606     0.0754     0.0790     0.0642     0.0137
1212.3289     0.0603     0.030     0.000     0.0000     0.0603     0.0606     0.0754     0.0790     0.0642     0.0137
1212.3822     0.0790     0.032     0.000     0.0000     0.0790     0.0606     0.0754     0.0790     0.0642     0.0137
1212.4357     0.0833     0.033     0.000     0.0000     0.0833     0.0903     0.0754     0.0790     0.0642     0.0146
1212.4890     0.0783     0.032     0.000     0.0000     0.0783     0.0903     0.0754     0.0790     0.0642     0.0146
1212.5425     0.0600     0.031     0.000     0.0000     0.0600     0.0903     0.0754     0.0790     0.0642     0.0146
1212.5958     0.0714     0.032     0.000     0.0000     0.0714     0.0903     0.0754     0.0790     0.0642     0.0146
1212.6493     0.1584     0.036     0.000     0.0000     0.1584     0.0903     0.0754     0.0790     0.0642     0.0146
1212.7026     0.1506     0.036     0.000     0.0000     0.1506     0.0862     0.0641     0.0790     0.0497     0.0143
1212.7560     0.0838     0.032     0.000    -0.0000     0.0838     0.0862     0.0641     0.0790     0.0497     0.0143
1212.8094     0.0633     0.030     0.000     0.0000     0.0633     0.0862     0.0641     0.0790     0.0497     0.0143
1212.8628     0.0580     0.030     0.000     0.0000     0.0580     0.0862     0.0641     0.0790     0.0497     0.0143
1212.9163     0.0753     0.031     0.000     0.0000     0.0753     0.0862     0.0641     0.0790     0.0497     0.0143
1212.9697     0.0581     0.030     0.000     0.0000     0.0581     0.0419     0.0641     0.0375     0.0497     0.0130
1213.0232     0.0383     0.029     0.000     0.0000     0.0383     0.0419     0.0641     0.0375     0.0497     0.0130
1213.0765     0.0426     0.028     0.000     0.0000     0.0426     0.0419     0.0641     0.0375     0.0497     0.0130
1213.1299     0.0525     0.031     0.000     0.0000     0.0525     0.0419     0.0641     0.0375     0.0497     0.0130
1213.1833     0.0181     0.027     0.000     0.0000     0.0181     0.0419     0.0641     0.0375     0.0497     0.0130
1213.2367     0.0529     0.029     0.000     0.0000     0.0529     0.0262     0.0353     0.0375     0.0497     0.0123
1213.2902     0.0141     0.027     0.000     0.0000     0.0141     0.0262     0.0353     0.0375     0.0497     0.0123
1213.3435     0.0118     0.027     0.000     0.0000     0.0118     0.0262     0.0353     0.0375     0.0497     0.0123
1213.3970     0.0323     0.028     0.000     0.0000     0.0323     0.0262     0.0353     0.0375     0.0497     0.0123
1213.4503     0.0196     0.027     0.000     0.0000     0.0196     0.0262     0.0353     0.0375     0.0497     0.0123
1213.5037     0.0713     0.031     0.000     0.0000     0.0713     0.0445     0.0353     0.0375     0.0497     0.0128
1213.5571     0.0393     0.028     0.000     0.0000     0.0393     0.0445     0.0353     0.0375     0.0497     0.0128
1213.6105     0.0318     0.028     0.000     0.0000     0.0318     0.0445     0.0353     0.0375     0.0497     0.0128
1213.6638     0.0021     0.026     0.000     0.0000     0.0021     0.0445     0.0353     0.0375     0.0497     0.0128
1213.7173     0.0778     0.031     0.000     0.0000     0.0778     0.0445     0.0353     0.0375     0.0497     0.0128
1213.7706     0.0132     0.026     0.000     0.0000     0.0132     0.0331     0.0323     0.0377     0.0452     0.0125
1213.8241     0.0366     0.028     0.000     0.0000     0.0366     0.0331     0.0323     0.0377     0.0452     0.0125
1213.8774     0.0612     0.031     0.000     0.0000     0.0612     0.0331     0.0323     0.0377     0.0452     0.0125
1213.9308     0.0441     0.029     0.000     0.0000     0.0441     0.0331     0.0323     0.0377     0.0452     0.0125
1213.9843     0.0103     0.026     0.000     0.0000     0.0103     0.0331     0.0323     0.0377     0.0452     0.0125
1214.0376     0.0357     0.028     0.000     0.0000     0.0357     0.0316     0.0323     0.0377     0.0452     0.0123
1214.0911     0.0695     0.030     0.000     0.0000     0.0695     0.0316     0.0323     0.0377     0.0452     0.0123
1214.1444     0.0329     0.028     0.000     0.0000     0.0329     0.0316     0.0323     0.0377     0.0452     0.0123
1214.1978     0.0237     0.026     0.000     0.0000     0.0237     0.0316     0.0323     0.0377     0.0452     0.0123
1214.2512    -0.0039     0.025     0.000     0.0000    -0.0039     0.0316     0.0323     0.0377     0.0452     0.0123
1214.3044     0.0360     0.028     0.000     0.0000     0.0360     0.0485     0.0580     0.0377     0.0452     0.0129
1214.3578     0.0418     0.028     0.000     0.0000     0.0418     0.0485     0.0580     0.0377     0.0452     0.0129
1214.4113     0.0813     0.031     0.000     0.0000     0.0813     0.0485     0.0580     0.0377     0.0452     0.0129
1214.4646     0.0472     0.029     0.000     0.0000     0.0472     0.0485     0.0580     0.0377     0.0452     0.0129
1214.5179     0.0362     0.028     0.000    -0.0000     0.0362     0.0485     0.0580     0.0377     0.0452     0.0129
1214.5714     0.0219     0.027     0.000     0.0000     0.0219     0.0674     0.0580     0.0767     0.0452     0.0133
1214.6248     0.0732     0.030     0.000     0.0000     0.0732     0.0674     0.0580     0.0767     0.0452     0.0133
1214.6781     0.0978     0.032     0.000     0.0000     0.0978     0.0674     0.0580     0.0767     0.0452     0.0133
1214.7316     0.0775     0.030     0.000     0.0000     0.0775     0.0674     0.0580     0.0767     0.0452     0.0133
1214.7849     0.0668     0.030     0.000     0.0000     0.0668     0.0674     0.0580     0.0767     0.0452     0.0133
1214.8383     0.0938     0.032     0.000     0.0000     0.0938     0.1343     0.0813     0.0767     0.1045     0.0151
1214.8917     0.0925     0.031     0.000     0.0000     0.0925     0.1343     0.0813     0.0767     0.1045     0.0151
1214.9451     0.1489     0.035     0.000     0.0000     0.1489     0.1343     0.0813     0.0767     0.1045     0.0151
1214.9984     0.1534     0.035     0.000     0.0000     0.1534     0.1343     0.0813     0.0767     0.1045     0.0151
1215.0519     0.1827     0.036     0.000     0.0000     0.1827     0.1343     0.0813     0.0767     0.1045     0.0151
1215.1052     0.1077     0.040     0.000     0.0000     0.1077     0.0284     0.0813     0.0767     0.1045     0.0206
1215.1586     0.0922     0.046     0.000     0.0000     0.0922     0.0284     0.0813     0.0767     0.1045     0.0206
1215.2120     0.0223     0.045     0.000     0.0000     0.0223     0.0284     0.0813     0.0767     0.1045     0.0206
1215.2654    -0.1003     0.046     0.000     0.0000    -0.1003     0.0284     0.0813     0.0767     0.1045     0.0206
1215.3187     0.0198     0.052     0.000     0.0000     0.0198     0.0284     0.0813     0.0767     0.1045     0.0206
1215.3722    -0.0174     0.059     0.000     0.0000    -0.0174     0.1361     0.1276     0.0919     0.1045     0.0496
1215.4257     0.0880     0.070     0.000     0.0000     0.0880     0.1361     0.1276     0.0919     0.1045     0.0496
1215.4790    -0.1078     0.081     0.000     0.0000    -0.1078     0.1361     0.1276     0.0919     0.1045     0.0496
1215.5323     0.2004     0.117     0.000     0.0000     0.2004     0.1361     0.1276     0.0919     0.1045     0.0496
1215.5858     0.5171     0.182     0.000     0.0000     0.5171     0.1361     0.1276     0.0919     0.1045     0.0496
1215.6392     0.7738     0.239     0.000     0.0000     0.7738     0.1191     0.1276     0.0919     0.1045     0.0921
1215.6925     0.1968     0.259     0.000     0.0000     0.1968     0.1191     0.1276     0.0919     0.1045     0.0921
1215.7460     0.2255     0.227     0.000     0.0000     0.2255     0.1191     0.1276     0.0919     0.1045     0.0921
1215.7993    -0.3765     0.160     0.000     0.0000    -0.3765     0.1191     0.1276     0.0919     0.1045     0.0921
1215.8527    -0.2242     0.104     0.000     0.0000    -0.2242     0.1191     0.1276     0.0919     0.1045     0.0921
1215.9060     0.0253     0.077     0.000     0.0000     0.0253     0.0205     0.1050     0.0919     0.0918     0.0263
1215.9595     0.1058     0.063     0.000     0.0000     0.1058     0.0205     0.1050     0.0919     0.0918     0.0263
1216.0128    -0.0421     0.054     0.000     0.0000    -0.0421     0.0205     0.1050     0.0919     0.0918     0.0263
1216.0662    -0.0060     0.049     0.000     0.0000    -0.0060     0.0205     0.1050     0.0919     0.0918     0.0263
1216.1195     0.0193     0.045     0.000     0.0000     0.0193     0.0205     0.1050     0.0919     0.0918     0.0263
1216.1730     0.0993     0.043     0.000     0.0000     0.0993     0.1896     0.1050     0.1156     0.0918     0.0176
1216.2263     0.2991     0.045     0.000     0.0000     0.2991     0.1896     0.1050     0.1156     0.0918     0.0176
1216.2797     0.1904     0.036     0.000     0.0000     0.1904     0.1896     0.1050     0.1156     0.0918     0.0176
1216.3330     0.2157     0.037     0.000     0.0000     0.2157     0.1896     0.1050     0.1156     0.0918     0.0176
1216.3865     0.1434     0.034     0.000     0.0000     0.1434     0.1896     0.1050     0.1156     0.0918     0.0176
1216.4398     0.1206     0.032     0.000     0.0000     0.1206     0.0805     0.0785     0.1156     0.0918     0.0135
1216.4932     0.0937     0.031     0.000     0.0000     0.0937     0.0805     0.0785     0.1156     0.0918     0.0135
1216.5465     0.0676     0.030     0.000     0.0000     0.0676     0.0805     0.0785     0.1156     0.0918     0.0135
1216.5999     0.0649     0.030     0.000     0.0000     0.0649     0.0805     0.0785     0.1156     0.0918     0.0135
1216.6532     0.0558     0.028     0.000     0.0000     0.0558     0.0805     0.0785     0.1156     0.0918     0.0135
1216.7065     0.0585     0.027     0.000     0.0000     0.0585     0.0766     0.0785     0.1156     0.0918     0.0130
1216.7599     0.0600     0.028     0.000     0.0000     0.0600     0.0766     0.0785     0.1156     0.0918     0.0130
1216.8134     0.1155     0.032     0.000     0.0000     0.1155     0.0766     0.0785     0.1156     0.0918     0.0130
1216.8667     0.1055     0.030     0.000     0.0000     0.1055     0.0766     0.0785     0.1156     0.0918     0.0130
1216.9200     0.0434     0.028     0.000     0.0000     0.0434     0.0766     0.0785     0.1156     0.0918     0.0130
1216.9734     0.0314     0.026     0.000     0.0000     0.0314     0.0491     0.0823     0.0628     0.0485     0.0120
1217.0267     0.0223     0.025     0.000     0.0000     0.0223     0.0491     0.0823     0.0628     0.0485     0.0120
1217.0802     0.0613     0.028     0.000     0.0000     0.0613     0.0491     0.0823     0.0628     0.0485     0.0120
1217.1335     0.0587     0.027     0.000     0.0000     0.0587     0.0491     0.0823     0.0628     0.0485     0.0120
1217.1869     0.0718     0.029     0.000     0.0000     0.0718     0.0491     0.0823     0.0628     0.0485     0.0120
1217.2402     0.3392     0.043     0.000     0.0000     0.3392     0.1155     0.0823     0.0628     0.0485     0.0140
1217.2936     0.1096     0.031     0.000     0.0000     0.1096     0.1155     0.0823     0.0628     0.0485     0.0140
1217.3470     0.0522     0.027     0.000     0.0000     0.0522     0.1155     0.0823     0.0628     0.0485     0.0140
1217.4004    -0.0003     0.023     0.000     0.0000    -0.0003     0.1155     0.0823     0.0628     0.0485     0.0140
1217.4537     0.0771     0.029     0.000     0.0000     0.0771     0.1155     0.0823     0.0628     0.0485     0.0140
1217.5071     0.0308     0.025     0.000     0.0000     0.0308     0.0237     0.0147     0.0628     0.0485     0.0110
1217.5604     0.0012     0.023     0.000     0.0000     0.0012     0.0237     0.0147     0.0628     0.0485     0.0110
1217.6139     0.0374     0.026     0.000     0.0000     0.0374     0.0237     0.0147     0.0628     0.0485     0.0110
1217.6672     0.0111     0.024     0.000     0.0000     0.0111     0.0237     0.0147     0.0628     0.0485     0.0110
1217.7206     0.0381     0.026     0.000     0.0000     0.0381     0.0237     0.0147     0.0628     0.0485     0.0110
1217.7739     0.0254     0.025     0.000     0.0000     0.0254     0.0057     0.0147     0.0210     0.0485     0.0108
1217.8274    -0.0062     0.022     0.000     0.0000    -0.0062     0.0057     0.0147     0.0210     0.0485     0.0108
1217.8809     0.0334     0.028     0.000     0.0000     0.0334     0.0057     0.0147     0.0210     0.0485     0.0108
1217.9342    -0.0169     0.023     0.000     0.0000    -0.0169     0.0057     0.0147     0.0210     0.0485     0.0108
1217.9875    -0.0072     0.023     0.000     0.0000    -0.0072     0.0057     0.0147     0.0210     0.0485     0.0108
1218.0409    -0.0165     0.021     0.000     0.0000    -0.0165     0.0156     0.0287     0.0210     0.0502     0.0106
1218.0942     0.0022     0.023     0.000     0.0000     0.0022     0.0156     0.0287     0.0210     0.0502     0.0106
1218.1476     0.0300     0.024     0.000     0.0000     0.0300     0.0156     0.0287     0.0210     0.0502     0.0106
1218.2009     0.0631     0.028     0.000     0.0000     0.0631     0.0156     0.0287     0.0210     0.0502     0.0106
1218.2544    -0.0007     0.023     0.000     0.0000    -0.0007     0.0156     0.0287     0.0210     0.0502     0.0106
1218.3077     0.0531     0.027     0.000     0.0000     0.0531     0.0418     0.0287     0.0210     0.0502     0.0115
1218.3611     0.0391     0.025     0.000     0.0000     0.0391     0.0418     0.0287     0.0210     0.0502     0.0115
1218.4144     0.0136     0.023     0.000     0.0000     0.0136     0.0418     0.0287     0.0210     0.0502     0.0115
1218.4678     0.0580     0.027     0.000     0.0000     0.0580     0.0418     0.0287     0.0210     0.0502     0.0115
1218.5211     0.0450     0.026     0.000     0.0000     0.0450     0.0418     0.0287     0.0210     0.0502     0.0115
1218.5745     0.0463     0.026     0.000     0.0000     0.0463     0.0708     0.0717     0.0749     0.0502     0.0123
1218.6279     0.0649     0.027     0.000    -0.0000     0.0649     0.0708     0.0717     0.0749     0.0502     0.0123
1218.6813     0.0949     0.029     0.000     0.0000     0.0949     0.0708     0.0717     0.0749     0.0502     0.0123
1218.7346     0.0996     0.029     0.000     0.0000     0.0996     0.0708     0.0717     0.0749     0.0502     0.0123
1218.7880     0.0485     0.026     0.000    -0.0000     0.0485     0.0708     0.0717     0.0749     0.0502     0.0123
1218.8413     0.0202     0.024     0.000    -0.0000     0.0202     0.0725     0.0717     0.0749     0.0502     0.0123
1218.8945     0.1296     0.032     0.000    -0.0000     0.1296     0.0725     0.0717     0.0749     0.0502     0.0123
1218.9479     0.0927     0.029     0.000     0.0000     0.0927     0.0725     0.0717     0.0749     0.0502     0.0123
1219.0012     0.0712     0.027     0.000     0.0000     0.0712     0.0725     0.0717     0.0749     0.0502     0.0123
1219.0547     0.0491     0.025     0.000     0.0000     0.0491     0.0725     0.0717     0.0749     0.0502     0.0123
1219.1080     0.0785     0.028     0.000     0.0000     0.0785     0.0812     0.0801     0.0749     0.0853     0.0126
1219.1614     0.0786     0.028     0.000     0.0000     0.0786     0.0812     0.0801     0.0749     0.0853     0.0126
1219.2147     0.0388     0.026     0.000     0.0000     0.0388     0.0812     0.0801     0.0749     0.0853     0.0126
1219.2681     0.1174     0.031     0.000     0.0000     0.1174     0.0812     0.0801     0.0749     0.0853     0.0126
1219.3214     0.0927     0.028     0.000     0.0000     0.0927     0.0812     0.0801     0.0749     0.0853     0.0126
1219.3748     0.0598     0.026     0.000     0.0000     0.0598     0.0791     0.0801     0.0866     0.0853     0.0123
1219.4281     0.0929     0.028     0.000     0.0000     0.0929     0.0791     0.0801     0.0866     0.0853     0.0123
1219.4814     0.0685     0.027     0.000     0.0000     0.0685     0.0791     0.0801     0.0866     0.0853     0.0123
1219.5348     0.0885     0.028     0.000     0.0000     0.0885     0.0791     0.0801     0.0866     0.0853     0.0123
1219.5881     0.0855     0.028     0.000     0.0000     0.0855     0.0791     0.0801     0.0866     0.0853     0.0123
1219.6415     0.0829     0.028     0.000     0.0000     0.0829     0.0958     0.0904     0.0866     0.0853     0.0129
1219.6949     0.0857     0.028     0.000     0.0000     0.0857     0.0958     0.0904     0.0866     0.0853     0.0129
1219.7483     0.1112     0.029     0.000     0.0000     0.1112     0.0958     0.0904     0.0866     0.0853     0.0129
1219.8016     0.0985     0.029     0.000     0.0000     0.0985     0.0958     0.0904     0.0866     0.0853     0.0129
1219.8550     0.1005     0.029     0.000     0.0000     0.1005     0.0958     0.0904     0.0866     0.0853     0.0129
1219.9083     0.0885     0.028     0.000     0.0000     0.0885     0.0851     0.0904     0.0866     0.0853     0.0123
1219.9617     0.0584     0.026     0.000     0.0000     0.0584     0.0851     0.0904     0.0866     0.0853     0.0123
1220.0150     0.1188     0.030     0.000     0.0000     0.1188     0.0851     0.0904     0.0866     0.0853     0.0123
1220.0684     0.0852     0.027     0.000     0.0000     0.0852     0.0851     0.0904     0.0866     0.0853     0.0123
1220.1217     0.0745     0.027     0.000     0.0000     0.0745     0.0851     0.0904     0.0866     0.0853     0.0123
1220.1750     0.1575     0.033     0.000     0.0000     0.1575     0.1015     0.1005     0.1052     0.1101     0.0130
1220.2284     0.1244     0.030     0.000     0.0000     0.1244     0.1015     0.1005     0.1052     0.1101     0.0130
1220.2819     0.0942     0.028     0.000     0.0000     0.0942     0.1015     0.1005     0.1052     0.1101     0.0130
1220.3352     0.0746     0.028     0.000     0.0000     0.0746     0.1015     0.1005     0.1052     0.1101     0.0130
1220.3885     0.0569     0.026     0.000     0.0000     0.0569     0.1015     0.1005     0.1052     0.1101     0.0130
1220.4419     0.1037     0.029     0.000     0.0000     0.1037     0.0994     0.1005     0.1052     0.1101     0.0127
1220.4952     0.1050     0.028     0.000     0.0000     0.1050     0.0994     0.1005     0.1052     0.1101     0.0127
1220.5486     0.1323     0.031     0.000     0.0000     0.1323     0.0994     0.1005     0.1052     0.1101     0.0127
1220.6019     0.0865     0.028     0.000     0.0000     0.0865     0.0994     0.1005     0.1052     0.1101     0.0127
1220.6553     0.0696     0.026     0.000     0.0000     0.0696     0.0994     0.1005     0.1052     0.1101     0.0127
1220.7086     0.1209     0.030     0.000     0.0000     0.1209     0.1148     0.1197     0.1052     0.1101     0.0134
1220.7620     0.0948     0.028     0.000     0.0000     0.0948     0.1148     0.1197     0.1052     0.1101     0.0134
1220.8153     0.1489     0.031     0.000     0.0000     0.1489     0.1148     0.1197     0.1052     0.1101     0.0134
1220.8687     0.0912     0.028     0.000     0.0000     0.0912     0.1148     0.1197     0.1052     0.1101     0.0134
1220.9220     0.1181     0.033     0.000     0.0000     0.1181     0.1148     0.1197     0.1052     0.1101     0.0134
1220.9753     0.2723     0.038     0.000     0.0000     0.2723     0.1247     0.1197     0.0960     0.1101     0.0134
1221.0287     0.0786     0.026     0.000     0.0000     0.0786     0.1247     0.1197     0.0960     0.1101     0.0134
1221.0820     0.0883     0.027     0.000     0.0000     0.0883     0.1247     0.1197     0.0960     0.1101     0.0134
1221.1354     0.1015     0.028     0.000     0.0000     0.1015     0.1247     0.1197     0.0960     0.1101     0.0134
1221.1887     0.0828     0.029     0.000     0.0000     0.0828     0.1247     0.1197     0.0960     0.1101     0.0134
1221.2419     0.0578     0.025     0.000     0.0000     0.0578     0.0653     0.0816     0.0960     0.0823     0.0114
1221.2953     0.1200     0.029     0.000     0.0000     0.1200     0.0653     0.0816     0.0960     0.0823     0.0114
1221.3486     0.0508     0.024     0.000     0.0000     0.0508     0.0653     0.0816     0.0960     0.0823     0.0114
1221.4020     0.0503     0.024     0.000     0.0000     0.0503     0.0653     0.0816     0.0960     0.0823     0.0114
1221.4553     0.0478     0.024     0.000     0.0000     0.0478     0.0653     0.0816     0.0960     0.0823     0.0114
1221.5087     0.1179     0.029     0.000     0.0000     0.1179     0.0979     0.0816     0.0960     0.0823     0.0123
1221.5620     0.1002     0.028     0.000     0.0000     0.1002     0.0979     0.0816     0.0960     0.0823     0.0123
1221.6154     0.0940     0.027     0.000     0.0000     0.0940     0.0979     0.0816     0.0960     0.0823     0.0123
1221.6687     0.0793     0.026     0.000     0.0000     0.0793     0.0979     0.0816     0.0960     0.0823     0.0123
1221.7220     0.0981     0.027     0.000     0.0000     0.0981     0.0979     0.0816     0.0960     0.0823     0.0123
1221.7754     0.0806     0.026     0.000     0.0000     0.0806     0.0821     0.0829     0.0914     0.0823     0.0119
1221.8287     0.0940     0.027     0.000     0.0000     0.0940     0.0821     0.0829     0.0914     0.0823     0.0119
1221.8821     0.0857     0.026     0.000     0.0000     0.0857     0.0821     0.0829     0.0914     0.0823     0.0119
1221.9354     0.0821     0.027     0.000     0.0000     0.0821     0.0821     0.0829     0.0914     0.0823     0.0119
1221.9888     0.0678     0.026     0.000     0.0000     0.0678     0.0821     0.0829     0.0914     0.0823     0.0119
1222.0421     0.1087     0.028     0.000     0.0000     0.1087     0.0838     0.0829     0.0914     0.0823     0.0121
1222.0955     0.0901     0.027     0.000     0.0000     0.0901     0.0838     0.0829     0.0914     0.0823     0.0121
1222.1488     0.1475     0.030     0.000     0.0000     0.1475     0.0838     0.0829     0.0914     0.0823     0.0121
1222.2021     0.0869     0.026     0.000     0.0000     0.0869     0.0838     0.0829     0.0914     0.0823     0.0121
1222.2555    -0.0141     0.023     0.000     0.0000    -0.0141     0.0838     0.0829     0.0914     0.0823     0.0121
1222.3088     0.1545     0.032     0.000     0.0000     0.1545     0.1083     0.0993     0.0914     0.0900     0.0125
1222.3622     0.1225     0.029     0.000     0.0000     0.1225     0.1083     0.0993     0.0914     0.0900     0.0125
1222.4155     0.0681     0.025     0.000     0.0000     0.0681     0.1083     0.0993     0.0914     0.0900     0.0125
1222.4688     0.1128     0.028     0.000     0.0000     0.1128     0.1083     0.0993     0.0914     0.0900     0.0125
1222.5221     0.0835     0.026     0.000     0.0000     0.0835     0.1083     0.0993     0.0914     0.0900     0.0125
1222.5754     0.0897     0.026     0.000    -0.0000     0.0897     0.0903     0.0993     0.0840     0.0900     0.0118
1222.6288     0.0703     0.025     0.000     0.0000     0.0703     0.0903     0.0993     0.0840     0.0900     0.0118
1222.6821     0.1292     0.029     0.000     0.0000     0.1292     0.0903     0.0993     0.0840     0.0900     0.0118
1222.7356     0.0880     0.026     0.000     0.0000     0.0880     0.0903     0.0993     0.0840     0.0900     0.0118
1222.7889     0.0743     0.025     0.000     0.0000     0.0743     0.0903     0.0993     0.0840     0.0900     0.0118
1222.8423     0.0845     0.026     0.000     0.0000     0.0845     0.0837     0.0808     0.0840     0.0900     0.0115
1222.8956     0.0983     0.027     0.000     0.0000     0.0983     0.0837     0.0808     0.0840     0.0900     0.0115
1222.9490     0.0729     0.025     0.000     0.0000     0.0729     0.0837     0.0808     0.0840     0.0900     0.0115
1223.0023     0.0406     0.022     0.000     0.0000     0.0406     0.0837     0.0808     0.0840     0.0900     0.0115
1223.0555     0.1223     0.028     0.000     0.0000     0.1223     0.0837     0.0808     0.0840     0.0900     0.0115
1223.1089     0.1027     0.027     0.000     0.0000     0.1027     0.0779     0.0808     0.0840     0.0900     0.0113
1223.1622     0.0875     0.026     0.000     0.0000     0.0875     0.0779     0.0808     0.0840     0.0900     0.0113
1223.2156     0.0774     0.025     0.000     0.0000     0.0774     0.0779     0.0808     0.0840     0.0900     0.0113
1223.2689     0.0533     0.023     0.000     0.0000     0.0533     0.0779     0.0808     0.0840     0.0900     0.0113
1223.3223     0.0684     0.024     0.000     0.0000     0.0684     0.0779     0.0808     0.0840     0.0900     0.0113
1223.3756     0.1223     0.028     0.000     0.0000     0.1223     0.0804     0.0727     0.0606     0.0558     0.0113
1223.4290     0.0985     0.027     0.000     0.0000     0.0985     0.0804     0.0727     0.0606     0.0558     0.0113
1223.4823     0.0731     0.025     0.000     0.0000     0.0731     0.0804     0.0727     0.0606     0.0558     0.0113
1223.5354     0.0540     0.023     0.000     0.0000     0.0540     0.0804     0.0727     0.0606     0.0558     0.0113
1223.5887     0.0541     0.023     0.000     0.0000     0.0541     0.0804     0.0727     0.0606     0.0558     0.0113
1223.6421     0.0182     0.020     0.000     0.0000     0.0182     0.0650     0.0727     0.0606     0.0558     0.0107
1223.6954     0.0680     0.024     0.000     0.0000     0.0680     0.0650     0.0727     0.0606     0.0558     0.0107
1223.7488     0.0854     0.026     0.000     0.0000     0.0854     0.0650     0.0727     0.0606     0.0558     0.0107
1223.8021     0.0740     0.025     0.000    -0.0000     0.0740     0.0650     0.0727     0.0606     0.0558     0.0107
1223.8555     0.0795     0.025     0.000     0.0000     0.0795     0.0650     0.0727     0.0606     0.0558     0.0107
1223.9087     0.0422     0.022     0.000     0.0000     0.0422     0.0363     0.0390     0.0606     0.0558     0.0096
1223.9620     0.0101     0.019     0.000     0.0000     0.0101     0.0363     0.0390     0.0606     0.0558     0.0096
1224.0154     0.0204     0.021     0.000     0.0000     0.0204     0.0363     0.0390     0.0606     0.0558     0.0096
1224.0687     0.0725     0.024     0.000     0.0000     0.0725     0.0363     0.0390     0.0606     0.0558     0.0096
1224.1221     0.0363     0.021     0.000     0.0000     0.0363     0.0363     0.0390     0.0606     0.0558     0.0096
1224.1754     0.0304     0.021     0.000     0.0000     0.0304     0.0416     0.0390     0.0313     0.0558     0.0097
1224.2286     0.0460     0.022     0.000     0.0000     0.0460     0.0416     0.0390     0.0313     0.0558     0.0097
1224.2820     0.0719     0.024     0.000     0.0000     0.0719     0.0416     0.0390     0.0313     0.0558     0.0097
1224.3353     0.0366     0.022     0.000     0.0000     0.0366     0.0416     0.0390     0.0313     0.0558     0.0097
1224.3887     0.0231     0.020     0.000     0.0000     0.0231     0.0416     0.0390     0.0313     0.0558     0.0097
1224.4420     0.0083     0.018     0.000     0.0000     0.0083     0.0178     0.0261     0.0313     0.0115     0.0089
1224.4954     0.0016     0.019     0.000     0.0000     0.0016     0.0178     0.0261     0.0313     0.0115     0.0089
1224.5486     0.0059     0.019     0.000     0.0000     0.0059     0.0178     0.0261     0.0313     0.0115     0.0089
1224.6019     0.0274     0.021     0.000     0.0000     0.0274     0.0178     0.0261     0.0313     0.0115     0.0089
1224.6553     0.0459     0.023     0.000     0.0000     0.0459     0.0178     0.0261     0.0313     0.0115     0.0089
1224.7086     0.0418     0.022     0.000     0.0000     0.0418     0.0343     0.0261     0.0313     0.0115     0.0093
1224.7620     0.0298     0.020     0.000     0.0000     0.0298     0.0343     0.0261     0.0313     0.0115     0.0093
1224.8152     0.0090     0.018     0.000     0.0000     0.0090     0.0343     0.0261     0.0313     0.0115     0.0093
1224.8685     0.0512     0.022     0.000     0.0000     0.0512     0.0343     0.0261     0.0313     0.0115     0.0093
1224.9219     0.0399     0.021     0.000     0.0000     0.0399     0.0343     0.0261     0.0313     0.0115     0.0093
1224.9752    -0.0167     0.016    -0.000     0.0000    -0.0167     0.0047    -0.0030    -0.0063     0.0115     0.0085
1225.0286     0.0095     0.019     0.000     0.0000     0.0095     0.0047    -0.0030    -0.0063     0.0115     0.0085
1225.0818     0.0076     0.018     0.000     0.0000     0.0076     0.0047    -0.0030    -0.0063     0.0115     0.0085
1225.1351     0.0310     0.023     0.000     0.0000     0.0310     0.0047    -0.0030    -0.0063     0.0115     0.0085
1225.1886    -0.0076     0.018    -0.000     0.0000    -0.0076     0.0047    -0.0030    -0.0063     0.0115     0.0085
1225.2419    -0.0184     0.015    -0.000     0.0000    -0.0184    -0.0107    -0.0030    -0.0063     0.0115     0.0072
1225.2953    -0.0086     0.016    -0.000     0.0000    -0.0086    -0.0107    -0.0030    -0.0063     0.0115     0.0072
1225.3485     0.0057     0.018     0.000     0.0000     0.0057    -0.0107    -0.0030    -0.0063     0.0115     0.0072
1225.4019    -0.0116     0.016    -0.000     0.0000    -0.0116    -0.0107    -0.0030    -0.0063     0.0115     0.0072
1225.4552    -0.0206     0.015    -0.000     0.0000    -0.0206    -0.0107    -0.0030    -0.0063     0.0115     0.0072
1225.5085     0.0081     0.018     0.000     0.0000     0.0081    -0.0131    -0.0163    -0.0063    -0.0166     0.0070
1225.5618    -0.0091     0.016    -0.000     0.0000    -0.0091    -0.0131    -0.0163    -0.0063    -0.0166     0.0070
1225.6151    -0.0350     0.013    -0.000     0.0000    -0.0350    -0.0131    -0.0163    -0.0063    -0.0166     0.0070
1225.6685    -0.0103     0.016    -0.000     0.0000    -0.0103    -0.0131    -0.0163    -0.0063    -0.0166     0.0070
1225.7218    -0.0189     0.015    -0.000     0.0000    -0.0189    -0.0131    -0.0163    -0.0063    -0.0166     0.0070
1225.7750    -0.0061     0.016    -0.000     0.0000    -0.0061    -0.0196    -0.0163    -0.0178    -0.0166     0.0065
1225.8282    -0.0144     0.015    -0.000     0.0000    -0.0144    -0.0196    -0.0163    -0.0178    -0.0166     0.0065
1225.8816    -0.0319     0.013    -0.000     0.0000    -0.0319    -0.0196    -0.0163    -0.0178    -0.0166     0.0065
1225.9349    -0.0133     0.015    -0.000     0.0000    -0.0133    -0.0196    -0.0163    -0.0178    -0.0166     0.0065
1225.9882    -0.0323     0.013    -0.000     0.0000    -0.0323    -0.0196    -0.0163    -0.0178    -0.0166     0.0065
1226.0415    -0.0367     0.012    -0.000     0.0000    -0.0367    -0.0247    -0.0168    -0.0178    -0.0166     0.0062
1226.0948    -0.0277     0.014    -0.000     0.0000    -0.0277    -0.0247    -0.0168    -0.0178    -0.0166     0.0062
1226.1482    -0.0215     0.014    -0.000     0.0000    -0.0215    -0.0247    -0.0168    -0.0178    -0.0166     0.0062
1226.2014    -0.0157     0.015    -0.000     0.0000    -0.0157    -0.0247    -0.0168    -0.0178    -0.0166     0.0062
1226.2548    -0.0217     0.014    -0.000     0.0000    -0.0217    -0.0247    -0.0168    -0.0178    -0.0166     0.0062
1226.3081    -0.0115     0.015    -0.000     0.0000    -0.0115    -0.0090    -0.0168    -0.0178    -0.0166     0.0069
1226.3613    -0.0137     0.015    -0.000     0.0000    -0.0137    -0.0090    -0.0168    -0.0178    -0.0166     0.0069
1226.4147    -0.0142     0.015    -0.000     0.0000    -0.0142    -0.0090    -0.0168    -0.0178    -0.0166     0.0069
1226.4680    -0.0284     0.013    -0.000     0.0000    -0.0284    -0.0090    -0.0168    -0.0178    -0.0166     0.0069
1226.5214     0.0226     0.019     0.000     0.0000     0.0226    -0.0090    -0.0168    -0.0178    -0.0166     0.0069
1226.5746     0.0174     0.018     0.000     0.0000     0.0174    -0.0143    -0.0150    -0.0166    -0.0138     0.0065
1226.6279    -0.0016     0.016    -0.000     0.0000    -0.0016    -0.0143    -0.0150    -0.0166    -0.0138     0.0065
1226.6813    -0.0185     0.014    -0.000     0.0000    -0.0185    -0.0143    -0.0150    -0.0166    -0.0138     0.0065
1226.7345    -0.0389     0.011    -0.000     0.0000    -0.0389    -0.0143    -0.0150    -0.0166    -0.0138     0.0065
1226.7878    -0.0300     0.013    -0.000     0.0000    -0.0300    -0.0143    -0.0150    -0.0166    -0.0138     0.0065
1226.8412    -0.0304     0.013    -0.000    -0.0000    -0.0304    -0.0157    -0.0150    -0.0166    -0.0138     0.0064
1226.8945    -0.0068     0.015    -0.000     0.0000    -0.0068    -0.0157    -0.0150    -0.0166    -0.0138     0.0064
1226.9478    -0.0286     0.012    -0.000     0.0000    -0.0286    -0.0157    -0.0150    -0.0166    -0.0138     0.0064
1227.0011    -0.0060     0.015    -0.000     0.0000    -0.0060    -0.0157    -0.0150    -0.0166    -0.0138     0.0064
1227.0544    -0.0067     0.015    -0.000     0.0000    -0.0067    -0.0157    -0.0150    -0.0166    -0.0138     0.0064
1227.1077    -0.0045     0.016    -0.000     0.0000    -0.0045    -0.0198    -0.0125    -0.0166    -0.0138     0.0064
1227.1610    -0.0577     0.012    -0.000     0.0000    -0.0577    -0.0198    -0.0125    -0.0166    -0.0138     0.0064
1227.2144    -0.0140     0.014    -0.000     0.0000    -0.0140    -0.0198    -0.0125    -0.0166    -0.0138     0.0064
1227.2676    -0.0135     0.014    -0.000     0.0000    -0.0135    -0.0198    -0.0125    -0.0166    -0.0138     0.0064
1227.3209    -0.0091     0.015    -0.000     0.0000    -0.0091    -0.0198    -0.0125    -0.0166    -0.0138     0.0064
1227.3743    -0.0080     0.015    -0.000     0.0000    -0.0080    -0.0052    -0.0125    -0.0114    -0.0138     0.0069
1227.4275    -0.0024     0.016    -0.000     0.0000    -0.0024    -0.0052    -0.0125    -0.0114    -0.0138     0.0069
1227.4808    -0.0057     0.015    -0.000     0.0000    -0.0057    -0.0052    -0.0125    -0.0114    -0.0138     0.0069
1227.5342     0.0029     0.016     0.000     0.0000     0.0029    -0.0052    -0.0125    -0.0114    -0.0138     0.0069
1227.5875    -0.0131     0.014    -0.000     0.0000    -0.0131    -0.0052    -0.0125    -0.0114    -0.0138     0.0069
1227.6409    -0.0331     0.011    -0.000     0.0000    -0.0331    -0.0210    -0.0145    -0.0114    -0.0124     0.0058
1227.6942    -0.0267     0.012    -0.000     0.0000    -0.0267    -0.0210    -0.0145    -0.0114    -0.0124     0.0058
1227.7474    -0.0256     0.012    -0.000     0.0000    -0.0256    -0.0210    -0.0145    -0.0114    -0.0124     0.0058
1227.8008    -0.0028     0.015    -0.000     0.0000    -0.0028    -0.0210    -0.0145    -0.0114    -0.0124     0.0058
1227.8541    -0.0167     0.013    -0.000    -0.0000    -0.0167    -0.0210    -0.0145    -0.0114    -0.0124     0.0058
1227.9073    -0.0035     0.015    -0.000     0.0000    -0.0035    -0.0079    -0.0145    -0.0114    -0.0124     0.0065
1227.9607    -0.0094     0.014    -0.000    -0.0000    -0.0094    -0.0079    -0.0145    -0.0114    -0.0124     0.0065
1228.0139     0.0029     0.016     0.000     0.0000     0.0029    -0.0079    -0.0145    -0.0114    -0.0124     0.0065
1228.0673    -0.0208     0.013    -0.000    -0.0000    -0.0208    -0.0079    -0.0145    -0.0114    -0.0124     0.0065
1228.1205    -0.0090     0.014    -0.000     0.0000    -0.0090    -0.0079    -0.0145    -0.0114    -0.0124     0.0065
1228.1737    -0.0145     0.013    -0.000     0.0000    -0.0145    -0.0119    -0.0103    -0.0132    -0.0124     0.0061
1228.2271    -0.0003     0.015    -0.000     0.0000    -0.0003    -0.0119    -0.0103    -0.0132    -0.0124     0.0061
1228.2804    -0.0055     0.014    -0.000     0.0000    -0.0055    -0.0119    -0.0103    -0.0132    -0.0124     0.0061
1228.3336    -0.0177     0.013    -0.000     0.0000    -0.0177    -0.0119    -0.0103    -0.0132    -0.0124     0.0061
1228.3870    -0.0213     0.012    -0.000    -0.0000    -0.0213    -0.0119    -0.0103    -0.0132    -0.0124     0.0061
1228.4402    -0.0259     0.012    -0.000    -0.0000    -0.0259    -0.0088    -0.0103    -0.0132    -0.0124     0.0062
1228.4935     0.0035     0.015     0.000     0.0000     0.0035    -0.0088    -0.0103    -0.0132    -0.0124     0.0062
1228.5469    -0.0113     0.013    -0.000     0.0000    -0.0113    -0.0088    -0.0103    -0.0132    -0.0124     0.0062
1228.6001     0.0031     0.015     0.000    -0.0000     0.0031    -0.0088    -0.0103    -0.0132    -0.0124     0.0062
1228.6534    -0.0133     0.013    -0.000    -0.0000    -0.0133    -0.0088    -0.0103    -0.0132    -0.0124     0.0062
1228.7067    -0.0108     0.013    -0.000     0.0000    -0.0108    -0.0189    -0.0117    -0.0132     0.0000     0.0057
1228.7600    -0.0281     0.012    -0.000     0.0000    -0.0281    -0.0189    -0.0117    -0.0132     0.0000     0.0057
1228.8134    -0.0227     0.012    -0.000     0.0000    -0.0227    -0.0189    -0.0117    -0.0132     0.0000     0.0057
1228.8666    -0.0026     0.015    -0.000     0.0000    -0.0026    -0.0189    -0.0117    -0.0132     0.0000     0.0057
1228.9199    -0.0305     0.011    -0.000     0.0000    -0.0305    -0.0189    -0.0117    -0.0132     0.0000     0.0057
1228.9731    -0.0221     0.012    -0.000     0.0000    -0.0221    -0.0044    -0.0117     0.0063     0.0000     0.0063
1229.0265     0.0212     0.017     0.000     0.0000     0.0212    -0.0044    -0.0117     0.0063     0.0000     0.0063
1229.0798     0.0133     0.016     0.000     0.0000     0.0133    -0.0044    -0.0117     0.0063     0.0000     0.0063
1229.1331    -0.0210     0.012    -0.000     0.0000    -0.0210    -0.0044    -0.0117     0.0063     0.0000     0.0063
1229.1864    -0.0132     0.014    -0.000     0.0000    -0.0132    -0.0044    -0.0117     0.0063     0.0000     0.0063
1229.2396    -0.0063     0.014    -0.000     0.0000    -0.0063    -0.0009     0.0117     0.0063     0.0000     0.0064
1229.2930    -0.0060     0.014    -0.000     0.0000    -0.0060    -0.0009     0.0117     0.0063     0.0000     0.0064
1229.3462     0.0055     0.015     0.000     0.0000     0.0055    -0.0009     0.0117     0.0063     0.0000     0.0064
1229.3995     0.0106     0.015     0.000     0.0000     0.0106    -0.0009     0.0117     0.0063     0.0000     0.0064
1229.4528    -0.0081     0.013    -0.000     0.0000    -0.0081    -0.0009     0.0117     0.0063     0.0000     0.0064
1229.5061     0.0100     0.016     0.000     0.0000     0.0100     0.0242     0.0117     0.0063     0.0000     0.0075
1229.5594     0.0163     0.016     0.000     0.0000     0.0163     0.0242     0.0117     0.0063     0.0000     0.0075
1229.6127     0.0276     0.017     0.000     0.0000     0.0276     0.0242     0.0117     0.0063     0.0000     0.0075
1229.6660     0.0181     0.016     0.000     0.0000     0.0181     0.0242     0.0117     0.0063     0.0000     0.0075
1229.7192     0.0490     0.019     0.000     0.0000     0.0490     0.0242     0.0117     0.0063     0.0000     0.0075
1229.7726     0.0370     0.018     0.000     0.0000     0.0370     0.0327     0.0421     0.0463     0.0445     0.0078
1229.8258     0.0228     0.016     0.000     0.0000     0.0228     0.0327     0.0421     0.0463     0.0445     0.0078
1229.8792     0.0549     0.019     0.000     0.0000     0.0549     0.0327     0.0421     0.0463     0.0445     0.0078
1229.9324     0.0279     0.017     0.000     0.0000     0.0279     0.0327     0.0421     0.0463     0.0445     0.0078
1229.9857     0.0207     0.016     0.000    -0.0000     0.0207     0.0327     0.0421     0.0463     0.0445     0.0078
1230.0391     0.0330     0.017     0.000     0.0000     0.0330     0.0515     0.0421     0.0463     0.0445     0.0085
1230.0924     0.0268     0.017     0.000     0.0000     0.0268     0.0515     0.0421     0.0463     0.0445     0.0085
1230.1456     0.0707     0.020     0.000     0.0000     0.0707     0.0515     0.0421     0.0463     0.0445     0.0085
1230.1990     0.0740     0.021     0.000     0.0000     0.0740     0.0515     0.0421     0.0463     0.0445     0.0085
1230.2523     0.0529     0.019     0.000     0.0000     0.0529     0.0515     0.0421     0.0463     0.0445     0.0085
1230.3055     0.0681     0.020     0.000     0.0000     0.0681     0.0548     0.0468     0.0463     0.0445     0.0085
1230.3589     0.0752     0.021     0.000     0.0000     0.0752     0.0548     0.0468     0.0463     0.0445     0.0085
1230.4121     0.0329     0.017     0.000    -0.0000     0.0329     0.0548     0.0468     0.0463     0.0445     0.0085
1230.4653     0.0557     0.019     0.000     0.0000     0.0557     0.0548     0.0468     0.0463     0.0445     0.0085
1230.5186     0.0421     0.018     0.000    -0.0000     0.0421     0.0548     0.0468     0.0463     0.0445     0.0085
1230.5719     0.0385     0.018     0.000    -0.0000     0.0385     0.0389     0.0468     0.0752     0.0445     0.0080
1230.6251     0.0202     0.016     0.000    -0.0000     0.0202     0.0389     0.0468     0.0752     0.0445     0.0080
1230.6785     0.0290     0.018     0.000     0.0000     0.0290     0.0389     0.0468     0.0752     0.0445     0.0080
1230.7317     0.0608     0.020     0.000     0.0000     0.0608     0.0389     0.0468     0.0752     0.0445     0.0080
1230.7850     0.0460     0.018     0.000     0.0000     0.0460     0.0389     0.0468     0.0752     0.0445     0.0080
1230.8383     0.0379     0.017     0.000    -0.0000     0.0379     0.0758     0.0934     0.0752     0.0968     0.0092
1230.8915     0.0643     0.020     0.000     0.0000     0.0643     0.0758     0.0934     0.0752     0.0968     0.0092
1230.9448     0.0848     0.021     0.000     0.0000     0.0848     0.0758     0.0934     0.0752     0.0968     0.0092
1230.9980     0.0819     0.022     0.000     0.0000     0.0819     0.0758     0.0934     0.0752     0.0968     0.0092
1231.0514     0.1100     0.023     0.000     0.0000     0.1100     0.0758     0.0934     0.0752     0.0968     0.0092
1231.1046     0.0859     0.021     0.000     0.0000     0.0859     0.1110     0.0934     0.0752     0.0968     0.0103
1231.1580     0.0928     0.022     0.000     0.0000     0.0928     0.1110     0.0934     0.0752     0.0968     0.0103
1231.2112     0.1092     0.023     0.000     0.0000     0.1092     0.1110     0.0934     0.0752     0.0968     0.0103
1231.2645     0.1123     0.023     0.000     0.0000     0.1123     0.1110     0.0934     0.0752     0.0968     0.0103
1231.3177     0.1548     0.026     0.000     0.0000     0.1548     0.1110     0.0934     0.0752     0.0968     0.0103
1231.3711     0.1577     0.026     0.000     0.0000     0.1577     0.1034     0.1002     0.0919     0.0968     0.0100
1231.4243     0.0850     0.021     0.000     0.0000     0.0850     0.1034     0.1002     0.0919     0.0968     0.0100
1231.4777     0.0907     0.021     0.000     0.0000     0.0907     0.1034     0.1002     0.0919     0.0968     0.0100
1231.5309     0.0970     0.022     0.000     0.0000     0.0970     0.1034     0.1002     0.0919     0.0968     0.0100
1231.5841     0.0865     0.021     0.000     0.0000     0.0865     0.1034     0.1002     0.0919     0.0968     0.0100
1231.6375     0.0798     0.020     0.000     0.0000     0.0798     0.0971     0.1002     0.0919     0.0968     0.0097
1231.6907     0.0934     0.021     0.000     0.0000     0.0934     0.0971     0.1002     0.0919     0.0968     0.0097
1231.7440     0.0961     0.022     0.000     0.0000     0.0961     0.0971     0.1002     0.0919     0.0968     0.0097
1231.7972     0.0932     0.021     0.000     0.0000     0.0932     0.0971     0.1002     0.0919     0.0968     0.0097
1231.8506     0.1229     0.023     0.000     0.0000     0.1229     0.0971     0.1002     0.0919     0.0968     0.0097
1231.9038     0.0840     0.021     0.000     0.0000     0.0840     0.0754     0.0906     0.0919     0.0939     0.0095
1231.9572     0.0973     0.022     0.000     0.0000     0.0973     0.0754     0.0906     0.0919     0.0939     0.0095
1232.0104     0.0816     0.021     0.000     0.0000     0.0816     0.0754     0.0906     0.0919     0.0939     0.0095
1232.0636     0.0779     0.021     0.000     0.0000     0.0779     0.0754     0.0906     0.0919     0.0939     0.0095
1232.1169     0.0365     0.022     0.000     0.0000     0.0365     0.0754     0.0906     0.0919     0.0939     0.0095
1232.1702     0.0557     0.020     0.000     0.0000     0.0557     0.1057     0.0906     0.1001     0.0939     0.0100
1232.2235     0.1216     0.023     0.000     0.0000     0.1216     0.1057     0.0906     0.1001     0.0939     0.0100
1232.2767     0.1192     0.023     0.000     0.0000     0.1192     0.1057     0.0906     0.1001     0.0939     0.0100
1232.3300     0.1159     0.023     0.000     0.0000     0.1159     0.1057     0.0906     0.1001     0.0939     0.0100
1232.3833     0.1162     0.023     0.000     0.0000     0.1162     0.1057     0.0906     0.1001     0.0939     0.0100
1232.4365     0.1023     0.022     0.000     0.0000     0.1023     0.1012     0.0973     0.1001     0.0939     0.0097
1232.4900     0.1067     0.022     0.000     0.0000     0.1067     0.1012     0.0973     0.1001     0.0939     0.0097
1232.5432     0.1021     0.021     0.000     0.0000     0.1021     0.1012     0.0973     0.1001     0.0939     0.0097
1232.5964     0.0761     0.020     0.000     0.0000     0.0761     0.1012     0.0973     0.1001     0.0939     0.0097
1232.6498     0.1185     0.023     0.000     0.0000     0.1185     0.1012     0.0973     0.1001     0.0939     0.0097
1232.7030     0.1324     0.023     0.000     0.0000     0.1324     0.0934     0.0973     0.1001     0.0939     0.0093
1232.7562     0.0813     0.020     0.000     0.0000     0.0813     0.0934     0.0973     0.1001     0.0939     0.0093
1232.8094     0.0854     0.020     0.000     0.0000     0.0854     0.0934     0.0973     0.1001     0.0939     0.0093
1232.8627     0.0885     0.020     0.000     0.0000     0.0885     0.0934     0.0973     0.1001     0.0939     0.0093
1232.9160     0.0793     0.020     0.000     0.0000     0.0793     0.0934     0.0973     0.1001     0.0939     0.0093
1232.9692     0.0834     0.020     0.000     0.0000     0.0834     0.1129     0.1208     0.1301     0.1287     0.0099
1233.0225     0.0791     0.020     0.000     0.0000     0.0791     0.1129     0.1208     0.1301     0.1287     0.0099
1233.0758     0.1439     0.024     0.000     0.0000     0.1439     0.1129     0.1208     0.1301     0.1287     0.0099
1233.1290     0.1222     0.023     0.000     0.0000     0.1222     0.1129     0.1208     0.1301     0.1287     0.0099
1233.1824     0.1361     0.023     0.000     0.0000     0.1361     0.1129     0.1208     0.1301     0.1287     0.0099
1233.2356     0.1188     0.023     0.000     0.0000     0.1188     0.1287     0.1208     0.1301     0.1287     0.0104
1233.2888     0.1286     0.023     0.000     0.0000     0.1286     0.1287     0.1208     0.1301     0.1287     0.0104
1233.3422     0.1004     0.021     0.000     0.0000     0.1004     0.1287     0.1208     0.1301     0.1287     0.0104
1233.3954     0.1538     0.025     0.000     0.0000     0.1538     0.1287     0.1208     0.1301     0.1287     0.0104
1233.4486     0.1417     0.024     0.000     0.0000     0.1417     0.1287     0.1208     0.1301     0.1287     0.0104
1233.5020     0.1258     0.023     0.000     0.0000     0.1258     0.1487     0.1366     0.1301     0.1287     0.0109
1233.5552     0.1505     0.024     0.000     0.0000     0.1505     0.1487     0.1366     0.1301     0.1287     0.0109
1233.6084     0.1835     0.026     0.000     0.0000     0.1835     0.1487     0.1366     0.1301     0.1287     0.0109
1233.6617     0.1630     0.026     0.000     0.0000     0.1630     0.1487     0.1366     0.1301     0.1287     0.0109
1233.7150     0.1206     0.022     0.000     0.0000     0.1206     0.1487     0.1366     0.1301     0.1287     0.0109
1233.7682     0.1545     0.025     0.000     0.0000     0.1545     0.1245     0.1366     0.1409     0.1287     0.0102
1233.8215     0.1329     0.023     0.000     0.0000     0.1329     0.1245     0.1366     0.1409     0.1287     0.0102
1233.8748     0.0962     0.021     0.000     0.0000     0.0962     0.1245     0.1366     0.1409     0.1287     0.0102
1233.9280     0.1156     0.022     0.000     0.0000     0.1156     0.1245     0.1366     0.1409     0.1287     0.0102
1233.9813     0.1234     0.023     0.000     0.0000     0.1234     0.1245     0.1366     0.1409     0.1287     0.0102
1234.0345     0.1389     0.024     0.000     0.0000     0.1389     0.1511     0.1490     0.1409     0.1567     0.0109
1234.0878     0.1435     0.024     0.000     0.0000     0.1435     0.1511     0.1490     0.1409     0.1567     0.0109
1234.1411     0.1631     0.025     0.000     0.0000     0.1631     0.1511     0.1490     0.1409     0.1567     0.0109
1234.1943     0.1315     0.023     0.000     0.0000     0.1315     0.1511     0.1490     0.1409     0.1567     0.0109
1234.2476     0.1784     0.026     0.000     0.0000     0.1784     0.1511     0.1490     0.1409     0.1567     0.0109
1234.3009     0.1645     0.025     0.000     0.0000     0.1645     0.1470     0.1490     0.1409     0.1567     0.0108
1234.3541     0.1707     0.026     0.000     0.0000     0.1707     0.1470     0.1490     0.1409     0.1567     0.0108
1234.4073     0.1337     0.023     0.000     0.0000     0.1337     0.1470     0.1490     0.1409     0.1567     0.0108
1234.4606     0.1173     0.022     0.000     0.0000     0.1173     0.1470     0.1490     0.1409     0.1567     0.0108
1234.5139     0.1488     0.024     0.000     0.0000     0.1488     0.1470     0.1490     0.1409     0.1567     0.0108
1234.5671     0.1761     0.026     0.000     0.0000     0.1761     0.1620     0.1643     0.1604     0.1567     0.0112
1234.6204     0.1241     0.023     0.000     0.0000     0.1241     0.1620     0.1643     0.1604     0.1567     0.0112
1234.6737     0.1562     0.025     0.000     0.0000     0.1562     0.1620     0.1643     0.1604     0.1567     0.0112
1234.7269     0.1486     0.024     0.000     0.0000     0.1486     0.1620     0.1643     0.1604     0.1567     0.0112
1234.7802     0.2049     0.028     0.000     0.0000     0.2049     0.1620     0.1643     0.1604     0.1567     0.0112
1234.8334     0.1887     0.026     0.000    -0.0000     0.1887     0.1666     0.1643     0.1604     0.1567     0.0113
1234.8867     0.1665     0.025     0.000     0.0000     0.1665     0.1666     0.1643     0.1604     0.1567     0.0113
1234.9401     0.1719     0.025     0.000     0.0000     0.1719     0.1666     0.1643     0.1604     0.1567     0.0113
1234.9933     0.1426     0.024     0.000     0.0000     0.1426     0.1666     0.1643     0.1604     0.1567     0.0113
1235.0464     0.1635     0.026     0.000     0.0000     0.1635     0.1666     0.1643     0.1604     0.1567     0.0113
1235.0997     0.1793     0.026     0.000     0.0000     0.1793     0.1526     0.1609     0.1604     0.1636     0.0109
1235.1530     0.1475     0.024     0.000     0.0000     0.1475     0.1526     0.1609     0.1604     0.1636     0.0109
1235.2062     0.1404     0.024     0.000     0.0000     0.1404     0.1526     0.1609     0.1604     0.1636     0.0109
1235.2594     0.1264     0.022     0.000     0.0000     0.1264     0.1526     0.1609     0.1604     0.1636     0.0109
1235.3127     0.1695     0.025     0.000     0.0000     0.1695     0.1526     0.1609     0.1604     0.1636     0.0109
1235.3660     0.1927     0.026     0.000     0.0000     0.1927     0.1691     0.1609     0.1673     0.1636     0.0112
1235.4192     0.1523     0.024     0.000     0.0000     0.1523     0.1691     0.1609     0.1673     0.1636     0.0112
1235.4724     0.1755     0.025     0.000     0.0000     0.1755     0.1691     0.1609     0.1673     0.1636     0.0112
1235.5258     0.1916     0.026     0.000     0.0000     0.1916     0.1691     0.1609     0.1673     0.1636     0.0112
1235.5790     0.1334     0.023     0.000     0.0000     0.1334     0.1691     0.1609     0.1673     0.1636     0.0112
1235.6322     0.1583     0.024     0.000     0.0000     0.1583     0.1653     0.1664     0.1673     0.1636     0.0110
1235.6854     0.2179     0.028     0.000     0.0000     0.2179     0.1653     0.1664     0.1673     0.1636     0.0110
1235.7388     0.1522     0.024     0.000     0.0000     0.1522     0.1653     0.1664     0.1673     0.1636     0.0110
1235.7920     0.1532     0.024     0.000     0.0000     0.1532     0.1653     0.1664     0.1673     0.1636     0.0110
1235.8452     0.1450     0.023     0.000     0.0000     0.1450     0.1653     0.1664     0.1673     0.1636     0.0110
1235.8984     0.1534     0.024     0.000     0.0000     0.1534     0.1675     0.1664     0.1673     0.1636     0.0110
1235.9517     0.1809     0.025     0.000     0.0000     0.1809     0.1675     0.1664     0.1673     0.1636     0.0110
1236.0050     0.1640     0.025     0.000     0.0000     0.1640     0.1675     0.1664     0.1673     0.1636     0.0110
1236.0582     0.1480     0.024     0.000     0.0000     0.1480     0.1675     0.1664     0.1673     0.1636     0.0110
1236.1115     0.1910     0.026     0.000     0.0000     0.1910     0.1675     0.1664     0.1673     0.1636     0.0110
1236.1647     0.1616     0.024     0.000     0.0000     0.1616     0.1549     0.1577     0.1581     0.1589     0.0106
1236.2180     0.1572     0.024     0.000     0.0000     0.1572     0.1549     0.1577     0.1581     0.1589     0.0106
1236.2712     0.1791     0.025     0.000     0.0000     0.1791     0.1549     0.1577     0.1581     0.1589     0.0106
1236.3245     0.1571     0.024     0.000     0.0000     0.1571     0.1549     0.1577     0.1581     0.1589     0.0106
1236.3777     0.1196     0.021     0.000     0.0000     0.1196     0.1549     0.1577     0.1581     0.1589     0.0106
1236.4309     0.1631     0.024     0.000     0.0000     0.1631     0.1604     0.1577     0.1581     0.1589     0.0109
1236.4841     0.1753     0.025     0.000     0.0000     0.1753     0.1604     0.1577     0.1581     0.1589     0.0109
1236.5375     0.1415     0.024     0.000     0.0000     0.1415     0.1604     0.1577     0.1581     0.1589     0.0109
1236.5907     0.1560     0.024     0.000     0.0000     0.1560     0.1604     0.1577     0.1581     0.1589     0.0109
1236.6439     0.1660     0.025     0.000     0.0000     0.1660     0.1604     0.1577     0.1581     0.1589     0.0109
1236.6971     0.1576     0.025     0.000     0.0000     0.1576     0.1589     0.1601     0.1581     0.1589     0.0108
1236.7504     0.1626     0.025     0.000     0.0000     0.1626     0.1589     0.1601     0.1581     0.1589     0.0108
1236.8037     0.1579     0.024     0.000     0.0000     0.1579     0.1589     0.1601     0.1581     0.1589     0.0108
1236.8569     0.1683     0.025     0.000     0.0000     0.1683     0.1589     0.1601     0.1581     0.1589     0.0108
1236.9102     0.1479     0.023     0.000     0.0000     0.1479     0.1589     0.1601     0.1581     0.1589     0.0108
1236.9634     0.1275     0.022     0.000     0.0000     0.1275     0.1614     0.1601     0.1693     0.1589     0.0106
1237.0166     0.1766     0.025     0.000     0.0000     0.1766     0.1614     0.1601     0.1693     0.1589     0.0106
1237.0698     0.1685     0.024     0.000     0.0000     0.1685     0.1614     0.1601     0.1693     0.1589     0.0106
1237.1232     0.1723     0.024     0.000     0.0000     0.1723     0.1614     0.1601     0.1693     0.1589     0.0106
1237.1764     0.1623     0.024     0.000     0.0000     0.1623     0.1614     0.1601     0.1693     0.1589     0.0106
1237.2296     0.1795     0.025     0.000     0.0000     0.1795     0.1782     0.1733     0.1693     0.1721     0.0111
1237.2828     0.1900     0.026     0.000     0.0000     0.1900     0.1782     0.1733     0.1693     0.1721     0.0111
1237.3361     0.1780     0.025     0.000     0.0000     0.1780     0.1782     0.1733     0.1693     0.1721     0.0111
1237.3893     0.1566     0.023     0.000     0.0000     0.1566     0.1782     0.1733     0.1693     0.1721     0.0111
1237.4425     0.1869     0.025     0.000     0.0000     0.1869     0.1782     0.1733     0.1693     0.1721     0.0111
1237.4958     0.1820     0.025     0.000     0.0000     0.1820     0.1684     0.1733     0.1693     0.1721     0.0108
1237.5491     0.1609     0.024     0.000    -0.0000     0.1609     0.1684     0.1733     0.1693     0.1721     0.0108
1237.6023     0.2032     0.026     0.000     0.0000     0.2032     0.1684     0.1733     0.1693     0.1721     0.0108
1237.6555     0.1500     0.023     0.000     0.0000     0.1500     0.1684     0.1733     0.1693     0.1721     0.0108
1237.7087     0.1459     0.023     0.000     0.0000     0.1459     0.1684     0.1733     0.1693     0.1721     0.0108
1237.7620     0.1656     0.024     0.000    -0.0000     0.1656     0.1687     0.1709     0.1661     0.1721     0.0108
1237.8152     0.1511     0.023     0.000    -0.0000     0.1511     0.1687     0.1709     0.1661     0.1721     0.0108
1237.8684     0.1749     0.024     0.000    -0.0000     0.1749     0.1687     0.1709     0.1661     0.1721     0.0108
1237.9218     0.1899     0.025     0.000     0.0000     0.1899     0.1687     0.1709     0.1661     0.1721     0.0108
1237.9750     0.1621     0.024     0.000    -0.0000     0.1621     0.1687     0.1709     0.1661     0.1721     0.0108
1238.0282     0.1785     0.025     0.000    -0.0000     0.1785     0.1731     0.1709     0.1661     0.1721     0.0108
1238.0814     0.1764     0.024     0.000     0.0000     0.1764     0.1731     0.1709     0.1661     0.1721     0.0108
1238.1346     0.1636     0.024     0.000    -0.0000     0.1636     0.1731     0.1709     0.1661     0.1721     0.0108
1238.1879     0.1773     0.024     0.000    -0.0000     0.1773     0.1731     0.1709     0.1661     0.1721     0.0108
1238.2411     0.1699     0.024     0.000    -0.0000     0.1699     0.1731     0.1709     0.1661     0.1721     0.0108
1238.2943     0.1701     0.024     0.000    -0.0000     0.1701     0.1564     0.1454     0.1661     0.1491     0.0103
1238.3475     0.1789     0.025     0.000    -0.0000     0.1789     0.1564     0.1454     0.1661     0.1491     0.0103
1238.4008     0.1442     0.022     0.000    -0.0000     0.1442     0.1564     0.1454     0.1661     0.1491     0.0103
1238.4540     0.1433     0.022     0.000    -0.0000     0.1433     0.1564     0.1454     0.1661     0.1491     0.0103
1238.5073     0.1456     0.022     0.000    -0.0000     0.1456     0.1564     0.1454     0.1661     0.1491     0.0103
1238.5605     0.1168     0.020     0.000    -0.0000     0.1168     0.1344     0.1454     0.1466     0.1491     0.0096
1238.6138     0.1289     0.021     0.000    -0.0000     0.1289     0.1344     0.1454     0.1466     0.1491     0.0096
1238.6670     0.1649     0.024     0.000    -0.0000     0.1649     0.1344     0.1454     0.1466     0.1491     0.0096
1238.7202     0.1438     0.022     0.000    -0.0000     0.1438     0.1344     0.1454     0.1466     0.1491     0.0096
1238.7734     0.1178     0.020     0.000    -0.0000     0.1178     0.1344     0.1454     0.1466     0.1491     0.0096
1238.8267     0.1499     0.023     0.000    -0.0000     0.1499     0.1661     0.1527     0.1466     0.1491     0.0105
1238.8799     0.1666     0.023     0.000    -0.0000     0.1666     0.1661     0.1527     0.1466     0.1491     0.0105
1238.9331     0.1729     0.024     0.000    -0.0000     0.1729     0.1661     0.1527     0.1466     0.1491     0.0105
1238.9863     0.1772     0.024     0.000    -0.0000     0.1772     0.1661     0.1527     0.1466     0.1491     0.0105
1239.0396     0.1639     0.023     0.000    -0.0000     0.1639     0.1661     0.1527     0.1466     0.1491     0.0105
1239.0928     0.1551     0.023     0.000     0.0000     0.1551     0.1393     0.1527     0.1466     0.1491     0.0097
1239.1460     0.1504     0.022     0.000     0.0000     0.1504     0.1393     0.1527     0.1466     0.1491     0.0097
1239.1992     0.1205     0.020     0.000    -0.0000     0.1205     0.1393     0.1527     0.1466     0.1491     0.0097
1239.2524     0.1603     0.023     0.000    -0.0000     0.1603     0.1393     0.1527     0.1466     0.1491     0.0097
1239.3057     0.1102     0.020     0.000    -0.0000     0.1102     0.1393     0.1527     0.1466     0.1491     0.0097
1239.3589     0.1796     0.024     0.000    -0.0000     0.1796     0.1770     0.1710     0.1654     0.1652     0.0108
1239.4122     0.1966     0.025     0.000    -0.0000     0.1966     0.1770     0.1710     0.1654     0.1652     0.0108
1239.4655     0.1809     0.024     0.000    -0.0000     0.1809     0.1770     0.1710     0.1654     0.1652     0.0108
1239.5187     0.1859     0.024     0.000    -0.0000     0.1859     0.1770     0.1710     0.1654     0.1652     0.0108
1239.5719     0.1419     0.022     0.000    -0.0000     0.1419     0.1770     0.1710     0.1654     0.1652     0.0108
1239.6251     0.1770     0.024     0.000    -0.0000     0.1770     0.1651     0.1710     0.1654     0.1652     0.0104
1239.6782     0.1458     0.022     0.000    -0.0000     0.1458     0.1651     0.1710     0.1654     0.1652     0.0104
1239.7314     0.1407     0.022     0.000    -0.0000     0.1407     0.1651     0.1710     0.1654     0.1652     0.0104
1239.7848     0.1702     0.023     0.000    -0.0000     0.1702     0.1651     0.1710     0.1654     0.1652     0.0104
1239.8380     0.1918     0.025     0.000    -0.0000     0.1918     0.1651     0.1710     0.1654     0.1652     0.0104
1239.8912     0.1378     0.021     0.000    -0.0000     0.1378     0.1542     0.1593     0.1654     0.1652     0.0100
1239.9445     0.1545     0.023     0.000    -0.0000     0.1545     0.1542     0.1593     0.1654     0.1652     0.0100
1239.9977     0.1664     0.023     0.000    -0.0000     0.1664     0.1542     0.1593     0.1654     0.1652     0.0100
1240.0509     0.1759     0.024     0.000    -0.0000     0.1759     0.1542     0.1593     0.1654     0.1652     0.0100
1240.1041     0.1362     0.021     0.000     0.0000     0.1362     0.1542     0.1593     0.1654     0.1652     0.0100
1240.1573     0.1358     0.021     0.000    -0.0000     0.1358     0.1644     0.1593     0.1726     0.1652     0.0103
1240.2106     0.1668     0.023     0.000    -0.0000     0.1668     0.1644     0.1593     0.1726     0.1652     0.0103
1240.2638     0.1663     0.023     0.000    -0.0000     0.1663     0.1644     0.1593     0.1726     0.1652     0.0103
1240.3170     0.1715     0.023     0.000    -0.0000     0.1715     0.1644     0.1593     0.1726     0.1652     0.0103
1240.3702     0.1816     0.024     0.000    -0.0000     0.1816     0.1644     0.1593     0.1726     0.1652     0.0103
1240.4235     0.1876     0.024     0.000    -0.0000     0.1876     0.1855     0.1767     0.1726     0.1765     0.0108
1240.4767     0.1809     0.024     0.000    -0.0000     0.1809     0.1855     0.1767     0.1726     0.1765     0.0108
1240.5299     0.1579     0.022     0.000    -0.0000     0.1579     0.1855     0.1767     0.1726     0.1765     0.0108
1240.5831     0.2066     0.025     0.000     0.0000     0.2066     0.1855     0.1767     0.1726     0.1765     0.0108
1240.6364     0.1943     0.025     0.000    -0.0000     0.1943     0.1855     0.1767     0.1726     0.1765     0.0108
1240.6895     0.1777     0.024     0.000    -0.0000     0.1777     0.1680     0.1767     0.1726     0.1765     0.0103
1240.7427     0.1542     0.022     0.000    -0.0000     0.1542     0.1680     0.1767     0.1726     0.1765     0.0103
1240.7959     0.1760     0.024     0.000    -0.0000     0.1760     0.1680     0.1767     0.1726     0.1765     0.0103
1240.8491     0.1605     0.022     0.000    -0.0000     0.1605     0.1680     0.1767     0.1726     0.1765     0.0103
1240.9023     0.1716     0.023     0.000    -0.0000     0.1716     0.1680     0.1767     0.1726     0.1765     0.0103
1240.9556     0.1685     0.023     0.000    -0.0000     0.1685     0.1719     0.1763     0.1751     0.1765     0.0104
1241.0088     0.1734     0.023     0.000    -0.0000     0.1734     0.1719     0.1763     0.1751     0.1765     0.0104
1241.0620     0.1701     0.023     0.000     0.0000     0.1701     0.1719     0.1763     0.1751     0.1765     0.0104
1241.1152     0.1683     0.023     0.000    -0.0000     0.1683     0.1719     0.1763     0.1751     0.1765     0.0104
1241.1685     0.1791     0.024     0.000     0.0000     0.1791     0.1719     0.1763     0.1751     0.1765     0.0104
1241.2217     0.1705     0.023     0.000    -0.0000     0.1705     0.1806     0.1763     0.1751     0.1765     0.0106
1241.2749     0.1847     0.024     0.000    -0.0000     0.1847     0.1806     0.1763     0.1751     0.1765     0.0106
1241.3281     0.1566     0.022     0.000    -0.0000     0.1566     0.1806     0.1763     0.1751     0.1765     0.0106
1241.3813     0.2109     0.026     0.000    -0.0000     0.2109     0.1806     0.1763     0.1751     0.1765     0.0106
1241.4346     0.1805     0.024     0.000    -0.0000     0.1805     0.1806     0.1763     0.1751     0.1765     0.0106
1241.4878     0.1544     0.022     0.000    -0.0000     0.1544     0.1727     0.1717     0.1751     0.1682     0.0104
1241.5410     0.1670     0.023     0.000    -0.0000     0.1670     0.1727     0.1717     0.1751     0.1682     0.0104
1241.5941     0.1783     0.024     0.000     0.0000     0.1783     0.1727     0.1717     0.1751     0.1682     0.0104
1241.6473     0.1783     0.023     0.000     0.0000     0.1783     0.1727     0.1717     0.1751     0.1682     0.0104
1241.7006     0.1856     0.024     0.000    -0.0000     0.1856     0.1727     0.1717     0.1751     0.1682     0.0104
1241.7538     0.1817     0.024     0.000    -0.0000     0.1817     0.1707     0.1717     0.1667     0.1682     0.0103
1241.8070     0.1439     0.021     0.000    -0.0000     0.1439     0.1707     0.1717     0.1667     0.1682     0.0103
1241.8602     0.1699     0.023     0.000    -0.0000     0.1699     0.1707     0.1717     0.1667     0.1682     0.0103
1241.9135     0.1986     0.025     0.000     0.0000     0.1986     0.1707     0.1717     0.1667     0.1682     0.0103
1241.9666     0.1594     0.022     0.000     0.0000     0.1594     0.1707     0.1717     0.1667     0.1682     0.0103
1242.0198     0.1291     0.020     0.000    -0.0000     0.1291     0.1513     0.1647     0.1667     0.1682     0.0096
1242.0730     0.1450     0.021     0.000     0.0000     0.1450     0.1513     0.1647     0.1667     0.1682     0.0096
1242.1262     0.1405     0.021     0.000     0.0000     0.1405     0.1513     0.1647     0.1667     0.1682     0.0096
1242.1793     0.1663     0.022     0.000     0.0000     0.1663     0.1513     0.1647     0.1667     0.1682     0.0096
1242.2327     0.1754     0.023     0.000     0.0000     0.1754     0.1513     0.1647     0.1667     0.1682     0.0096
1242.2859     0.1762     0.023     0.000     0.0000     0.1762     0.1781     0.1647     0.1667     0.1682     0.0104
1242.3391     0.1516     0.022     0.000     0.0000     0.1516     0.1781     0.1647     0.1667     0.1682     0.0104
1242.3923     0.1677     0.023     0.000     0.0000     0.1677     0.1781     0.1647     0.1667     0.1682     0.0104
1242.4456     0.1935     0.024     0.000     0.0000     0.1935     0.1781     0.1647     0.1667     0.1682     0.0104
1242.4988     0.2018     0.025     0.000     0.0000     0.2018     0.1781     0.1647     0.1667     0.1682     0.0104
1242.5520     0.1974     0.024     0.000     0.0000     0.1974     0.1836     0.1794     0.1822     0.1889     0.0105
1242.6051     0.1686     0.023     0.000     0.0000     0.1686     0.1836     0.1794     0.1822     0.1889     0.0105
1242.6583     0.1608     0.022     0.000     0.0000     0.1608     0.1836     0.1794     0.1822     0.1889     0.0105
1242.7115     0.1784     0.023     0.000     0.0000     0.1784     0.1836     0.1794     0.1822     0.1889     0.0105
1242.7648     0.2127     0.025     0.000     0.0000     0.2127     0.1836     0.1794     0.1822     0.1889     0.0105
1242.8180     0.1736     0.023     0.000     0.0000     0.1736     0.1752     0.1794     0.1822     0.1889     0.0102
1242.8712     0.1936     0.024     0.000     0.0000     0.1936     0.1752     0.1794     0.1822     0.1889     0.0102
1242.9244     0.1939     0.024     0.000     0.0000     0.1939     0.1752     0.1794     0.1822     0.1889     0.0102
1242.9775     0.1639     0.022     0.000     0.0000     0.1639     0.1752     0.1794     0.1822     0.1889     0.0102
1243.0308     0.1509     0.021     0.000     0.0000     0.1509     0.1752     0.1794     0.1822     0.1889     0.0102
1243.0840     0.1515     0.021     0.000     0.0000     0.1515     0.1879     0.1985     0.1822     0.1889     0.0106
1243.1372     0.1936     0.024     0.000     0.0000     0.1936     0.1879     0.1985     0.1822     0.1889     0.0106
1243.1904     0.2116     0.025     0.000     0.0000     0.2116     0.1879     0.1985     0.1822     0.1889     0.0106
1243.2437     0.2032     0.025     0.000     0.0000     0.2032     0.1879     0.1985     0.1822     0.1889     0.0106
1243.2968     0.1798     0.023     0.000     0.0000     0.1798     0.1879     0.1985     0.1822     0.1889     0.0106
1243.3500     0.1654     0.022     0.000     0.0000     0.1654     0.2090     0.1985     0.1916     0.1889     0.0111
1243.4032     0.1984     0.024     0.000     0.0000     0.1984     0.2090     0.1985     0.1916     0.1889     0.0111
1243.4564     0.2447     0.027     0.000     0.0000     0.2447     0.2090     0.1985     0.1916     0.1889     0.0111
1243.5096     0.2190     0.025     0.000     0.0000     0.2190     0.2090     0.1985     0.1916     0.1889     0.0111
1243.5629     0.2172     0.025     0.000     0.0000     0.2172     0.2090     0.1985     0.1916     0.1889     0.0111
1243.6160     0.1971     0.024     0.000     0.0000     0.1971     0.1798     0.1829     0.1916     0.1832     0.0103
1243.6692     0.1681     0.023     0.000     0.0000     0.1681     0.1798     0.1829     0.1916     0.1832     0.0103
1243.7224     0.1713     0.023     0.000     0.0000     0.1713     0.1798     0.1829     0.1916     0.1832     0.0103
1243.7756     0.1749     0.023     0.000     0.0000     0.1749     0.1798     0.1829     0.1916     0.1832     0.0103
1243.8289     0.1877     0.024     0.000     0.0000     0.1877     0.1798     0.1829     0.1916     0.1832     0.0103
1243.8820     0.2141     0.025     0.000     0.0000     0.2141     0.1860     0.1829     0.1916     0.1832     0.0105
1243.9352     0.1647     0.022     0.000     0.0000     0.1647     0.1860     0.1829     0.1916     0.1832     0.0105
1243.9884     0.1689     0.022     0.000     0.0000     0.1689     0.1860     0.1829     0.1916     0.1832     0.0105
1244.0416     0.1850     0.023     0.000     0.0000     0.1850     0.1860     0.1829     0.1916     0.1832     0.0105
1244.0948     0.1972     0.025     0.000     0.0000     0.1972     0.1860     0.1829     0.1916     0.1832     0.0105
1244.1479     0.1755     0.023     0.000     0.0000     0.1755     0.1726     0.1835     0.1815     0.1832     0.0101
1244.2012     0.1974     0.024     0.000     0.0000     0.1974     0.1726     0.1835     0.1815     0.1832     0.0101
1244.2543     0.1822     0.023     0.000     0.0000     0.1822     0.1726     0.1835     0.1815     0.1832     0.0101
1244.3075     0.1627     0.022     0.000     0.0000     0.1627     0.1726     0.1835     0.1815     0.1832     0.0101
1244.3606     0.1452     0.021     0.000     0.0000     0.1452     0.1726     0.1835     0.1815     0.1832     0.0101
1244.4138     0.2055     0.024     0.000     0.0000     0.2055     0.1945     0.1835     0.1815     0.1832     0.0106
1244.4670     0.1935     0.024     0.000     0.0000     0.1935     0.1945     0.1835     0.1815     0.1832     0.0106
1244.5203     0.1852     0.023     0.000     0.0000     0.1852     0.1945     0.1835     0.1815     0.1832     0.0106
1244.5734     0.1973     0.024     0.000     0.0000     0.1973     0.1945     0.1835     0.1815     0.1832     0.0106
1244.6266     0.1907     0.024     0.000     0.0000     0.1907     0.1945     0.1835     0.1815     0.1832     0.0106
1244.6799     0.1883     0.023     0.000     0.0000     0.1883     0.1775     0.1665     0.1815     0.1756     0.0102
1244.7332     0.1484     0.021     0.000     0.0000     0.1484     0.1775     0.1665     0.1815     0.1756     0.0102
1244.7864     0.1648     0.022     0.000     0.0000     0.1648     0.1775     0.1665     0.1815     0.1756     0.0102
1244.8395     0.2065     0.025     0.000     0.0000     0.2065     0.1775     0.1665     0.1815     0.1756     0.0102
1244.8927     0.1798     0.023     0.000     0.0000     0.1798     0.1775     0.1665     0.1815     0.1756     0.0102
1244.9459     0.1465     0.021     0.000     0.0000     0.1465     0.1555     0.1665     0.1750     0.1756     0.0095
1244.9990     0.1474     0.021     0.000     0.0000     0.1474     0.1555     0.1665     0.1750     0.1756     0.0095
1245.0522     0.1431     0.021     0.000     0.0000     0.1431     0.1555     0.1665     0.1750     0.1756     0.0095
1245.1055     0.1644     0.022     0.000     0.0000     0.1644     0.1555     0.1665     0.1750     0.1756     0.0095
1245.1587     0.1761     0.023     0.000     0.0000     0.1761     0.1555     0.1665     0.1750     0.1756     0.0095
1245.2118     0.1727     0.022     0.000     0.0000     0.1727     0.1752     0.1847     0.1750     0.1756     0.0100
1245.2650     0.1988     0.024     0.000     0.0000     0.1988     0.1752     0.1847     0.1750     0.1756     0.0100
1245.3182     0.1633     0.022     0.000     0.0000     0.1633     0.1752     0.1847     0.1750     0.1756     0.0100
1245.3715     0.1454     0.021     0.000     0.0000     0.1454     0.1752     0.1847     0.1750     0.1756     0.0100
1245.4246     0.1960     0.023     0.000     0.0000     0.1960     0.1752     0.1847     0.1750     0.1756     0.0100
1245.4778     0.2479     0.027     0.000     0.0000     0.2479     0.1942     0.1847     0.1750     0.1756     0.0106
1245.5310     0.1909     0.023     0.000     0.0000     0.1909     0.1942     0.1847     0.1750     0.1756     0.0106
1245.5841     0.1830     0.023     0.000     0.0000     0.1830     0.1942     0.1847     0.1750     0.1756     0.0106
1245.6373     0.1879     0.023     0.000     0.0000     0.1879     0.1942     0.1847     0.1750     0.1756     0.0106
1245.6906     0.1613     0.021     0.000     0.0000     0.1613     0.1942     0.1847     0.1750     0.1756     0.0106
1245.7438     0.1496     0.021     0.000     0.0000     0.1496     0.1658     0.1778     0.1821     0.1787     0.0098
1245.7969     0.1601     0.021     0.000     0.0000     0.1601     0.1658     0.1778     0.1821     0.1787     0.0098
1245.8501     0.1728     0.022     0.000     0.0000     0.1728     0.1658     0.1778     0.1821     0.1787     0.0098
1245.9033     0.1734     0.022     0.000     0.0000     0.1734     0.1658     0.1778     0.1821     0.1787     0.0098
1245.9564     0.1730     0.022     0.000     0.0000     0.1730     0.1658     0.1778     0.1821     0.1787     0.0098
1246.0096     0.1677     0.022     0.000     0.0000     0.1677     0.1899     0.1778     0.1821     0.1787     0.0104
1246.0629     0.2104     0.025     0.000     0.0000     0.2104     0.1899     0.1778     0.1821     0.1787     0.0104
1246.1160     0.1944     0.023     0.000     0.0000     0.1944     0.1899     0.1778     0.1821     0.1787     0.0104
1246.1692     0.1936     0.024     0.000     0.0000     0.1936     0.1899     0.1778     0.1821     0.1787     0.0104
1246.2224     0.1833     0.023     0.000     0.0000     0.1833     0.1899     0.1778     0.1821     0.1787     0.0104
1246.2755     0.1838     0.023     0.000     0.0000     0.1838     0.1907     0.1796     0.1821     0.1787     0.0105
1246.3287     0.1962     0.023     0.000     0.0000     0.1962     0.1907     0.1796     0.1821     0.1787     0.0105
1246.3820     0.1987     0.024     0.000     0.0000     0.1987     0.1907     0.1796     0.1821     0.1787     0.0105
1246.4351     0.1952     0.024     0.000     0.0000     0.1952     0.1907     0.1796     0.1821     0.1787     0.0105
1246.4883     0.1795     0.023     0.000     0.0000     0.1795     0.1907     0.1796     0.1821     0.1787     0.0105
1246.5415     0.1922     0.024     0.000     0.0000     0.1922     0.1685     0.1796     0.1726     0.1787     0.0098
1246.5945     0.1680     0.022     0.000     0.0000     0.1680     0.1685     0.1796     0.1726     0.1787     0.0098
1246.6477     0.1749     0.022     0.000     0.0000     0.1749     0.1685     0.1796     0.1726     0.1787     0.0098
1246.7009     0.1605     0.021     0.000     0.0000     0.1605     0.1685     0.1796     0.1726     0.1787     0.0098
1246.7540     0.1471     0.021     0.000     0.0000     0.1471     0.1685     0.1796     0.1726     0.1787     0.0098
1246.8073     0.1860     0.023     0.000     0.0000     0.1860     0.1786     0.1746     0.1726     0.1645     0.0100
1246.8605     0.1718     0.022     0.000     0.0000     0.1718     0.1786     0.1746     0.1726     0.1645     0.0100
1246.9136     0.1830     0.023     0.000     0.0000     0.1830     0.1786     0.1746     0.1726     0.1645     0.0100
1246.9668     0.1910     0.023     0.000     0.0000     0.1910     0.1786     0.1746     0.1726     0.1645     0.0100
1247.0200     0.1613     0.021     0.000     0.0000     0.1613     0.1786     0.1746     0.1726     0.1645     0.0100
1247.0731     0.1797     0.023     0.000     0.0000     0.1797     0.1705     0.1746     0.1726     0.1645     0.0098
1247.1265     0.1657     0.022     0.000     0.0000     0.1657     0.1705     0.1746     0.1726     0.1645     0.0098
1247.1796     0.1703     0.022     0.000     0.0000     0.1703     0.1705     0.1746     0.1726     0.1645     0.0098
1247.2328     0.1545     0.021     0.000     0.0000     0.1545     0.1705     0.1746     0.1726     0.1645     0.0098
1247.2860     0.1821     0.023     0.000     0.0000     0.1821     0.1705     0.1746     0.1726     0.1645     0.0098
1247.3391     0.1569     0.021     0.000     0.0000     0.1569     0.1528     0.1544     0.1646     0.1645     0.0093
1247.3923     0.1638     0.021     0.000     0.0000     0.1638     0.1528     0.1544     0.1646     0.1645     0.0093
1247.4456     0.1618     0.021     0.000     0.0000     0.1618     0.1528     0.1544     0.1646     0.1645     0.0093
1247.4987     0.1303     0.019     0.000     0.0000     0.1303     0.1528     0.1544     0.1646     0.1645     0.0093
1247.5519     0.1511     0.021     0.000     0.0000     0.1511     0.1528     0.1544     0.1646     0.1645     0.0093
1247.6050     0.1542     0.021     0.000     0.0000     0.1542     0.1559     0.1544     0.1646     0.1645     0.0094
1247.6582     0.1309     0.019     0.000     0.0000     0.1309     0.1559     0.1544     0.1646     0.1645     0.0094
