1226.6174     1.4713     0.239    -0.800    12.6859     1.4713     1.1070     1.1100     1.1515     1.0837     0.0922
1226.6708     1.0610     0.201    -0.762    12.6402     1.0610     1.1070     1.1100     1.1515     1.0837     0.0922
1226.7241     0.6780     0.161    -0.724    12.5947     0.6780     1.1070     1.1100     1.1515     1.0837     0.0922
1226.7773     1.3651     0.225    -0.686    12.5494     1.3651     1.2532     1.2536     1.2657     1.2596     0.0967
1226.8307     0.8982     0.184    -0.649    12.5040     0.8982     1.2532     1.2536     1.2657     1.2596     0.0967
1226.8840     1.3703     0.226    -0.612    12.4589     1.3703     1.2532     1.2536     1.2657     1.2596     0.0967
1226.9374     1.5197     0.238    -0.575    12.4138     1.5197     1.2532     1.2536     1.2657     1.2596     0.0967
1226.9906     1.1127     0.204    -0.539    12.3689     1.1127     1.2532     1.2536     1.2657     1.2596     0.0967
1227.0439     1.0103     0.195    -0.503    12.3240     1.0103     1.2539     1.2536     1.2657     1.2596     0.0973
1227.0973     1.7485     0.255    -0.468    12.2792     1.7485     1.2539     1.2536     1.2657     1.2596     0.0973
1227.1505     0.9392     0.189    -0.432    12.2346     0.9392     1.2539     1.2536     1.2657     1.2596     0.0973
1227.2039     1.3084     0.222    -0.398    12.1901     1.3084     1.2539     1.2536     1.2657     1.2596     0.0973
1227.2572     1.2633     0.220    -0.363    12.1457     1.2633     1.2539     1.2536     1.2657     1.2596     0.0973
1227.3104     1.2409     0.216    -0.329    12.1014     1.2409     1.2898     1.2657     1.2657     1.2596     0.0977
1227.3638     1.2777     0.216    -0.295    12.0571     1.2777     1.2898     1.2657     1.2657     1.2596     0.0977
1227.4171     1.2857     0.218    -0.262    12.0131     1.2857     1.2898     1.2657     1.2657     1.2596     0.0977
1227.4705     1.2884     0.218    -0.229    11.9691     1.2884     1.2898     1.2657     1.2657     1.2596     0.0977
1227.5237     1.3564     0.223    -0.196    11.9251     1.3564     1.2898     1.2657     1.2657     1.2596     0.0977
1227.5770     1.4001     0.228    -0.164    11.8814     1.4001     1.2415     1.2657     1.1581     1.2596     0.0960
1227.6304     1.1068     0.206    -0.132    11.8378     1.1068     1.2415     1.2657     1.1581     1.2596     0.0960
1227.6836     1.1729     0.208    -0.100    11.7941     1.1729     1.2415     1.2657     1.1581     1.2596     0.0960
1227.7369     1.3907     0.226    -0.069    11.7507     1.3907     1.2415     1.2657     1.1581     1.2596     0.0960
1227.7903     1.1371     0.205    -0.038    11.7074     1.1371     1.2415     1.2657     1.1581     1.2596     0.0960
1227.8435     0.8199     0.175    -0.007    11.6641     0.8199     1.1505     1.1164     1.1581     1.1631     0.0925
1227.8969     1.2136     0.212     0.023    11.6210     1.2136     1.1505     1.1164     1.1581     1.1631     0.0925
1227.9501     1.1800     0.209     0.053    11.5779     1.1800     1.1505     1.1164     1.1581     1.1631     0.0925
1228.0034     1.3646     0.227     0.083    11.5350     1.3646     1.1505     1.1164     1.1581     1.1631     0.0925
1228.0568     1.1746     0.208     0.113    11.4922     1.1746     1.1505     1.1164     1.1581     1.1631     0.0925
1228.1100     1.3117     0.219     0.142    11.4494     1.3117     1.0823     1.1164     1.1581     1.1631     0.0895
1228.1633     0.7413     0.166     0.170    11.4068     0.7413     1.0823     1.1164     1.1581     1.1631     0.0895
1228.2167     0.9952     0.192     0.199    11.3644     0.9952     1.0823     1.1164     1.1581     1.1631     0.0895
1228.2699     1.1281     0.203     0.227    11.3219     1.1281     1.0823     1.1164     1.1581     1.1631     0.0895
1228.3232     1.2351     0.216     0.255    11.2796     1.2351     1.0823     1.1164     1.1581     1.1631     0.0895
1228.3766     1.0784     0.200     0.282    11.2375     1.0784     1.1839     1.2098     1.2602     1.1631     0.0937
1228.4298     1.2491     0.215     0.309    11.1954     1.2491     1.1839     1.2098     1.2602     1.1631     0.0937
1228.4832     1.2583     0.216     0.336    11.1534     1.2583     1.1839     1.2098     1.2602     1.1631     0.0937
1228.5364     1.1270     0.205     0.363    11.1115     1.1270     1.1839     1.2098     1.2602     1.1631     0.0937
1228.5897     1.2067     0.211     0.389    11.0698     1.2067     1.1839     1.2098     1.2602     1.1631     0.0937
1228.6431     1.2516     0.213     0.415    11.0281     1.2516     1.2357     1.2098     1.2602     1.1631     0.0953
1228.6963     1.4161     0.227     0.441    10.9865     1.4161     1.2357     1.2098     1.2602     1.1631     0.0953
1228.7496     1.2857     0.217     0.466    10.9451     1.2857     1.2357     1.2098     1.2602     1.1631     0.0953
1228.8030     1.0423     0.197     0.491    10.9037     1.0423     1.2357     1.2098     1.2602     1.1631     0.0953
1228.8562     1.1827     0.210     0.516    10.8625     1.1827     1.2357     1.2098     1.2602     1.1631     0.0953
1228.9095     1.2523     0.214     0.540    10.8213     1.2523     1.3610     1.3451     1.2602     1.2492     0.1001
1228.9628     1.4869     0.236     0.565    10.7803     1.4869     1.3610     1.3451     1.2602     1.2492     0.1001
1229.0161     1.0194     0.193     0.589    10.7393     1.0194     1.3610     1.3451     1.2602     1.2492     0.1001
1229.0695     1.2712     0.219     0.612    10.6985     1.2712     1.3610     1.3451     1.2602     1.2492     0.1001
1229.1227     1.7750     0.254     0.635    10.6578     1.7750     1.3610     1.3451     1.2602     1.2492     0.1001
1229.1760     1.5057     0.235     0.659    10.6171     1.5057     1.3293     1.3451     1.2120     1.2492     0.0989
1229.2292     1.3708     0.226     0.681    10.5766     1.3708     1.3293     1.3451     1.2120     1.2492     0.0989
1229.2826     1.1199     0.203     0.704    10.5362     1.1199     1.3293     1.3451     1.2120     1.2492     0.0989
1229.3358     1.4278     0.227     0.726    10.4959     1.4278     1.3293     1.3451     1.2120     1.2492     0.0989
1229.3892     1.2222     0.213     0.748    10.4556     1.2222     1.3293     1.3451     1.2120     1.2492     0.0989
1229.4425     1.5041     0.233     0.770    10.4155     1.5041     1.3110     1.1533     1.2120     1.2492     0.0984
1229.4957     1.3372     0.224     0.791    10.3755     1.3372     1.3110     1.1533     1.2120     1.2492     0.0984
1229.5491     0.9983     0.194     0.812    10.3356     0.9983     1.3110     1.1533     1.2120     1.2492     0.0984
1229.6023     1.1372     0.205     0.833    10.2958     1.1372     1.3110     1.1533     1.2120     1.2492     0.0984
1229.6556     1.5780     0.241     0.853    10.2561     1.5780     1.3110     1.1533     1.2120     1.2492     0.0984
1229.7089     1.0369     0.196     0.874    10.2165     1.0369     0.9956     1.1533     1.2120     1.2492     0.0857
1229.7622     1.5894     0.240     0.894    10.1770     1.5894     0.9956     1.1533     1.2120     1.2492     0.0857
1229.8156     0.9346     0.187     0.914    10.1375     0.9346     0.9956     1.1533     1.2120     1.2492     0.0857
1229.8688     0.7044     0.161     0.933    10.0982     0.7044     0.9956     1.1533     1.2120     1.2492     0.0857
1229.9221     0.7127     0.163     0.952    10.0591     0.7127     0.9956     1.1533     1.2120     1.2492     0.0857
1229.9753     0.4523     0.128     0.971    10.0200     0.4523     0.2000     0.2595     0.6394     0.8712     0.0393
1230.0287     0.2007     0.089     0.990     9.9809     0.2007     0.2000     0.2595     0.6394     0.8712     0.0393
1230.0819     0.1291     0.073     1.009     9.9420     0.1291     0.2000     0.2595     0.6394     0.8712     0.0393
1230.1353     0.0538     0.049     1.027     9.9033     0.0538     0.2000     0.2595     0.6394     0.8712     0.0393
1230.1885     0.1644     0.081     1.045     9.8646     0.1644     0.2000     0.2595     0.6394     0.8712     0.0393
1230.2418     0.1282     0.072     1.062     9.8259     0.1282     0.3189     0.2595     0.6394     0.8712     0.0488
1230.2950     0.1262     0.071     1.080     9.7874     0.1262     0.3189     0.2595     0.6394     0.8712     0.0488
1230.3484     0.3051     0.107     1.097     9.7491     0.3051     0.3189     0.2595     0.6394     0.8712     0.0488
1230.4016     0.5163     0.137     1.114     9.7108     0.5163     0.3189     0.2595     0.6394     0.8712     0.0488
1230.4550     0.5187     0.138     1.131     9.6726     0.5187     0.3189     0.2595     0.6394     0.8712     0.0488
1230.5082     0.9441     0.183     1.148     9.6344     0.9441     1.3991     1.4830     0.6394     0.8712     0.1000
1230.5615     1.5229     0.235     1.164     9.5965     1.5229     1.3991     1.4830     0.6394     0.8712     0.1000
1230.6149     1.6474     0.244     1.180     9.5586     1.6474     1.3991     1.4830     0.6394     0.8712     0.1000
1230.6681     1.4154     0.223     1.196     9.5208     1.4154     1.3991     1.4830     0.6394     0.8712     0.1000
1230.7214     1.4658     0.228     1.211     9.4831     1.4658     1.3991     1.4830     0.6394     0.8712     0.1000
1230.7747     1.4800     0.232     1.227     9.4454     1.4800     1.5668     1.4830     1.4169     0.8712     0.1060
1230.8280     1.4960     0.229     1.242     9.4080     1.4960     1.5668     1.4830     1.4169     0.8712     0.1060
1230.8812     1.8877     0.264     1.257     9.3706     1.8877     1.5668     1.4830     1.4169     0.8712     0.1060
1230.9346     1.2340     0.210     1.271     9.3333     1.2340     1.5668     1.4830     1.4169     0.8712     0.1060
1230.9878     1.7363     0.246     1.286     9.2961     1.7363     1.5668     1.4830     1.4169     0.8712     0.1060
1231.0410     1.2031     0.209     1.300     9.2590     1.2031     1.2669     1.3420     1.4169     1.4100     0.0948
1231.0944     1.3631     0.218     1.314     9.2219     1.3631     1.2669     1.3420     1.4169     1.4100     0.0948
1231.1476     1.3892     0.219     1.328     9.1850     1.3892     1.2669     1.3420     1.4169     1.4100     0.0948
1231.2009     0.9212     0.184     1.342     9.1482     0.9212     1.2669     1.3420     1.4169     1.4100     0.0948
1231.2542     1.4579     0.227     1.355     9.1115     1.4579     1.2669     1.3420     1.4169     1.4100     0.0948
1231.3075     1.1305     0.201     1.368     9.0749     1.1305     1.4170     1.3420     1.4169     1.4100     0.0999
1231.3607     1.0339     0.192     1.381     9.0383     1.0339     1.4170     1.3420     1.4169     1.4100     0.0999
1231.4141     1.6126     0.237     1.394     9.0019     1.6126     1.4170     1.3420     1.4169     1.4100     0.0999
1231.4673     1.7599     0.248     1.407     8.9656     1.7599     1.4170     1.3420     1.4169     1.4100     0.0999
1231.5206     1.5482     0.233     1.419     8.9294     1.5482     1.4170     1.3420     1.4169     1.4100     0.0999
1231.5739     1.4626     0.228     1.431     8.8933     1.4626     1.3297     1.4781     1.5155     1.4100     0.0971
1231.6272     1.0456     0.195     1.443     8.8573     1.0456     1.3297     1.4781     1.5155     1.4100     0.0971
1231.6804     1.4582     0.226     1.455     8.8213     1.4582     1.3297     1.4781     1.5155     1.4100     0.0971
1231.7338     1.2337     0.208     1.466     8.7854     1.2337     1.3297     1.4781     1.5155     1.4100     0.0971
1231.7870     1.4487     0.227     1.478     8.7497     1.4487     1.3297     1.4781     1.5155     1.4100     0.0971
1231.8402     1.6229     0.238     1.489     8.7141     1.6229     1.6265     1.4781     1.5155     1.4100     0.1067
1231.8936     1.4774     0.227     1.500     8.6786     1.4774     1.6265     1.4781     1.5155     1.4100     0.1067
1231.9468     1.4282     0.225     1.511     8.6432     1.4282     1.6265     1.4781     1.5155     1.4100     0.1067
1232.0000     1.5327     0.232     1.521     8.6078     1.5327     1.6265     1.4781     1.5155     1.4100     0.1067
1232.0532     2.0712     0.268     1.532     8.5726     2.0712     1.6265     1.4781     1.5155     1.4100     0.1067
1232.1066     1.4438     0.224     1.542     8.5374     1.4438     1.5902     1.5708     1.5155     1.6078     0.1057
1232.1598     1.2832     0.213     1.552     8.5023     1.2832     1.5902     1.5708     1.5155     1.6078     0.1057
1232.2131     1.7255     0.246     1.562     8.4673     1.7255     1.5902     1.5708     1.5155     1.6078     0.1057
1232.2664     1.8820     0.257     1.572     8.4324     1.8820     1.5902     1.5708     1.5155     1.6078     0.1057
1232.3196     1.6163     0.239     1.581     8.3977     1.6163     1.5902     1.5708     1.5155     1.6078     0.1057
1232.3729     1.7217     0.245     1.590     8.3630     1.7217     1.5514     1.5708     1.6137     1.6078     0.1049
1232.4261     1.6863     0.243     1.600     8.3284     1.6863     1.5514     1.5708     1.6137     1.6078     0.1049
1232.4795     1.3370     0.221     1.609     8.2939     1.3370     1.5514     1.5708     1.6137     1.6078     0.1049
1232.5327     1.3299     0.217     1.617     8.2595     1.3299     1.5514     1.5708     1.6137     1.6078     0.1049
1232.5859     1.6821     0.244     1.626     8.2252     1.6821     1.5514     1.5708     1.6137     1.6078     0.1049
1232.6393     1.5424     0.233     1.635     8.1910     1.5424     1.5599     1.6448     1.6137     1.6078     0.1037
1232.6925     1.3721     0.217     1.643     8.1568     1.3721     1.5599     1.6448     1.6137     1.6078     0.1037
1232.7458     1.5273     0.228     1.651     8.1228     1.5273     1.5599     1.6448     1.6137     1.6078     0.1037
1232.7991     1.8603     0.254     1.659     8.0889     1.8603     1.5599     1.6448     1.6137     1.6078     0.1037
1232.8523     1.4974     0.226     1.667     8.0550     1.4974     1.5599     1.6448     1.6137     1.6078     0.1037
1232.9056     1.7397     0.247     1.675     8.0213     1.7397     1.7297     1.6448     1.6137     1.6078     0.1104
1232.9589     1.3385     0.216     1.682     7.9877     1.3385     1.7297     1.6448     1.6137     1.6078     0.1104
1233.0122     1.5200     0.233     1.690     7.9541     1.5200     1.7297     1.6448     1.6137     1.6078     0.1104
1233.0654     1.9280     0.259     1.697     7.9206     1.9280     1.7297     1.6448     1.6137     1.6078     0.1104
1233.1187     2.1224     0.275     1.704     7.8873     2.1224     1.7297     1.6448     1.6137     1.6078     0.1104
1233.1720     1.4415     0.225     1.711     7.8540     1.4415     1.7912     1.7322     1.7601     1.7438     0.1118
1233.2252     1.6943     0.243     1.718     7.8208     1.6943     1.7912     1.7322     1.7601     1.7438     0.1118
1233.2786     1.8791     0.255     1.725     7.7877     1.8791     1.7912     1.7322     1.7601     1.7438     0.1118
1233.3318     2.0007     0.265     1.731     7.7547     2.0007     1.7912     1.7322     1.7601     1.7438     0.1118
1233.3850     1.9404     0.259     1.737     7.7218     1.9404     1.7912     1.7322     1.7601     1.7438     0.1118
1233.4384     1.7428     0.250     1.744     7.6890     1.7428     1.6732     1.7322     1.7601     1.7438     0.1087
1233.4916     1.5028     0.231     1.750     7.6562     1.5028     1.6732     1.7322     1.7601     1.7438     0.1087
1233.5448     1.5921     0.238     1.756     7.6236     1.5921     1.6732     1.7322     1.7601     1.7438     0.1087
1233.5981     1.5138     0.229     1.762     7.5911     1.5138     1.6732     1.7322     1.7601     1.7438     0.1087
1233.6514     2.0144     0.265     1.767     7.5587     2.0144     1.6732     1.7322     1.7601     1.7438     0.1087
1233.7046     1.2626     0.209     1.773     7.5263     1.2626     1.8158     1.7554     1.7601     1.7438     0.1124
1233.7579     1.5858     0.235     1.779     7.4940     1.5858     1.8158     1.7554     1.7601     1.7438     0.1124
1233.8112     2.2803     0.280     1.784     7.4619     2.2803     1.8158     1.7554     1.7601     1.7438     0.1124
1233.8644     1.8727     0.259     1.789     7.4298     1.8727     1.8158     1.7554     1.7601     1.7438     0.1124
1233.9177     2.0778     0.268     1.794     7.3978     2.0778     1.8158     1.7554     1.7601     1.7438     0.1124
1233.9709     1.9026     0.256     1.799     7.3659     1.9026     1.6950     1.7554     1.7818     1.7438     0.1084
1234.0242     2.0083     0.266     1.804     7.3341     2.0083     1.6950     1.7554     1.7818     1.7438     0.1084
1234.0775     1.3487     0.215     1.809     7.3024     1.3487     1.6950     1.7554     1.7818     1.7438     0.1084
1234.1307     1.4876     0.226     1.813     7.2708     1.4876     1.6950     1.7554     1.7818     1.7438     0.1084
1234.1840     1.7278     0.246     1.818     7.2393     1.7278     1.6950     1.7554     1.7818     1.7438     0.1084
1234.2373     1.8981     0.255     1.822     7.2078     1.8981     1.8359     1.8252     1.7818     1.7891     0.1119
1234.2905     1.6715     0.238     1.827     7.1765     1.6715     1.8359     1.8252     1.7818     1.7891     0.1119
1234.3438     2.1333     0.268     1.831     7.1452     2.1333     1.8359     1.8252     1.7818     1.7891     0.1119
1234.3971     1.8663     0.253     1.835     7.1141     1.8663     1.8359     1.8252     1.7818     1.7891     0.1119
1234.4503     1.6100     0.236     1.839     7.0830     1.6100     1.8359     1.8252     1.7818     1.7891     0.1119
1234.5035     1.6300     0.237     1.843     7.0520     1.6300     1.8146     1.8252     1.7818     1.7891     0.1104
1234.5569     1.7865     0.244     1.847     7.0211     1.7865     1.8146     1.8252     1.7818     1.7891     0.1104
1234.6101     2.0785     0.263     1.850     6.9903     2.0785     1.8146     1.8252     1.7818     1.7891     0.1104
1234.6633     1.6190     0.233     1.854     6.9596     1.6190     1.8146     1.8252     1.7818     1.7891     0.1104
1234.7166     1.9590     0.256     1.858     6.9289     1.9590     1.8146     1.8252     1.7818     1.7891     0.1104
1234.7699     1.2161     0.204     1.861     6.8984     1.2161     1.7996     1.7529     1.7989     1.7891     0.1112
1234.8231     2.3975     0.288     1.864     6.8679     2.3975     1.7996     1.7529     1.7989     1.7891     0.1112
1234.8763     2.0876     0.266     1.868     6.8376     2.0876     1.7996     1.7529     1.7989     1.7891     0.1112
1234.9297     1.5079     0.229     1.871     6.8073     1.5079     1.7996     1.7529     1.7989     1.7891     0.1112
1234.9829     1.7888     0.247     1.874     6.7771     1.7888     1.7996     1.7529     1.7989     1.7891     0.1112
1235.0361     1.5319     0.227     1.877     6.7470     1.5319     1.7062     1.7529     1.7989     1.7891     0.1073
1235.0894     1.4615     0.222     1.880     6.7170     1.4615     1.7062     1.7529     1.7989     1.7891     0.1073
1235.1427     1.9624     0.257     1.883     6.6871     1.9624     1.7062     1.7529     1.7989     1.7891     0.1073
1235.1959     1.6776     0.236     1.885     6.6573     1.6776     1.7062     1.7529     1.7989     1.7891     0.1073
1235.2491     1.8977     0.255     1.888     6.6275     1.8977     1.7062     1.7529     1.7989     1.7891     0.1073
1235.3025     1.5983     0.234     1.891     6.5979     1.5983     1.8909     1.8960     1.7989     1.9693     0.1129
1235.3557     1.9383     0.256     1.893     6.5683     1.9383     1.8909     1.8960     1.7989     1.9693     0.1129
1235.4089     1.8004     0.246     1.896     6.5389     1.8004     1.8909     1.8960     1.7989     1.9693     0.1129
1235.4622     1.9682     0.256     1.898     6.5095     1.9682     1.8909     1.8960     1.7989     1.9693     0.1129
1235.5155     2.1493     0.267     1.900     6.4802     2.1493     1.8909     1.8960     1.7989     1.9693     0.1129
1235.5687     2.1659     0.270     1.903     6.4509     2.1659     1.9011     1.8960     1.9954     1.9693     0.1133
1235.6219     2.0059     0.262     1.905     6.4218     2.0059     1.9011     1.8960     1.9954     1.9693     0.1133
1235.6752     1.9568     0.256     1.907     6.3928     1.9568     1.9011     1.8960     1.9954     1.9693     0.1133
1235.7285     1.6798     0.240     1.909     6.3638     1.6798     1.9011     1.8960     1.9954     1.9693     0.1133
1235.7817     1.6970     0.239     1.911     6.3349     1.6970     1.9011     1.8960     1.9954     1.9693     0.1133
1235.8350     2.1536     0.268     1.913     6.3061     2.1536     2.0715     2.0426     1.9954     1.9693     0.1176
1235.8882     2.1930     0.271     1.915     6.2774     2.1930     2.0715     2.0426     1.9954     1.9693     0.1176
1235.9414     1.9586     0.257     1.917     6.2488     1.9586     2.0715     2.0426     1.9954     1.9693     0.1176
1235.9948     2.6159     0.294     1.919     6.2203     2.6159     2.0715     2.0426     1.9954     1.9693     0.1176
1236.0480     1.4363     0.220     1.921     6.1919     1.4363     2.0715     2.0426     1.9954     1.9693     0.1176
1236.1012     2.0023     0.257     1.922     6.1636     2.0023     2.0137     2.0426     1.9954     1.9693     0.1155
1236.1544     1.7109     0.236     1.924     6.1353     1.7109     2.0137     2.0426     1.9954     1.9693     0.1155
1236.2078     1.7586     0.243     1.926     6.1071     1.7586     2.0137     2.0426     1.9954     1.9693     0.1155
1236.2610     2.4198     0.283     1.927     6.0790     2.4198     2.0137     2.0426     1.9954     1.9693     0.1155
1236.3142     2.1769     0.270     1.929     6.0510     2.1769     2.0137     2.0426     1.9954     1.9693     0.1155
1236.3674     2.0597     0.260     1.930     6.0231     2.0597     2.0384     1.9669     1.9783     1.9755     0.1163
1236.4207     2.1694     0.269     1.932     5.9952     2.1694     2.0384     1.9669     1.9783     1.9755     0.1163
1236.4740     1.7566     0.242     1.933     5.9675     1.7566     2.0384     1.9669     1.9783     1.9755     0.1163
1236.5272     2.4763     0.288     1.935     5.9398     2.4763     2.0384     1.9669     1.9783     1.9755     0.1163
1236.5804     1.7298     0.239     1.936     5.9123     1.7298     2.0384     1.9669     1.9783     1.9755     0.1163
1236.6337     2.0801     0.265     1.938     5.8848     2.0801     1.8954     1.9669     1.9783     1.9755     0.1125
1236.6869     1.8758     0.249     1.939     5.8574     1.8758     1.8954     1.9669     1.9783     1.9755     0.1125
1236.7402     1.7907     0.246     1.940     5.8300     1.7907     1.8954     1.9669     1.9783     1.9755     0.1125
1236.7935     2.1730     0.268     1.942     5.8028     2.1730     1.8954     1.9669     1.9783     1.9755     0.1125
1236.8467     1.5574     0.228     1.943     5.7756     1.5574     1.8954     1.9669     1.9783     1.9755     0.1125
1236.8999     1.7075     0.238     1.944     5.7485     1.7075     2.0013     1.9842     1.9783     1.9755     0.1151
1236.9531     2.0014     0.257     1.945     5.7216     2.0014     2.0013     1.9842     1.9783     1.9755     0.1151
1237.0063     1.6871     0.237     1.947     5.6947     1.6871     2.0013     1.9842     1.9783     1.9755     0.1151
1237.0597     2.3534     0.279     1.948     5.6678     2.3534     2.0013     1.9842     1.9783     1.9755     0.1151
1237.1129     2.2570     0.273     1.949     5.6411     2.2570     2.0013     1.9842     1.9783     1.9755     0.1151
1237.1661     1.5426     0.229     1.950     5.6144     1.5426     1.9671     1.9842     1.9188     1.9755     0.1143
1237.2194     2.1297     0.265     1.951     5.5879     2.1297     1.9671     1.9842     1.9188     1.9755     0.1143
1237.2726     2.3934     0.283     1.953     5.5614     2.3934     1.9671     1.9842     1.9188     1.9755     0.1143
1237.3258     1.8302     0.244     1.954     5.5350     1.8302     1.9671     1.9842     1.9188     1.9755     0.1143
1237.3792     1.9398     0.253     1.955     5.5087     1.9398     1.9671     1.9842     1.9188     1.9755     0.1143
1237.4324     2.0018     0.257     1.956     5.4824     2.0018     1.9427     1.8946     1.9188     1.9598     0.1134
1237.4856     2.0233     0.260     1.957     5.4562     2.0233     1.9427     1.8946     1.9188     1.9598     0.1134
1237.5388     2.1792     0.267     1.959     5.4302     2.1792     1.9427     1.8946     1.9188     1.9598     0.1134
1237.5920     1.7657     0.242     1.960     5.4042     1.7657     1.9427     1.8946     1.9188     1.9598     0.1134
1237.6453     1.7436     0.239     1.961     5.3783     1.7436     1.9427     1.8946     1.9188     1.9598     0.1134
1237.6986     1.7388     0.241     1.962     5.3525     1.7388     1.8464     1.8946     1.9188     1.9598     0.1108
1237.7518     1.8570     0.246     1.963     5.3267     1.8570     1.8464     1.8946     1.9188     1.9598     0.1108
1237.8051     2.0927     0.266     1.965     5.3010     2.0927     1.8464     1.8946     1.9188     1.9598     0.1108
1237.8583     1.8327     0.248     1.966     5.2754     1.8327     1.8464     1.8946     1.9188     1.9598     0.1108
1237.9115     1.7109     0.237     1.967     5.2499     1.7109     1.8464     1.8946     1.9188     1.9598     0.1108
1237.9647     1.9526     0.253     1.969     5.2246     1.9526     2.0827     2.0250     1.9581     1.9598     0.1180
1238.0179     2.2484     0.277     1.970     5.1992     2.2484     2.0827     2.0250     1.9581     1.9598     0.1180
1238.0712     2.3915     0.280     1.971     5.1739     2.3915     2.0827     2.0250     1.9581     1.9598     0.1180
1238.1245     1.5723     0.231     1.973     5.1487     1.5723     2.0827     2.0250     1.9581     1.9598     0.1180
1238.1777     2.2490     0.275     1.974     5.1236     2.2490     2.0827     2.0250     1.9581     1.9598     0.1180
1238.2310     1.9569     0.254     1.975     5.0987     1.9569     1.9672     2.0250     1.9581     1.9598     0.1145
1238.2842     1.8678     0.250     1.977     5.0737     1.8678     1.9672     2.0250     1.9581     1.9598     0.1145
1238.3374     1.7836     0.244     1.978     5.0489     1.7836     1.9672     2.0250     1.9581     1.9598     0.1145
1238.3906     2.2837     0.276     1.980     5.0241     2.2837     1.9672     2.0250     1.9581     1.9598     0.1145
1238.4438     1.9438     0.255     1.981     4.9994     1.9438     1.9672     2.0250     1.9581     1.9598     0.1145
1238.4971     2.0152     0.258     1.983     4.9748     2.0152     1.8244     1.8465     1.9581     1.8705     0.1096
1238.5503     1.5811     0.229     1.984     4.9503     1.5811     1.8244     1.8465     1.9581     1.8705     0.1096
1238.6035     1.9098     0.252     1.986     4.9258     1.9098     1.8244     1.8465     1.9581     1.8705     0.1096
1238.6569     1.8640     0.244     1.988     4.9014     1.8640     1.8244     1.8465     1.9581     1.8705     0.1096
1238.7101     1.7518     0.241     1.990     4.8772     1.7518     1.8244     1.8465     1.9581     1.8705     0.1096
1238.7633     1.8721     0.247     1.991     4.8529     1.8721     1.8687     1.8465     1.8859     1.8705     0.1102
1238.8165     1.8710     0.247     1.993     4.8288     1.8710     1.8687     1.8465     1.8859     1.8705     0.1102
1238.8698     1.6379     0.233     1.995     4.8047     1.6379     1.8687     1.8465     1.8859     1.8705     0.1102
1238.9230     1.8549     0.244     1.997     4.7808     1.8549     1.8687     1.8465     1.8859     1.8705     0.1102
1238.9762     2.1074     0.261     1.999     4.7569     2.1074     1.8687     1.8465     1.8859     1.8705     0.1102
1239.0294     2.0029     0.257     2.001     4.7331     2.0029     1.8526     1.8944     1.8859     1.8705     0.1104
1239.0826     1.6666     0.234     2.003     4.7093     1.6666     1.8526     1.8944     1.8859     1.8705     0.1104
1239.1359     1.6411     0.232     2.005     4.6857     1.6411     1.8526     1.8944     1.8859     1.8705     0.1104
1239.1891     1.9084     0.252     2.008     4.6621     1.9084     1.8526     1.8944     1.8859     1.8705     0.1104
1239.2423     2.0437     0.258     2.010     4.6386     2.0437     1.8526     1.8944     1.8859     1.8705     0.1104
1239.2955     1.9914     0.255     2.012     4.6151     1.9914     1.9363     1.8944     1.8859     1.8705     0.1122
1239.3488     1.9537     0.252     2.015     4.5918     1.9537     1.9363     1.8944     1.8859     1.8705     0.1122
1239.4020     1.9995     0.254     2.017     4.5686     1.9995     1.9363     1.8944     1.8859     1.8705     0.1122
1239.4552     1.7842     0.244     2.020     4.5454     1.7842     1.9363     1.8944     1.8859     1.8705     0.1122
1239.5085     1.9528     0.250     2.022     4.5222     1.9528     1.9363     1.8944     1.8859     1.8705     0.1122
1239.5618     2.2978     0.274     2.025     4.4992     2.2978     2.0973     2.0577     2.0791     2.0688     0.1162
1239.6150     2.0924     0.257     2.028     4.4763     2.0924     2.0973     2.0577     2.0791     2.0688     0.1162
1239.6682     2.1061     0.260     2.031     4.4534     2.1061     2.0973     2.0577     2.0791     2.0688     0.1162
1239.7214     1.8975     0.248     2.033     4.4306     1.8975     2.0973     2.0577     2.0791     2.0688     0.1162
1239.7747     2.0927     0.259     2.037     4.4079     2.0927     2.0973     2.0577     2.0791     2.0688     0.1162
1239.8279     1.7532     0.237     2.040     4.3852     1.7532     2.0182     2.0577     2.0791     2.0688     0.1138
1239.8811     2.2993     0.272     2.043     4.3626     2.2993     2.0182     2.0577     2.0791     2.0688     0.1138
1239.9343     1.8356     0.244     2.046     4.3402     1.8356     2.0182     2.0577     2.0791     2.0688     0.1138
1239.9875     2.2539     0.268     2.049     4.3177     2.2539     2.0182     2.0577     2.0791     2.0688     0.1138
1240.0408     1.9490     0.250     2.053     4.2954     1.9490     2.0182     2.0577     2.0791     2.0688     0.1138
1240.0940     2.0954     0.259     2.056     4.2731     2.0954     2.1217     2.0799     2.0791     2.0688     0.1163
1240.1472     2.3908     0.277     2.060     4.2509     2.3908     2.1217     2.0799     2.0791     2.0688     0.1163
1240.2004     2.0623     0.254     2.064     4.2288     2.0623     2.1217     2.0799     2.0791     2.0688     0.1163
1240.2537     1.8481     0.245     2.068     4.2068     1.8481     2.1217     2.0799     2.0791     2.0688     0.1163
1240.3069     2.2120     0.264     2.071     4.1848     2.2120     2.1217     2.0799     2.0791     2.0688     0.1163
1240.3601     1.7394     0.237     2.075     4.1629     1.7394     2.0382     2.0799     2.1890     2.0688     0.1133
1240.4133     2.2612     0.267     2.080     4.1411     2.2612     2.0382     2.0799     2.1890     2.0688     0.1133
1240.4666     2.1069     0.256     2.084     4.1194     2.1069     2.0382     2.0799     2.1890     2.0688     0.1133
1240.5198     2.0669     0.255     2.088     4.0977     2.0669     2.0382     2.0799     2.1890     2.0688     0.1133
1240.5730     2.0164     0.251     2.093     4.0762     2.0164     2.0382     2.0799     2.1890     2.0688     0.1133
1240.6262     2.3880     0.274     2.097     4.0546     2.3880     2.3207     2.2644     2.1890     2.2877     0.1212
1240.6794     2.5056     0.283     2.102     4.0332     2.5056     2.3207     2.2644     2.1890     2.2877     0.1212
1240.7327     2.3452     0.272     2.107     4.0119     2.3452     2.3207     2.2644     2.1890     2.2877     0.1212
1240.7859     1.9765     0.252     2.111     3.9906     1.9765     2.3207     2.2644     2.1890     2.2877     0.1212
1240.8391     2.3881     0.274     2.116     3.9693     2.3881     2.3207     2.2644     2.1890     2.2877     0.1212
1240.8923     2.2934     0.269     2.122     3.9482     2.2934     2.2081     2.2644     2.1890     2.2877     0.1178
1240.9456     2.1079     0.256     2.127     3.9271     2.1079     2.2081     2.2644     2.1890     2.2877     0.1178
1240.9988     1.9969     0.252     2.132     3.9061     1.9969     2.2081     2.2644     2.1890     2.2877     0.1178
1241.0520     2.3003     0.266     2.138     3.8853     2.3003     2.2081     2.2644     2.1890     2.2877     0.1178
1241.1052     2.3422     0.273     2.143     3.8644     2.3422     2.2081     2.2644     2.1890     2.2877     0.1178
1241.1583     2.6267     0.284     2.149     3.8436     2.6267     2.3735     2.3110     2.3022     2.2877     0.1219
1241.2115     2.2389     0.266     2.155     3.8230     2.2389     2.3735     2.3110     2.3022     2.2877     0.1219
1241.2648     2.3503     0.274     2.161     3.8023     2.3503     2.3735     2.3110     2.3022     2.2877     0.1219
1241.3180     2.3030     0.268     2.167     3.7818     2.3030     2.3735     2.3110     2.3022     2.2877     0.1219
1241.3712     2.3484     0.270     2.173     3.7613     2.3484     2.3735     2.3110     2.3022     2.2877     0.1219
1241.4244     1.8684     0.244     2.180     3.7409     1.8684     2.2486     2.3110     2.3022     2.2877     0.1188
1241.4777     2.1624     0.259     2.186     3.7206     2.1624     2.2486     2.3110     2.3022     2.2877     0.1188
1241.5309     2.5742     0.281     2.193     3.7003     2.5742     2.2486     2.3110     2.3022     2.2877     0.1188
1241.5841     2.2489     0.267     2.200     3.6801     2.2489     2.2486     2.3110     2.3022     2.2877     0.1188
1241.6373     2.3890     0.275     2.207     3.6600     2.3890     2.2486     2.3110     2.3022     2.2877     0.1188
1241.6906     2.2364     0.262     2.214     3.6400     2.2364     2.2845     2.2715     2.3022     2.3366     0.1192
1241.7438     2.1437     0.263     2.221     3.6201     2.1437     2.2845     2.2715     2.3022     2.3366     0.1192
1241.7970     2.5895     0.285     2.229     3.6001     2.5895     2.2845     2.2715     2.3022     2.3366     0.1192
1241.8502     2.3051     0.267     2.236     3.5803     2.3051     2.2845     2.2715     2.3022     2.3366     0.1192
1241.9034     2.1478     0.255     2.244     3.5606     2.1478     2.2845     2.2715     2.3022     2.3366     0.1192
1241.9565     2.1685     0.260     2.252     3.5409     2.1685     2.2585     2.2715     2.3539     2.3366     0.1187
1242.0098     2.3497     0.268     2.260     3.5213     2.3497     2.2585     2.2715     2.3539     2.3366     0.1187
1242.0630     2.0734     0.256     2.268     3.5018     2.0734     2.2585     2.2715     2.3539     2.3366     0.1187
1242.1162     2.6616     0.287     2.276     3.4823     2.6616     2.2585     2.2715     2.3539     2.3366     0.1187
1242.1694     2.0391     0.254     2.285     3.4629     2.0391     2.2585     2.2715     2.3539     2.3366     0.1187
1242.2227     2.4475     0.274     2.294     3.4436     2.4475     2.4105     2.4017     2.3539     2.3366     0.1216
1242.2759     2.4069     0.270     2.302     3.4244     2.4069     2.4105     2.4017     2.3539     2.3366     0.1216
1242.3291     2.6017     0.283     2.311     3.4052     2.6017     2.4105     2.4017     2.3539     2.3366     0.1216
1242.3823     2.2484     0.261     2.321     3.3861     2.2484     2.4105     2.4017     2.3539     2.3366     0.1216
1242.4355     2.3481     0.270     2.330     3.3670     2.3481     2.4105     2.4017     2.3539     2.3366     0.1216
1242.4886     2.3745     0.271     2.340     3.3480     2.3745     2.3928     2.4017     2.3539     2.3366     0.1216
1242.5419     3.1872     0.317     2.349     3.3292     3.1872     2.3928     2.4017     2.3539     2.3366     0.1216
1242.5951     2.0211     0.247     2.359     3.3103     2.0211     2.3928     2.4017     2.3539     2.3366     0.1216
1242.6483     2.2552     0.265     2.369     3.2916     2.2552     2.3928     2.4017     2.3539     2.3366     0.1216
1242.7015     2.1262     0.254     2.379     3.2729     2.1262     2.3928     2.4017     2.3539     2.3366     0.1216
1242.7548     2.8121     0.295     2.390     3.2543     2.8121     2.4813     2.5536     2.5694     2.5133     0.1237
1242.8080     2.4958     0.277     2.400     3.2357     2.4958     2.4813     2.5536     2.5694     2.5133     0.1237
1242.8612     2.0397     0.254     2.411     3.2173     2.0397     2.4813     2.5536     2.5694     2.5133     0.1237
1242.9143     2.2498     0.261     2.422     3.1989     2.2498     2.4813     2.5536     2.5694     2.5133     0.1237
1242.9675     2.8093     0.294     2.433     3.1805     2.8093     2.4813     2.5536     2.5694     2.5133     0.1237
1243.0208     2.7954     0.294     2.445     3.1623     2.7954     2.6258     2.5536     2.5694     2.5133     0.1275
1243.0740     2.9103     0.300     2.456     3.1440     2.9103     2.6258     2.5536     2.5694     2.5133     0.1275
1243.1272     2.2133     0.261     2.468     3.1259     2.2133     2.6258     2.5536     2.5694     2.5133     0.1275
1243.1804     2.8346     0.299     2.480     3.1079     2.8346     2.6258     2.5536     2.5694     2.5133     0.1275
1243.2336     2.3754     0.269     2.492     3.0899     2.3754     2.6258     2.5536     2.5694     2.5133     0.1275
1243.2867     2.9124     0.301     2.505     3.0719     2.9124     2.6010     2.4730     2.5694     2.5133     0.1268
1243.3400     2.4017     0.273     2.517     3.0541     2.4017     2.6010     2.4730     2.5694     2.5133     0.1268
1243.3932     2.5450     0.280     2.530     3.0363     2.5450     2.6010     2.4730     2.5694     2.5133     0.1268
1243.4464     2.4432     0.275     2.543     3.0186     2.4432     2.6010     2.4730     2.5694     2.5133     0.1268
1243.4996     2.7029     0.287     2.556     3.0009     2.7029     2.6010     2.4730     2.5694     2.5133     0.1268
1243.5529     2.9684     0.303     2.570     2.9834     2.9684     2.3450     2.4730     2.5640     2.5133     0.1197
1243.6060     2.0763     0.251     2.583     2.9658     2.0763     2.3450     2.4730     2.5640     2.5133     0.1197
1243.6592     2.0219     0.248     2.597     2.9484     2.0219     2.3450     2.4730     2.5640     2.5133     0.1197
1243.7124     2.0824     0.253     2.611     2.9310     2.0824     2.3450     2.4730     2.5640     2.5133     0.1197
1243.7656     2.5759     0.279     2.625     2.9137     2.5759     2.3450     2.4730     2.5640     2.5133     0.1197
1243.8188     2.9196     0.296     2.640     2.8965     2.9196     2.8065     2.6735     2.5640     2.7575     0.1308
1243.8719     3.1831     0.313     2.654     2.8793     3.1831     2.8065     2.6735     2.5640     2.7575     0.1308
1243.9252     2.2240     0.260     2.669     2.8622     2.2240     2.8065     2.6735     2.5640     2.7575     0.1308
1243.9784     3.0762     0.309     2.684     2.8451     3.0762     2.8065     2.6735     2.5640     2.7575     0.1308
1244.0316     2.6294     0.281     2.700     2.8281     2.6294     2.8065     2.6735     2.5640     2.7575     0.1308
1244.0848     2.1593     0.255     2.715     2.8113     2.1593     2.5405     2.6735     2.5640     2.7575     0.1246
1244.1381     2.3638     0.266     2.731     2.7944     2.3638     2.5405     2.6735     2.5640     2.7575     0.1246
1244.1912     2.6203     0.282     2.747     2.7776     2.6203     2.5405     2.6735     2.5640     2.7575     0.1246
1244.2444     2.7549     0.293     2.764     2.7609     2.7549     2.5405     2.6735     2.5640     2.7575     0.1246
1244.2976     2.8045     0.295     2.780     2.7443     2.8045     2.5405     2.6735     2.5640     2.7575     0.1246
1244.3508     2.8350     0.295     2.797     2.7277     2.8350     2.7766     2.8416     2.9057     2.7575     0.1301
1244.4039     2.4390     0.276     2.814     2.7112     2.4390     2.7766     2.8416     2.9057     2.7575     0.1301
1244.4572     2.5708     0.279     2.831     2.6947     2.5708     2.7766     2.8416     2.9057     2.7575     0.1301
1244.5104     3.2293     0.314     2.849     2.6783     3.2293     2.7766     2.8416     2.9057     2.7575     0.1301
1244.5636     2.8087     0.290     2.866     2.6620     2.8087     2.7766     2.8416     2.9057     2.7575     0.1301
1244.6168     2.6383     0.284     2.884     2.6458     2.6383     2.9066     2.8416     2.9057     2.7575     0.1330
1244.6699     3.1873     0.312     2.903     2.6296     3.1873     2.9066     2.8416     2.9057     2.7575     0.1330
1244.7231     2.5222     0.279     2.921     2.6135     2.5222     2.9066     2.8416     2.9057     2.7575     0.1330
1244.7764     3.4175     0.318     2.940     2.5974     3.4175     2.9066     2.8416     2.9057     2.7575     0.1330
1244.8296     2.7675     0.291     2.959     2.5814     2.7675     2.9066     2.8416     2.9057     2.7575     0.1330
1244.8827     3.6353     0.329     2.978     2.5655     3.6353     3.0341     2.7840     2.9057     2.9405     0.1355
1244.9359     2.5452     0.278     2.997     2.5496     2.5452     3.0341     2.7840     2.9057     2.9405     0.1355
1244.9891     2.9380     0.298     3.017     2.5338     2.9380     3.0341     2.7840     2.9057     2.9405     0.1355
1245.0424     3.4029     0.324     3.037     2.5181     3.4029     3.0341     2.7840     2.9057     2.9405     0.1355
1245.0955     2.6492     0.282     3.057     2.5024     2.6492     3.0341     2.7840     2.9057     2.9405     0.1355
1245.1487     2.4258     0.271     3.078     2.4868     2.4258     2.5339     2.7840     2.9093     2.9405     0.1245
1245.2019     2.6654     0.284     3.099     2.4713     2.6654     2.5339     2.7840     2.9093     2.9405     0.1245
1245.2551     2.4393     0.276     3.120     2.4558     2.4393     2.5339     2.7840     2.9093     2.9405     0.1245
1245.3082     2.5929     0.278     3.141     2.4404     2.5929     2.5339     2.7840     2.9093     2.9405     0.1245
1245.3615     2.5460     0.283     3.163     2.4250     2.5460     2.5339     2.7840     2.9093     2.9405     0.1245
1245.4147     2.2384     0.259     3.185     2.4097     2.2384     2.7184     3.0970     2.9093     2.9405     0.1275
1245.4679     2.5492     0.277     3.207     2.3945     2.5492     2.7184     3.0970     2.9093     2.9405     0.1275
1245.5210     2.3743     0.266     3.229     2.3794     2.3743     2.7184     3.0970     2.9093     2.9405     0.1275
1245.5742     3.0790     0.304     3.252     2.3642     3.0790     2.7184     3.0970     2.9093     2.9405     0.1275
1245.6274     3.3514     0.316     3.275     2.3492     3.3514     2.7184     3.0970     2.9093     2.9405     0.1275
1245.6805     3.4738     0.327     3.298     2.3343     3.4738     3.4755     3.0970     2.9093     2.9405     0.1449
1245.7338     3.5321     0.326     3.322     2.3193     3.5321     3.4755     3.0970     2.9093     2.9405     0.1449
1245.7870     3.5003     0.328     3.346     2.3045     3.5003     3.4755     3.0970     2.9093     2.9405     0.1449
1245.8402     3.3125     0.315     3.370     2.2897     3.3125     3.4755     3.0970     2.9093     2.9405     0.1449
1245.8933     3.5589     0.325     3.394     2.2750     3.5589     3.4755     3.0970     2.9093     2.9405     0.1449
1245.9465     3.7668     0.336     3.419     2.2603     3.7668     3.1593     3.3306     3.4295     3.2825     0.1371
1245.9998     2.5653     0.274     3.444     2.2457     2.5653     3.1593     3.3306     3.4295     3.2825     0.1371
1246.0529     3.4796     0.320     3.469     2.2312     3.4796     3.1593     3.3306     3.4295     3.2825     0.1371
1246.1061     2.9487     0.299     3.495     2.2167     2.9487     3.1593     3.3306     3.4295     3.2825     0.1371
1246.1593     3.0362     0.301     3.521     2.2023     3.0362     3.1593     3.3306     3.4295     3.2825     0.1371
1246.2125     3.2355     0.308     3.547     2.1879     3.2355     3.5018     3.3306     3.4295     3.2825     0.1439
1246.2656     2.8962     0.295     3.574     2.1736     2.8962     3.5018     3.3306     3.4295     3.2825     0.1439
1246.3188     4.0610     0.346     3.601     2.1594     4.0610     3.5018     3.3306     3.4295     3.2825     0.1439
1246.3721     3.5966     0.325     3.628     2.1452     3.5966     3.5018     3.3306     3.4295     3.2825     0.1439
1246.4252     3.7198     0.333     3.655     2.1311     3.7198     3.5018     3.3306     3.4295     3.2825     0.1439
1246.4784     3.4010     0.318     3.683     2.1171     3.4010     3.6273     3.2344     3.4295     3.2825     0.1467
1246.5316     4.2285     0.353     3.711     2.1031     4.2285     3.6273     3.2344     3.4295     3.2825     0.1467
1246.5847     3.0785     0.303     3.739     2.0892     3.0785     3.6273     3.2344     3.4295     3.2825     0.1467
1246.6379     3.8531     0.337     3.768     2.0753     3.8531     3.6273     3.2344     3.4295     3.2825     0.1467
1246.6912     3.5753     0.327     3.797     2.0615     3.5753     3.6273     3.2344     3.4295     3.2825     0.1467
1246.7443     3.1638     0.307     3.826     2.0477     3.1638     2.8415     3.2344     3.7268     3.2825     0.1302
1246.7975     2.4085     0.268     3.856     2.0341     2.4085     2.8415     3.2344     3.7268     3.2825     0.1302
1246.8507     2.6165     0.279     3.886     2.0205     2.6165     2.8415     3.2344     3.7268     3.2825     0.1302
1246.9038     2.9087     0.294     3.916     2.0069     2.9087     2.8415     3.2344     3.7268     3.2825     0.1302
1246.9570     3.1101     0.306     3.947     1.9934     3.1101     2.8415     3.2344     3.7268     3.2825     0.1302
1247.0103     4.2679     0.356     3.978     1.9799     4.2679     4.0310     4.1695     3.7268     4.2491     0.1552
1247.0634     3.4406     0.323     4.009     1.9665     3.4406     4.0310     4.1695     3.7268     4.2491     0.1552
1247.1166     4.4018     0.363     4.041     1.9532     4.4018     4.0310     4.1695     3.7268     4.2491     0.1552
1247.1697     4.1193     0.351     4.073     1.9399     4.1193     4.0310     4.1695     3.7268     4.2491     0.1552
1247.2229     3.9255     0.341     4.105     1.9267     3.9255     4.0310     4.1695     3.7268     4.2491     0.1552
1247.2761     4.0784     0.348     4.138     1.9136     4.0784     4.3080     4.1695     3.7268     4.2491     0.1597
1247.3292     4.5720     0.367     4.171     1.9005     4.5720     4.3080     4.1695     3.7268     4.2491     0.1597
1247.3824     4.6154     0.369     4.204     1.8874     4.6154     4.3080     4.1695     3.7268     4.2491     0.1597
1247.4357     4.1195     0.346     4.237     1.8745     4.1195     4.3080     4.1695     3.7268     4.2491     0.1597
1247.4888     4.1549     0.354     4.271     1.8616     4.1549     4.3080     4.1695     3.7268     4.2491     0.1597
1247.5420     4.5692     0.362     4.306     1.8487     4.5692     4.3254     4.3286     4.4884     4.2491     0.1588
1247.5951     3.8722     0.338     4.340     1.8359     3.8722     4.3254     4.3286     4.4884     4.2491     0.1588
1247.6483     4.6672     0.369     4.376     1.8232     4.6672     4.3254     4.3286     4.4884     4.2491     0.1588
1247.7015     4.1716     0.348     4.411     1.8105     4.1716     4.3254     4.3286     4.4884     4.2491     0.1588
1247.7546     4.3469     0.356     4.447     1.7978     4.3469     4.3254     4.3286     4.4884     4.2491     0.1588
1247.8079     4.1445     0.348     4.483     1.7853     4.1445     4.3318     4.3286     4.4884     4.2491     0.1595
1247.8611     4.3012     0.353     4.519     1.7728     4.3012     4.3318     4.3286     4.4884     4.2491     0.1595
1247.9142     4.5191     0.366     4.556     1.7603     4.5191     4.3318     4.3286     4.4884     4.2491     0.1595
1247.9674     3.9946     0.342     4.593     1.7479     3.9946     4.3318     4.3286     4.4884     4.2491     0.1595
1248.0205     4.6999     0.373     4.631     1.7356     4.6999     4.3318     4.3286     4.4884     4.2491     0.1595
1248.0737     4.8874     0.385     4.669     1.7233     4.8874     4.8079     4.8775     4.4884     4.8117     0.1675
1248.1268     4.4869     0.359     4.707     1.7110     4.4869     4.8079     4.8775     4.4884     4.5711     0.1675
1248.1801     4.8097     0.374     4.745     1.6989     4.8097     4.8079     4.8775     4.4884     4.5711     0.1675
1248.2333     4.6129     0.365     4.785     1.6868     4.6129     4.8079     4.8775     4.4884     4.5711     0.1675
1248.2864     5.2428     0.388     4.824     1.6747     5.2428     4.8079     4.8775     4.4884     4.5711     0.1675
1248.3396     4.5842     0.366     4.864     1.6627     4.5842     4.9470     4.8775     4.8129     4.5711     0.1699
1248.3927     4.9730     0.381     4.904     1.6508     4.9730     4.9470     4.8775     4.4920     4.5711     0.1699
1248.4459     5.3882     0.398     4.944     1.6389     5.3882     4.9470     4.8775     4.4920     4.5711     0.1699
1248.4991     5.1538     0.384     4.985     1.6270     5.1538     4.9470     4.8775     4.4920     4.5711     0.1699
1248.5522     4.6356     0.369     5.026     1.6153     4.6356     4.9470     4.8775     4.4920     4.5711     0.1699
1248.6055     4.6438     0.367     5.068     1.6035     4.6438     5.1276     4.7459     4.4920     4.5711     0.1725
1248.6586     5.3078     0.397     5.110     1.5919     5.3078     5.1276     4.2713     4.4920     4.5711     0.1725
1248.7118     5.1908     0.385     5.152     1.5803     5.1908     5.1276     4.2713     4.4920     4.5711     0.1725
1248.7649     5.3697     0.394     5.195     1.5687     5.3697     5.1276     4.2713     4.4920     4.5711     0.1725
1248.8181     5.1260     0.384     5.238     1.5572     5.1260     5.1276     4.2713     4.4920     4.5711     0.1725
1248.8712     6.1057     0.425     5.282     1.5458     6.1057     4.3641     4.2713     4.4920     4.5711     0.1591
1248.9244     6.1229     0.417     5.326     1.5344     6.1229     3.4913     4.2713     4.4920     4.5711     0.1423
1248.9777     5.0999     0.392     5.370     1.5230     5.0999     3.4913     4.2713     4.4920     4.5711     0.1423
1249.0308     4.4919     0.353     5.415     1.5117     4.4919     3.4913     4.2713     4.4920     4.5711     0.1423
1249.0840     0.0000     0.000     5.460     1.5005     0.0000     3.4913     4.2713     4.4920     4.5711     0.1423
1249.1371     0.0000     0.000     5.506     1.4894     0.0000     3.4913     4.2713     4.4920     4.5711     0.1423
1249.1903     0.0000     0.000     5.552     1.4782     0.0000     3.4913     4.2713     4.4920     4.5711     0.1423
