1209.9678     0.7609     0.196     0.006     0.1160     0.7609     0.8996     0.8473     0.8215     0.8149     0.0950
1210.0212     1.0004     0.225     0.009     0.1158     1.0004     0.8996     0.8473     0.8215     0.8149     0.0950
1210.0746     1.5454     0.274     0.013     0.1156     1.5454     0.8996     0.8473     0.8215     0.8149     0.0950
1210.1281     0.5261     0.167     0.017     0.1154     0.5261     0.8996     0.8473     0.8215     0.8149     0.0950
1210.1814     0.6650     0.185     0.021     0.1153     0.6650     0.8996     0.8473     0.8215     0.8149     0.0950
1210.2349     0.7574     0.197     0.025     0.1151     0.7574     0.8679     0.7824     0.8215     0.8149     0.0932
1210.2883     0.9460     0.217     0.029     0.1149     0.9460     0.8679     0.7824     0.8215     0.8149     0.0932
1210.3417     0.7036     0.188     0.032     0.1147     0.7036     0.8679     0.7824     0.8215     0.8149     0.0932
1210.3951     1.1378     0.238     0.036     0.1146     1.1378     0.8679     0.7824     0.8215     0.8149     0.0932
1210.4485     0.7945     0.198     0.040     0.1144     0.7945     0.8679     0.7824     0.8215     0.8149     0.0932
1210.5020     0.8747     0.209     0.044     0.1142     0.8747     0.6970     0.7824     0.8215     0.8149     0.0838
1210.5553     0.6511     0.182     0.048     0.1140     0.6511     0.6970     0.7824     0.8215     0.8149     0.0838
1210.6088     0.7412     0.192     0.051     0.1138     0.7412     0.6970     0.7824     0.8215     0.8149     0.0838
1210.6622     0.6001     0.174     0.055     0.1137     0.6001     0.6970     0.7824     0.8215     0.8149     0.0838
1210.7156     0.6177     0.178     0.059     0.1135     0.6177     0.6970     0.7824     0.8215     0.8149     0.0838
1210.7690     1.1636     0.236     0.063     0.1133     1.1636     0.8331     0.7442     0.8327     0.8318     0.0906
1210.8224     0.6592     0.183     0.067     0.1131     0.6592     0.8331     0.7442     0.8327     0.8318     0.0906
1210.8759     0.5603     0.171     0.070     0.1129     0.5603     0.8331     0.7442     0.8327     0.8318     0.0906
1210.9292     0.6012     0.176     0.074     0.1128     0.6012     0.8331     0.7442     0.8327     0.8318     0.0906
1210.9827     1.1810     0.237     0.078     0.1126     1.1810     0.8331     0.7442     0.8327     0.8318     0.0906
1211.0361     0.7360     0.194     0.082     0.1124     0.7360     0.6553     0.7442     0.8327     0.8318     0.0822
1211.0895     0.4180     0.148     0.086     0.1122     0.4180     0.6553     0.7442     0.8327     0.8318     0.0822
1211.1429     0.8489     0.208     0.090     0.1120     0.8489     0.6553     0.7442     0.8327     0.8318     0.0822
1211.1963     0.5488     0.166     0.093     0.1119     0.5488     0.6553     0.7442     0.8327     0.8318     0.0822
1211.2498     0.7248     0.196     0.097     0.1117     0.7248     0.6553     0.7442     0.8327     0.8318     0.0822
1211.3031     1.1150     0.232     0.101     0.1115     1.1150     1.0099     0.9195     0.8327     0.8318     0.0996
1211.3566     1.2740     0.253     0.105     0.1113     1.2740     1.0099     0.9195     0.8327     0.8318     0.0996
1211.4099     1.2081     0.242     0.109     0.1112     1.2081     1.0099     0.9195     0.8327     0.8318     0.0996
1211.4634     0.6358     0.179     0.112     0.1110     0.6358     1.0099     0.9195     0.8327     0.8318     0.0996
1211.5167     0.8165     0.199     0.116     0.1108     0.8165     1.0099     0.9195     0.8327     0.8318     0.0996
1211.5702     1.0710     0.231     0.120     0.1106     1.0710     0.8291     0.9195     0.7464     0.8318     0.0913
1211.6235     0.7572     0.193     0.124     0.1104     0.7572     0.8291     0.9195     0.7464     0.8318     0.0913
1211.6770     0.7762     0.200     0.128     0.1103     0.7762     0.8291     0.9195     0.7464     0.8318     0.0913
1211.7303     0.9686     0.219     0.131     0.1101     0.9686     0.8291     0.9195     0.7464     0.8318     0.0913
1211.7838     0.5724     0.172     0.135     0.1099     0.5724     0.8291     0.9195     0.7464     0.8318     0.0913
1211.8372     0.5676     0.171     0.139     0.1097     0.5676     0.5894     0.7050     0.7464     0.7200     0.0777
1211.8906     0.4597     0.157     0.143     0.1095     0.4597     0.5894     0.7050     0.7464     0.7200     0.0777
1211.9440     0.6772     0.185     0.147     0.1094     0.6772     0.5894     0.7050     0.7464     0.7200     0.0777
1211.9974     0.4306     0.152     0.151     0.1092     0.4306     0.5894     0.7050     0.7464     0.7200     0.0777
1212.0508     0.8120     0.200     0.154     0.1090     0.8120     0.5894     0.7050     0.7464     0.7200     0.0777
1212.1042     0.4835     0.158     0.158     0.1088     0.4835     0.8205     0.7050     0.7464     0.7200     0.0894
1212.1576     1.0274     0.224     0.162     0.1087     1.0274     0.8205     0.7050     0.7464     0.7200     0.0894
1212.2111     0.9002     0.209     0.166     0.1085     0.9002     0.8205     0.7050     0.7464     0.7200     0.0894
1212.2644     0.8730     0.204     0.170     0.1083     0.8730     0.8205     0.7050     0.7464     0.7200     0.0894
1212.3179     0.8185     0.199     0.173     0.1081     0.8185     0.8205     0.7050     0.7464     0.7200     0.0894
1212.3712     0.8993     0.208     0.177     0.1079     0.8993     0.7705     0.7350     0.7515     0.7200     0.0863
1212.4247     0.9437     0.211     0.181     0.1078     0.9437     0.7705     0.7350     0.7515     0.7200     0.0863
1212.4780     0.6564     0.180     0.185     0.1076     0.6564     0.7705     0.7350     0.7515     0.7200     0.0863
1212.5315     0.3489     0.132     0.189     0.1074     0.3489     0.7705     0.7350     0.7515     0.7200     0.0863
1212.5848     1.0043     0.219     0.192     0.1072     1.0043     0.7705     0.7350     0.7515     0.7200     0.0863
1212.6383     0.8740     0.206     0.196     0.1071     0.8740     0.6994     0.7350     0.7515     0.7200     0.0823
1212.6917     0.5212     0.159     0.200     0.1069     0.5212     0.6994     0.7350     0.7515     0.7200     0.0823
1212.7451     0.4920     0.159     0.204     0.1067     0.4920     0.6994     0.7350     0.7515     0.7200     0.0823
1212.7985     0.7121     0.185     0.208     0.1065     0.7121     0.6994     0.7350     0.7515     0.7200     0.0823
1212.8518     0.8980     0.205     0.212     0.1063     0.8980     0.6994     0.7350     0.7515     0.7200     0.0823
1212.9053     0.3500     0.134     0.215     0.1062     0.3500     0.7845     0.6127     0.7515     0.4859     0.0864
1212.9586     1.0060     0.216     0.219     0.1060     1.0060     0.7845     0.6127     0.7515     0.4859     0.0864
1213.0121     0.9088     0.208     0.223     0.1058     0.9088     0.7845     0.6127     0.7515     0.4859     0.0864
1213.0654     0.6651     0.179     0.227     0.1056     0.6651     0.7845     0.6127     0.7515     0.4859     0.0864
1213.1189     0.9927     0.217     0.231     0.1054     0.9927     0.7845     0.6127     0.7515     0.4859     0.0864
1213.1722     0.5883     0.170     0.234     0.1053     0.5883     0.4408     0.6127     0.3863     0.4859     0.0663
1213.2257     0.5900     0.170     0.238     0.1051     0.5900     0.4408     0.6127     0.3863     0.4859     0.0663
1213.2791     0.1724     0.098     0.242     0.1049     0.1724     0.4408     0.6127     0.3863     0.4859     0.0663
1213.3324     0.4148     0.146     0.246     0.1047     0.4148     0.4408     0.6127     0.3863     0.4859     0.0663
1213.3859     0.4387     0.146     0.250     0.1046     0.4387     0.4408     0.6127     0.3863     0.4859     0.0663
1213.4392     0.4010     0.141     0.253     0.1044     0.4010     0.4769     0.3591     0.3863     0.4859     0.0687
1213.4927     0.4490     0.149     0.257     0.1042     0.4490     0.4769     0.3591     0.3863     0.4859     0.0687
1213.5460     0.7780     0.194     0.261     0.1040     0.7780     0.4769     0.3591     0.3863     0.4859     0.0687
1213.5994     0.3979     0.140     0.265     0.1038     0.3979     0.4769     0.3591     0.3863     0.4859     0.0687
1213.6528     0.3584     0.135     0.269     0.1037     0.3584     0.4769     0.3591     0.3863     0.4859     0.0687
1213.7062     0.2244     0.110     0.273     0.1035     0.2244     0.2412     0.3591     0.3863     0.4859     0.0508
1213.7596     0.2220     0.110     0.276     0.1033     0.2220     0.2412     0.3591     0.3863     0.4859     0.0508
1213.8130     0.2284     0.112     0.280     0.1031     0.2284     0.2412     0.3591     0.3863     0.4859     0.0508
1213.8663     0.2652     0.118     0.284     0.1029     0.2652     0.2412     0.3591     0.3863     0.4859     0.0508
1213.9198     0.2663     0.118     0.288     0.1028     0.2663     0.2412     0.3591     0.3863     0.4859     0.0508
1213.9731     0.1846     0.103     0.292     0.1026     0.1846     0.2181     0.1405     0.1214     0.1263     0.0490
1214.0266     0.1818     0.102     0.295     0.1024     0.1818     0.2181     0.1405     0.1214     0.1263     0.0490
1214.0800     0.2721     0.120     0.299     0.1022     0.2721     0.2181     0.1405     0.1214     0.1263     0.0490
1214.1333     0.2293     0.112     0.303     0.1021     0.2293     0.2181     0.1405     0.1214     0.1263     0.0490
1214.1868     0.2227     0.109     0.307     0.1019     0.2227     0.2181     0.1405     0.1214     0.1263     0.0490
1214.2401     0.0402     0.060     0.311     0.1017     0.0402     0.0629     0.1405     0.1214     0.1263     0.0312
1214.2936     0.0388     0.061     0.314     0.1015     0.0388     0.0629     0.1405     0.1214     0.1263     0.0312
1214.3469     0.0895     0.078     0.318     0.1013     0.0895     0.0629     0.1405     0.1214     0.1263     0.0312
1214.4003     0.0048     0.046     0.322     0.1012     0.0048     0.0629     0.1405     0.1214     0.1263     0.0312
1214.4537     0.1414     0.093     0.326     0.1010     0.1414     0.0629     0.1405     0.1214     0.1263     0.0312
1214.5071     0.0961     0.082     0.330     0.1008     0.0961     0.0832     0.1121     0.1214     0.1263     0.0342
1214.5604     0.2318     0.113     0.334     0.1006     0.2318     0.0832     0.1121     0.1214     0.1263     0.0342
1214.6139     0.0321     0.057     0.337     0.1005     0.0321     0.0832     0.1121     0.1214     0.1263     0.0342
1214.6672     0.0565     0.068     0.341     0.1003     0.0565     0.0832     0.1121     0.1214     0.1263     0.0342
1214.7206    -0.0004     0.044     0.345     0.1001    -0.0004     0.0832     0.1121     0.1214     0.1263     0.0342
1214.7740     0.1833     0.102     0.349     0.0999     0.1833     0.1411     0.1121     0.0510     0.1263     0.0407
1214.8274     0.0453     0.063     0.353     0.0997     0.0453     0.1411     0.1121     0.0510     0.1263     0.0407
1214.8807     0.0469     0.065     0.356     0.0996     0.0469     0.1411     0.1121     0.0510     0.1263     0.0407
1214.9342     0.1151     0.082     0.360     0.0994     0.1151     0.1411     0.1121     0.0510     0.1263     0.0407
1214.9875     0.3147     0.127     0.364     0.0992     0.3147     0.1411     0.1121     0.0510     0.1263     0.0407
1215.0409     0.1552     0.093     0.368     0.0990     0.1552     0.0807     0.0059     0.0510     0.0014     0.0440
1215.0944     0.1623     0.095     0.372     0.0989     0.1623     0.0807     0.0059     0.0510     0.0014     0.0440
1215.1477     0.0577     0.067     0.375     0.0987     0.0577     0.0807     0.0059     0.0510     0.0014     0.0440
1215.2010    -0.1257     0.076     0.379     0.0985    -0.1257     0.0807     0.0059     0.0510     0.0014     0.0440
1215.2545     0.1539     0.143     0.383     0.0983     0.1539     0.0807     0.0059     0.0510     0.0014     0.0440
1215.3079    -0.0320     0.062     0.387     0.0981    -0.0320    -0.0689     0.0059     0.0510     0.0014     0.0575
1215.3612    -0.0457     0.131     0.391     0.0980    -0.0457    -0.0689     0.0059     0.0510     0.0014     0.0575
1215.4147    -0.1071     0.124     0.394     0.0978    -0.1071    -0.0689     0.0059     0.0510     0.0014     0.0575
1215.4680    -0.2635     0.129     0.398     0.0976    -0.2635    -0.0689     0.0059     0.0510     0.0014     0.0575
1215.5214     0.1037     0.172     0.402     0.0974     0.1037    -0.0689     0.0059     0.0510     0.0014     0.0575
1215.5748     0.6340     0.237     0.406     0.0972     0.6340     0.4916    -0.0031     0.0261     0.0014     0.2324
1215.6282    -0.2659     0.275     0.410     0.0971    -0.2659     0.4916    -0.0031     0.0261     0.0014     0.2324
1215.6815    -0.0409     0.427     0.414     0.0969    -0.0409     0.4916    -0.0031     0.0261     0.0014     0.2324
1215.7350     0.1904     0.637     0.417     0.0967     0.1904     0.4916    -0.0031     0.0261     0.0014     0.2324
1215.7883     1.9403     0.794     0.421     0.0965     1.9403     0.4916    -0.0031     0.0261     0.0014     0.2324
1215.8417    -0.8486     0.759     0.425     0.0964    -0.8486    -0.4977    -0.0031     0.0261     0.0014     0.2191
1215.8950    -0.9008     0.583     0.429     0.0962    -0.9008    -0.4977    -0.0031     0.0261     0.0014     0.2191
1215.9485    -0.7213     0.395     0.433     0.0960    -0.7213    -0.4977    -0.0031     0.0261     0.0014     0.2191
1216.0018     0.2316     0.287     0.436     0.0958     0.2316    -0.4977    -0.0031     0.0261     0.0014     0.2191
1216.0552    -0.2495     0.211     0.440     0.0956    -0.2495    -0.4977    -0.0031     0.0261     0.0014     0.2191
1216.1086    -0.0332     0.151     0.444     0.0955    -0.0332     0.0845     0.1211     0.0261     0.1713     0.0621
1216.1620     0.1102     0.167     0.448     0.0953     0.1102     0.0845     0.1211     0.0261     0.1713     0.0621
1216.2153     0.1864     0.155     0.452     0.0951     0.1864     0.0845     0.1211     0.0261     0.1713     0.0621
1216.2687     0.0749     0.128     0.455     0.0949     0.0749     0.0845     0.1211     0.0261     0.1713     0.0621
1216.3221     0.0842     0.073     0.459     0.0948     0.0842     0.0845     0.1211     0.0261     0.1713     0.0621
1216.3755     0.0586     0.066     0.463     0.0946     0.0586     0.1577     0.1211     0.2003     0.1713     0.0412
1216.4288     0.1754     0.097     0.467     0.0944     0.1754     0.1577     0.1211     0.2003     0.1713     0.0412
1216.4822     0.1811     0.096     0.471     0.0942     0.1811     0.1577     0.1211     0.2003     0.1713     0.0412
1216.5356     0.2137     0.104     0.475     0.0940     0.2137     0.1577     0.1211     0.2003     0.1713     0.0412
1216.5890     0.1594     0.093     0.478     0.0939     0.1594     0.1577     0.1211     0.2003     0.1713     0.0412
1216.6423     0.1001     0.078     0.482     0.0937     0.1001     0.1731     0.2216     0.2003     0.1713     0.0447
1216.6957     0.3300     0.134     0.486     0.0935     0.3300     0.1731     0.2216     0.2003     0.1713     0.0447
1216.7491     0.2202     0.115     0.490     0.0933     0.2202     0.1731     0.2216     0.2003     0.1713     0.0447
1216.8025     0.0870     0.074     0.494     0.0932     0.0870     0.1731     0.2216     0.2003     0.1713     0.0447
1216.8558     0.1284     0.085     0.497     0.0930     0.1284     0.1731     0.2216     0.2003     0.1713     0.0447
1216.9092     0.0496     0.061     0.501     0.0928     0.0496     0.2700     0.2216     0.2003     0.1713     0.0514
1216.9626     0.0890     0.075     0.505     0.0926     0.0890     0.2700     0.2216     0.2003     0.1713     0.0514
1217.0160     0.3478     0.128     0.509     0.0924     0.3478     0.2700     0.2216     0.2003     0.1713     0.0514
1217.0693     0.4750     0.148     0.513     0.0923     0.4750     0.2700     0.2216     0.2003     0.1713     0.0514
1217.1227     0.3884     0.136     0.516     0.0921     0.3884     0.2700     0.2216     0.2003     0.1713     0.0514
1217.1761     0.2541     0.111     0.520     0.0919     0.2541     0.2809     0.3356     0.4040     0.4728     0.0524
1217.2295     0.2120     0.103     0.524     0.0917     0.2120     0.2809     0.3356     0.4040     0.4728     0.0524
1217.2828     0.2530     0.112     0.528     0.0916     0.2530     0.2809     0.3356     0.4040     0.4728     0.0524
1217.3362     0.2497     0.111     0.532     0.0914     0.2497     0.2809     0.3356     0.4040     0.4728     0.0524
1217.3895     0.4355     0.144     0.535     0.0912     0.4355     0.2809     0.3356     0.4040     0.4728     0.0524
1217.4430     0.3900     0.136     0.539     0.0910     0.3900     0.3904     0.3356     0.4040     0.4728     0.0603
1217.4963     0.4191     0.138     0.543     0.0908     0.4191     0.3904     0.3356     0.4040     0.4728     0.0603
1217.5497     0.1698     0.094     0.547     0.0907     0.1698     0.3904     0.3356     0.4040     0.4728     0.0603
1217.6030     0.6705     0.173     0.551     0.0905     0.6705     0.3904     0.3356     0.4040     0.4728     0.0603
1217.6564     0.3027     0.121     0.555     0.0903     0.3027     0.3904     0.3356     0.4040     0.4728     0.0603
1217.7098     0.4354     0.143     0.558     0.0901     0.4354     0.5406     0.6100     0.4040     0.4728     0.0699
1217.7632     0.5606     0.160     0.562     0.0900     0.5606     0.5406     0.6100     0.4040     0.4728     0.0699
1217.8165     0.6146     0.164     0.566     0.0898     0.6146     0.5406     0.6100     0.4040     0.4728     0.0699
1217.8699     0.4722     0.148     0.570     0.0896     0.4722     0.5406     0.6100     0.4040     0.4728     0.0699
1217.9232     0.6203     0.165     0.574     0.0894     0.6203     0.5406     0.6100     0.4040     0.4728     0.0699
1217.9767     0.4754     0.149     0.577     0.0893     0.4754     0.6793     0.6100     0.6857     0.4728     0.0775
1218.0300     0.8111     0.186     0.581     0.0891     0.8111     0.6793     0.6100     0.6857     0.4728     0.0775
1218.0834     0.7331     0.182     0.585     0.0889     0.7331     0.6793     0.6100     0.6857     0.4728     0.0775
1218.1367     0.9503     0.202     0.589     0.0887     0.9503     0.6793     0.6100     0.6857     0.4728     0.0775
1218.1901     0.4266     0.140     0.593     0.0885     0.4266     0.6793     0.6100     0.6857     0.4728     0.0775
1218.2434     0.5397     0.154     0.596     0.0884     0.5397     0.6307     0.6888     0.6857     0.7934     0.0742
1218.2969     0.5966     0.165     0.600     0.0882     0.5966     0.6307     0.6888     0.6857     0.7934     0.0742
1218.3502     0.7047     0.174     0.604     0.0880     0.7047     0.6307     0.6888     0.6857     0.7934     0.0742
1218.4036     0.6703     0.172     0.608     0.0878     0.6703     0.6307     0.6888     0.6857     0.7934     0.0742
1218.4569     0.6422     0.165     0.612     0.0877     0.6422     0.6307     0.6888     0.6857     0.7934     0.0742
1218.5103     0.7741     0.186     0.615     0.0875     0.7741     0.7470     0.6888     0.6857     0.7934     0.0811
1218.5636     0.4624     0.143     0.619     0.0873     0.4624     0.7470     0.6888     0.6857     0.7934     0.0811
1218.6169     0.9773     0.208     0.623     0.0871     0.9773     0.7470     0.6888     0.6857     0.7934     0.0811
1218.6704     0.8582     0.191     0.627     0.0869     0.8582     0.7470     0.6888     0.6857     0.7934     0.0811
1218.7238     0.6628     0.171     0.631     0.0868     0.6628     0.7470     0.6888     0.6857     0.7934     0.0811
1218.7771     0.7717     0.183     0.635     0.0866     0.7717     0.8188     0.8980     0.8622     0.7934     0.0844
1218.8304     0.7996     0.186     0.638     0.0864     0.7996     0.8188     0.8980     0.8622     0.7934     0.0844
1218.8838     1.0330     0.211     0.642     0.0862     1.0330     0.8188     0.8980     0.8622     0.7934     0.0844
1218.9371     0.5286     0.155     0.646     0.0861     0.5286     0.8188     0.8980     0.8622     0.7934     0.0844
1218.9905     0.9614     0.204     0.650     0.0859     0.9614     0.8188     0.8980     0.8622     0.7934     0.0844
1219.0439     0.9946     0.206     0.654     0.0857     0.9946     0.9771     0.8980     0.8622     0.7934     0.0914
1219.0973     1.0920     0.216     0.657     0.0855     1.0920     0.9771     0.8980     0.8622     0.7934     0.0914
1219.1506     0.8593     0.191     0.661     0.0854     0.8593     0.9771     0.8980     0.8622     0.7934     0.0914
1219.2040     0.9090     0.197     0.665     0.0852     0.9090     0.9771     0.8980     0.8622     0.7934     0.0914
1219.2573     1.0305     0.211     0.669     0.0850     1.0305     0.9771     0.8980     0.8622     0.7934     0.0914
1219.3107     0.8033     0.188     0.673     0.0848     0.8033     0.7906     0.8843     0.8622     0.9949     0.0828
1219.3640     0.7978     0.187     0.676     0.0846     0.7978     0.7906     0.8843     0.8622     0.9949     0.0828
1219.4174     0.6407     0.167     0.680     0.0845     0.6407     0.7906     0.8843     0.8622     0.9949     0.0828
1219.4707     0.8027     0.186     0.684     0.0843     0.8027     0.7906     0.8843     0.8622     0.9949     0.0828
1219.5242     0.9086     0.197     0.688     0.0841     0.9086     0.7906     0.8843     0.8622     0.9949     0.0828
1219.5775     0.9662     0.205     0.692     0.0839     0.9662     0.9779     0.8843     1.0630     0.9949     0.0912
1219.6309     0.9005     0.195     0.695     0.0838     0.9005     0.9779     0.8843     1.0630     0.9949     0.0912
1219.6842     0.9486     0.203     0.699     0.0836     0.9486     0.9779     0.8843     1.0630     0.9949     0.0912
1219.7375     1.3360     0.235     0.703     0.0834     1.3360     0.9779     0.8843     1.0630     0.9949     0.0912
1219.7909     0.7383     0.178     0.707     0.0832     0.7383     0.9779     0.8843     1.0630     0.9949     0.0912
1219.8442     1.0830     0.215     0.711     0.0830     1.0830     1.0912     1.1055     1.0630     0.9949     0.0963
1219.8976     0.9227     0.198     0.714     0.0829     0.9227     1.0912     1.1055     1.0630     0.9949     0.0963
1219.9509     1.0009     0.205     0.718     0.0827     1.0009     1.0912     1.1055     1.0630     0.9949     0.0963
1220.0043     1.3038     0.239     0.722     0.0825     1.3038     1.0912     1.1055     1.0630     0.9949     0.0963
1220.0576     1.1458     0.218     0.726     0.0823     1.1458     1.0912     1.1055     1.0630     0.9949     0.0963
1220.1110     1.0737     0.210     0.730     0.0822     1.0737     1.1198     1.1055     1.0630     0.9949     0.0968
1220.1643     1.1555     0.220     0.734     0.0820     1.1555     1.1198     1.1055     1.0630     0.9949     0.0968
1220.2178     0.7646     0.181     0.737     0.0818     0.7646     1.1198     1.1055     1.0630     0.9949     0.0968
1220.2711     1.5146     0.251     0.741     0.0816     1.5146     1.1198     1.1055     1.0630     0.9949     0.0968
1220.3245     1.0907     0.215     0.745     0.0815     1.0907     1.1198     1.1055     1.0630     0.9949     0.0968
1220.3778     0.8101     0.189     0.749     0.0813     0.8101     0.8319     0.7924     0.7665     0.7915     0.0841
1220.4312     0.7402     0.178     0.753     0.0811     0.7402     0.8319     0.7924     0.7665     0.7915     0.0841
1220.4845     0.8462     0.191     0.756     0.0809     0.8462     0.8319     0.7924     0.7665     0.7915     0.0841
1220.5378     0.8335     0.185     0.760     0.0807     0.8335     0.8319     0.7924     0.7665     0.7915     0.0841
1220.5912     0.9298     0.197     0.764     0.0806     0.9298     0.8319     0.7924     0.7665     0.7915     0.0841
1220.6445     0.7486     0.176     0.768     0.0804     0.7486     0.7529     0.7924     0.7665     0.7915     0.0796
1220.6979     0.8752     0.190     0.772     0.0802     0.8752     0.7529     0.7924     0.7665     0.7915     0.0796
1220.7512     1.0411     0.211     0.775     0.0800     1.0411     0.7529     0.7924     0.7665     0.7915     0.0796
1220.8046     0.4210     0.137     0.779     0.0799     0.4210     0.7529     0.7924     0.7665     0.7915     0.0796
1220.8579     0.6788     0.168     0.783     0.0797     0.6788     0.7529     0.7924     0.7665     0.7915     0.0796
1220.9113     0.6155     0.161     0.787     0.0795     0.6155     0.7148     0.7907     0.7665     0.7915     0.0773
1220.9646     0.5770     0.157     0.791     0.0793     0.5770     0.7148     0.7907     0.7665     0.7915     0.0773
1221.0179     0.4465     0.137     0.794     0.0792     0.4465     0.7148     0.7907     0.7665     0.7915     0.0773
1221.0713     0.8539     0.188     0.798     0.0790     0.8539     0.7148     0.7907     0.7665     0.7915     0.0773
1221.1246     1.0809     0.211     0.802     0.0788     1.0809     0.7148     0.7907     0.7665     0.7915     0.0773
1221.1780     0.8087     0.183     0.806     0.0786     0.8087     0.8666     0.7907     0.9576     0.7915     0.0849
1221.2313     0.9963     0.202     0.810     0.0785     0.9963     0.8666     0.7907     0.9576     0.7915     0.0849
1221.2847     0.7723     0.180     0.814     0.0783     0.7723     0.8666     0.7907     0.9576     0.7915     0.0849
1221.3380     0.6930     0.170     0.817     0.0781     0.6930     0.8666     0.7907     0.9576     0.7915     0.0849
1221.3914     1.0624     0.211     0.821     0.0779     1.0624     0.8666     0.7907     0.9576     0.7915     0.0849
1221.4447     0.9620     0.199     0.825     0.0777     0.9620     0.9334     1.0031     0.9576     1.0312     0.0878
1221.4980     1.0557     0.209     0.829     0.0776     1.0557     0.9334     1.0031     0.9576     1.0312     0.0878
1221.5514     0.9971     0.202     0.833     0.0774     0.9971     0.9334     1.0031     0.9576     1.0312     0.0878
1221.6047     0.8535     0.189     0.836     0.0772     0.8535     0.9334     1.0031     0.9576     1.0312     0.0878
1221.6581     0.7988     0.182     0.840     0.0770     0.7988     0.9334     1.0031     0.9576     1.0312     0.0878
1221.7114     0.9833     0.203     0.844     0.0769     0.9833     1.0728     1.0031     0.9576     1.0312     0.0937
1221.7648     1.2335     0.224     0.848     0.0767     1.2335     1.0728     1.0031     0.9576     1.0312     0.0937
1221.8181     1.2008     0.221     0.852     0.0765     1.2008     1.0728     1.0031     0.9576     1.0312     0.0937
1221.8715     1.1365     0.213     0.855     0.0763     1.1365     1.0728     1.0031     0.9576     1.0312     0.0937
1221.9248     0.8100     0.184     0.859     0.0762     0.8100     1.0728     1.0031     0.9576     1.0312     0.0937
1221.9781     0.7178     0.172     0.863     0.0760     0.7178     0.9584     1.0593     1.0012     1.0312     0.0889
1222.0315     1.0168     0.206     0.867     0.0758     1.0168     0.9584     1.0593     1.0012     1.0312     0.0889
1222.0848     0.8392     0.186     0.871     0.0756     0.8392     0.9584     1.0593     1.0012     1.0312     0.0889
1222.1382     1.3957     0.242     0.874     0.0755     1.3957     0.9584     1.0593     1.0012     1.0312     0.0889
1222.1915     0.8226     0.182     0.878     0.0753     0.8226     0.9584     1.0593     1.0012     1.0312     0.0889
1222.2449     1.1516     0.220     0.882     0.0751     1.1516     1.1602     1.0593     1.0012     1.0312     0.0971
1222.2982     0.9417     0.195     0.886     0.0749     0.9417     1.1602     1.0593     1.0012     1.0312     0.0971
1222.3516     1.3459     0.233     0.890     0.0747     1.3459     1.1602     1.0593     1.0012     1.0312     0.0971
1222.4049     1.1633     0.219     0.893     0.0746     1.1633     1.1602     1.0593     1.0012     1.0312     0.0971
1222.4583     1.1986     0.218     0.897     0.0744     1.1986     1.1602     1.0593     1.0012     1.0312     0.0971
1222.5115     0.9941     0.201     0.901     0.0742     0.9941     0.8851     0.9215     1.0012     1.0116     0.0849
1222.5648     0.5995     0.157     0.905     0.0740     0.5995     0.8851     0.9215     1.0012     1.0116     0.0849
1222.6182     1.0235     0.202     0.909     0.0739     1.0235     0.8851     0.9215     1.0012     1.0116     0.0849
1222.6715     0.9236     0.195     0.913     0.0737     0.9236     0.8851     0.9215     1.0012     1.0116     0.0849
1222.7249     0.8847     0.190     0.916     0.0735     0.8847     0.8851     0.9215     1.0012     1.0116     0.0849
1222.7782     0.7459     0.173     0.920     0.0733     0.7459     0.9579     0.9215     1.0537     1.0116     0.0881
1222.8315     1.0652     0.207     0.924     0.0732     1.0652     0.9579     0.9215     1.0537     1.0116     0.0881
1222.8849     1.1903     0.220     0.928     0.0730     1.1903     0.9579     0.9215     1.0537     1.0116     0.0881
1222.9382     0.9071     0.192     0.932     0.0728     0.9071     0.9579     0.9215     1.0537     1.0116     0.0881
1222.9916     0.8808     0.190     0.935     0.0726     0.8808     0.9579     0.9215     1.0537     1.0116     0.0881
1223.0449     1.5183     0.245     0.939     0.0725     1.5183     1.1290     1.1016     1.0537     1.0116     0.0948
1223.0983     0.8737     0.188     0.943     0.0723     0.8737     1.1290     1.1016     1.0537     1.0116     0.0948
1223.1516     1.0025     0.198     0.947     0.0721     1.0025     1.1290     1.1016     1.0537     1.0116     0.0948
1223.2048     1.4053     0.237     0.951     0.0719     1.4053     1.1290     1.1016     1.0537     1.0116     0.0948
1223.2582     0.8451     0.184     0.954     0.0718     0.8451     1.1290     1.1016     1.0537     1.0116     0.0948
1223.3115     1.1516     0.216     0.958     0.0716     1.1516     1.0743     1.1016     1.0537     1.0116     0.0924
1223.3649     1.0156     0.200     0.962     0.0714     1.0156     1.0743     1.1016     1.0537     1.0116     0.0924
1223.4182     1.2306     0.219     0.966     0.0712     1.2306     1.0743     1.1016     1.0537     1.0116     0.0924
1223.4716     0.7147     0.171     0.970     0.0710     0.7147     1.0743     1.1016     1.0537     1.0116     0.0924
1223.5249     1.2591     0.224     0.973     0.0709     1.2591     1.0743     1.1016     1.0537     1.0116     0.0924
1223.5782     0.8952     0.188     0.977     0.0707     0.8952     0.9623     1.0696     1.0553     1.0248     0.0875
1223.6316     0.9171     0.194     0.981     0.0705     0.9171     0.9623     1.0696     1.0553     1.0248     0.0875
1223.6848     0.9249     0.192     0.985     0.0703     0.9249     0.9623     1.0696     1.0553     1.0248     0.0875
1223.7382     1.0188     0.199     0.989     0.0702     1.0188     0.9623     1.0696     1.0553     1.0248     0.0875
1223.7915     1.0556     0.204     0.992     0.0700     1.0556     0.9623     1.0696     1.0553     1.0248     0.0875
1223.8448     1.0429     0.202     0.996     0.0698     1.0429     1.1769     1.0696     1.0553     1.0248     0.0965
1223.8982     1.4536     0.240     1.000     0.0696     1.4536     1.1769     1.0696     1.0553     1.0248     0.0965
1223.9515     1.0810     0.207     1.004     0.0695     1.0810     1.1769     1.0696     1.0553     1.0248     0.0965
1224.0049     1.2614     0.222     1.008     0.0693     1.2614     1.1769     1.0696     1.0553     1.0248     0.0965
1224.0581     1.0459     0.204     1.011     0.0691     1.0459     1.1769     1.0696     1.0553     1.0248     0.0965
1224.1115     1.3885     0.233     1.015     0.0689     1.3885     1.0265     0.9799     1.0553     1.0248     0.0897
1224.1648     1.0399     0.200     1.019     0.0688     1.0399     1.0265     0.9799     1.0553     1.0248     0.0897
1224.2181     1.1225     0.214     1.023     0.0686     1.1225     1.0265     0.9799     1.0553     1.0248     0.0897
1224.2715     0.9489     0.191     1.027     0.0684     0.9489     1.0265     0.9799     1.0553     1.0248     0.0897
1224.3248     0.6327     0.158     1.031     0.0682     0.6327     1.0265     0.9799     1.0553     1.0248     0.0897
1224.3782     1.1063     0.210     1.034     0.0681     1.1063     0.9333     0.9799     0.9290     1.0248     0.0861
1224.4314     1.0305     0.200     1.038     0.0679     1.0305     0.9333     0.9799     0.9290     1.0248     0.0861
1224.4847     0.9005     0.187     1.042     0.0677     0.9005     0.9333     0.9799     0.9290     1.0248     0.0861
1224.5381     0.8699     0.187     1.046     0.0675     0.8699     0.9333     0.9799     0.9290     1.0248     0.0861
1224.5914     0.7592     0.176     1.050     0.0674     0.7592     0.9333     0.9799     0.9290     1.0248     0.0861
1224.6448     1.1924     0.214     1.053     0.0672     1.1924     0.8861     0.9268     0.9290     0.9742     0.0834
1224.6981     0.5603     0.151     1.057     0.0670     0.5603     0.8861     0.9268     0.9290     0.9742     0.0834
1224.7513     1.2933     0.225     1.061     0.0668     1.2933     0.8861     0.9268     0.9290     0.9742     0.0834
1224.8047     0.7024     0.167     1.065     0.0667     0.7024     0.8861     0.9268     0.9290     0.9742     0.0834
1224.8580     0.6823     0.164     1.069     0.0665     0.6823     0.8861     0.9268     0.9290     0.9742     0.0834
1224.9114     1.0607     0.205     1.072     0.0663     1.0607     0.9676     0.9268     0.9290     0.9742     0.0871
1224.9647     1.0738     0.204     1.076     0.0661     1.0738     0.9676     0.9268     0.9290     0.9742     0.0871
1225.0179     0.8179     0.180     1.080     0.0660     0.8179     0.9676     0.9268     0.9290     0.9742     0.0871
1225.0713     1.1124     0.208     1.084     0.0658     1.1124     0.9676     0.9268     0.9290     0.9742     0.0871
1225.1246     0.7730     0.174     1.088     0.0656     0.7730     0.9676     0.9268     0.9290     0.9742     0.0871
1225.1780     0.9454     0.191     1.091     0.0654     0.9454     0.9909     1.0215     0.9745     0.9742     0.0873
1225.2313     0.6718     0.163     1.095     0.0653     0.6718     0.9909     1.0215     0.9745     0.9742     0.0873
1225.2845     1.2436     0.215     1.099     0.0651     1.2436     0.9909     1.0215     0.9745     0.9742     0.0873
1225.3379     0.8832     0.187     1.103     0.0649     0.8832     0.9909     1.0215     0.9745     0.9742     0.0873
1225.3912     1.2104     0.215     1.107     0.0647     1.2104     0.9909     1.0215     0.9745     0.9742     0.0873
1225.4446     1.1927     0.214     1.110     0.0646     1.1927     1.0522     1.0215     0.9745     0.9742     0.0902
1225.4979     0.7901     0.174     1.114     0.0644     0.7901     1.0522     1.0215     0.9745     0.9742     0.0902
1225.5511     1.1834     0.216     1.118     0.0642     1.1834     1.0522     1.0215     0.9745     0.9742     0.0902
1225.6045     1.0240     0.198     1.122     0.0640     1.0240     1.0522     1.0215     0.9745     0.9742     0.0902
1225.6578     1.0708     0.204     1.126     0.0639     1.0708     1.0522     1.0215     0.9745     0.9742     0.0902
1225.7112     0.9880     0.195     1.129     0.0637     0.9880     0.8803     1.0574     0.9745     1.0837     0.0826
1225.7644     1.0441     0.203     1.133     0.0635     1.0441     0.8803     1.0574     0.9745     1.0837     0.0826
1225.8177     0.8047     0.177     1.137     0.0633     0.8047     0.8803     1.0574     0.9745     1.0837     0.0826
1225.8711     0.8827     0.184     1.141     0.0632     0.8827     0.8803     1.0574     0.9745     1.0837     0.0826
1225.9244     0.6820     0.162     1.145     0.0630     0.6820     0.8803     1.0574     0.9745     1.0837     0.0826
1225.9777     1.3775     0.227     1.149     0.0628     1.3775     1.2346     1.0574     1.1515     1.0837     0.0971
1226.0310     0.8812     0.184     1.152     0.0626     0.8812     1.2346     1.0574     1.1515     1.0837     0.0971
1226.0844     1.4650     0.235     1.156     0.0625     1.4650     1.2346     1.0574     1.1515     1.0837     0.0971
1226.1377     1.4855     0.239     1.160     0.0623     1.4855     1.2346     1.0574     1.1515     1.0837     0.0971
1226.1909     0.9638     0.194     1.164     0.0621     0.9638     1.2346     1.0574     1.1515     1.0837     0.0971
1226.2443     0.8987     0.188     1.168     0.0619     0.8987     1.1129     1.1100     1.1515     1.0837     0.0928
1226.2976     1.2345     0.219     1.171     0.0618     1.2345     1.1129     1.1100     1.1515     1.0837     0.0928
1226.3510     1.1112     0.207     1.175     0.0616     1.1112     1.1129     1.1100     1.1515     1.0837     0.0928
1226.4042     1.2134     0.215     1.179     0.0614     1.2134     1.1129     1.1100     1.1515     1.0837     0.0928
1226.4575     1.1066     0.206     1.183     0.0612     1.1066     1.1129     1.1100     1.1515     1.0837     0.0928
1226.5109     1.1517     0.210     1.187     0.0611     1.1517     1.1070     1.1100     1.1515     1.0837     0.0922
1226.5642     1.1733     0.211     1.190     0.0609     1.1733     1.1070     1.1100     1.1515     1.0837     0.0922
1226.6174     1.4713     0.239     1.194     0.0607     1.4713     1.1070     1.1100     1.1515     1.0837     0.0922
1226.6708     1.0610     0.201     1.198     0.0605     1.0610     1.1070     1.1100     1.1515     1.0837     0.0922
1226.7241     0.6780     0.161     1.202     0.0604     0.6780     1.1070     1.1100     1.1515     1.0837     0.0922
1226.7773     1.3651     0.225     1.206     0.0602     1.3651     1.2532     1.2536     1.2657     1.2596     0.0967
1226.8307     0.8982     0.184     1.209     0.0600     0.8982     1.2532     1.2536     1.2657     1.2596     0.0967
1226.8840     1.3703     0.226     1.213     0.0599     1.3703     1.2532     1.2536     1.2657     1.2596     0.0967
1226.9374     1.5197     0.238     1.217     0.0597     1.5197     1.2532     1.2536     1.2657     1.2596     0.0967
1226.9906     1.1127     0.204     1.221     0.0595     1.1127     1.2532     1.2536     1.2657     1.2596     0.0967
1227.0439     1.0103     0.195     1.225     0.0593     1.0103     1.2539     1.2536     1.2657     1.2596     0.0973
1227.0973     1.7485     0.255     1.228     0.0592     1.7485     1.2539     1.2536     1.2657     1.2596     0.0973
1227.1505     0.9392     0.189     1.232     0.0590     0.9392     1.2539     1.2536     1.2657     1.2596     0.0973
1227.2039     1.3084     0.222     1.236     0.0588     1.3084     1.2539     1.2536     1.2657     1.2596     0.0973
1227.2572     1.2633     0.220     1.240     0.0586     1.2633     1.2539     1.2536     1.2657     1.2596     0.0973
1227.3104     1.2409     0.216     1.244     0.0585     1.2409     1.2898     1.2657     1.2657     1.2596     0.0977
1227.3638     1.2777     0.216     1.247     0.0583     1.2777     1.2898     1.2657     1.2657     1.2596     0.0977
1227.4171     1.2857     0.218     1.251     0.0581     1.2857     1.2898     1.2657     1.2657     1.2596     0.0977
1227.4705     1.2884     0.218     1.255     0.0579     1.2884     1.2898     1.2657     1.2657     1.2596     0.0977
1227.5237     1.3564     0.223     1.259     0.0578     1.3564     1.2898     1.2657     1.2657     1.2596     0.0977
1227.5770     1.4001     0.228     1.263     0.0576     1.4001     1.2415     1.2657     1.1581     1.2596     0.0960
1227.6304     1.1068     0.206     1.266     0.0574     1.1068     1.2415     1.2657     1.1581     1.2596     0.0960
1227.6836     1.1729     0.208     1.270     0.0572     1.1729     1.2415     1.2657     1.1581     1.2596     0.0960
1227.7369     1.3907     0.226     1.274     0.0571     1.3907     1.2415     1.2657     1.1581     1.2596     0.0960
1227.7903     1.1371     0.205     1.278     0.0569     1.1371     1.2415     1.2657     1.1581     1.2596     0.0960
1227.8435     0.8199     0.175     1.282     0.0567     0.8199     1.1505     1.1164     1.1581     1.1631     0.0925
1227.8969     1.2136     0.212     1.286     0.0566     1.2136     1.1505     1.1164     1.1581     1.1631     0.0925
1227.9501     1.1800     0.209     1.289     0.0564     1.1800     1.1505     1.1164     1.1581     1.1631     0.0925
1228.0034     1.3646     0.227     1.293     0.0562     1.3646     1.1505     1.1164     1.1581     1.1631     0.0925
1228.0568     1.1746     0.208     1.297     0.0560     1.1746     1.1505     1.1164     1.1581     1.1631     0.0925
1228.1100     1.3117     0.219     1.301     0.0559     1.3117     1.0823     1.1164     1.1581     1.1631     0.0895
1228.1633     0.7413     0.166     1.305     0.0557     0.7413     1.0823     1.1164     1.1581     1.1631     0.0895
1228.2167     0.9952     0.192     1.308     0.0555     0.9952     1.0823     1.1164     1.1581     1.1631     0.0895
1228.2699     1.1281     0.203     1.312     0.0553     1.1281     1.0823     1.1164     1.1581     1.1631     0.0895
1228.3232     1.2351     0.216     1.316     0.0552     1.2351     1.0823     1.1164     1.1581     1.1631     0.0895
1228.3766     1.0784     0.200     1.320     0.0550     1.0784     1.1839     1.2098     1.2602     1.1631     0.0937
1228.4298     1.2491     0.215     1.324     0.0548     1.2491     1.1839     1.2098     1.2602     1.1631     0.0937
1228.4832     1.2583     0.216     1.327     0.0547     1.2583     1.1839     1.2098     1.2602     1.1631     0.0937
1228.5364     1.1270     0.205     1.331     0.0545     1.1270     1.1839     1.2098     1.2602     1.1631     0.0937
1228.5897     1.2067     0.211     1.335     0.0543     1.2067     1.1839     1.2098     1.2602     1.1631     0.0937
1228.6431     1.2516     0.213     1.339     0.0541     1.2516     1.2357     1.2098     1.2602     1.1631     0.0953
1228.6963     1.4161     0.227     1.343     0.0540     1.4161     1.2357     1.2098     1.2602     1.1631     0.0953
1228.7496     1.2857     0.217     1.346     0.0538     1.2857     1.2357     1.2098     1.2602     1.1631     0.0953
1228.8030     1.0423     0.197     1.350     0.0536     1.0423     1.2357     1.2098     1.2602     1.1631     0.0953
1228.8562     1.1827     0.210     1.354     0.0534     1.1827     1.2357     1.2098     1.2602     1.1631     0.0953
1228.9095     1.2523     0.214     1.358     0.0533     1.2523     1.3610     1.3451     1.2602     1.2492     0.1001
1228.9628     1.4869     0.236     1.362     0.0531     1.4869     1.3610     1.3451     1.2602     1.2492     0.1001
1229.0161     1.0194     0.193     1.365     0.0529     1.0194     1.3610     1.3451     1.2602     1.2492     0.1001
1229.0695     1.2712     0.219     1.369     0.0528     1.2712     1.3610     1.3451     1.2602     1.2492     0.1001
1229.1227     1.7750     0.254     1.373     0.0526     1.7750     1.3610     1.3451     1.2602     1.2492     0.1001
1229.1760     1.5057     0.235     1.377     0.0524     1.5057     1.3293     1.3451     1.2120     1.2492     0.0989
1229.2292     1.3708     0.226     1.381     0.0522     1.3708     1.3293     1.3451     1.2120     1.2492     0.0989
1229.2826     1.1199     0.203     1.384     0.0521     1.1199     1.3293     1.3451     1.2120     1.2492     0.0989
1229.3358     1.4278     0.227     1.388     0.0519     1.4278     1.3293     1.3451     1.2120     1.2492     0.0989
1229.3892     1.2222     0.213     1.392     0.0517     1.2222     1.3293     1.3451     1.2120     1.2492     0.0989
1229.4425     1.5041     0.233     1.396     0.0516     1.5041     1.3110     1.1533     1.2120     1.2492     0.0984
1229.4957     1.3372     0.224     1.400     0.0514     1.3372     1.3110     1.1533     1.2120     1.2492     0.0984
1229.5491     0.9983     0.194     1.403     0.0512     0.9983     1.3110     1.1533     1.2120     1.2492     0.0984
1229.6023     1.1372     0.205     1.407     0.0510     1.1372     1.3110     1.1533     1.2120     1.2492     0.0984
1229.6556     1.5780     0.241     1.411     0.0509     1.5780     1.3110     1.1533     1.2120     1.2492     0.0984
1229.7089     1.0369     0.196     1.415     0.0507     1.0369     0.9956     1.1533     1.2120     1.2492     0.0857
1229.7622     1.5894     0.240     1.419     0.0505     1.5894     0.9956     1.1533     1.2120     1.2492     0.0857
1229.8156     0.9346     0.187     1.422     0.0503     0.9346     0.9956     1.1533     1.2120     1.2492     0.0857
1229.8688     0.7044     0.161     1.426     0.0502     0.7044     0.9956     1.1533     1.2120     1.2492     0.0857
1229.9221     0.7127     0.163     1.430     0.0500     0.7127     0.9956     1.1533     1.2120     1.2492     0.0857
1229.9753     0.4523     0.128     1.434     0.0498     0.4523     0.2000     0.2595     0.6394     0.8712     0.0393
1230.0287     0.2007     0.089     1.438     0.0497     0.2007     0.2000     0.2595     0.6394     0.8712     0.0393
1230.0819     0.1291     0.073     1.441     0.0495     0.1291     0.2000     0.2595     0.6394     0.8712     0.0393
1230.1353     0.0538     0.049     1.445     0.0493     0.0538     0.2000     0.2595     0.6394     0.8712     0.0393
1230.1885     0.1644     0.081     1.449     0.0492     0.1644     0.2000     0.2595     0.6394     0.8712     0.0393
1230.2418     0.1282     0.072     1.453     0.0490     0.1282     0.3189     0.2595     0.6394     0.8712     0.0488
1230.2950     0.1262     0.071     1.457     0.0488     0.1262     0.3189     0.2595     0.6394     0.8712     0.0488
1230.3484     0.3051     0.107     1.461     0.0486     0.3051     0.3189     0.2595     0.6394     0.8712     0.0488
1230.4016     0.5163     0.137     1.464     0.0485     0.5163     0.3189     0.2595     0.6394     0.8712     0.0488
1230.4550     0.5187     0.138     1.468     0.0483     0.5187     0.3189     0.2595     0.6394     0.8712     0.0488
1230.5082     0.9441     0.183     1.472     0.0481     0.9441     1.3991     1.4830     0.6394     0.8712     0.1000
1230.5615     1.5229     0.235     1.476     0.0480     1.5229     1.3991     1.4830     0.6394     0.8712     0.1000
1230.6149     1.6474     0.244     1.480     0.0478     1.6474     1.3991     1.4830     0.6394     0.8712     0.1000
1230.6681     1.4154     0.223     1.483     0.0476     1.4154     1.3991     1.4830     0.6394     0.8712     0.1000
1230.7214     1.4658     0.228     1.487     0.0474     1.4658     1.3991     1.4830     0.6394     0.8712     0.1000
1230.7747     1.4800     0.232     1.491     0.0473     1.4800     1.5668     1.4830     1.4169     0.8712     0.1060
1230.8280     1.4960     0.229     1.495     0.0471     1.4960     1.5668     1.4830     1.4169     0.8712     0.1060
1230.8812     1.8877     0.264     1.499     0.0469     1.8877     1.5668     1.4830     1.4169     0.8712     0.1060
1230.9346     1.2340     0.210     1.502     0.0468     1.2340     1.5668     1.4830     1.4169     0.8712     0.1060
1230.9878     1.7363     0.246     1.506     0.0466     1.7363     1.5668     1.4830     1.4169     0.8712     0.1060
1231.0410     1.2031     0.209     1.510     0.0464     1.2031     1.2669     1.3420     1.4169     1.4100     0.0948
1231.0944     1.3631     0.218     1.514     0.0463     1.3631     1.2669     1.3420     1.4169     1.4100     0.0948
1231.1476     1.3892     0.219     1.518     0.0461     1.3892     1.2669     1.3420     1.4169     1.4100     0.0948
1231.2009     0.9212     0.184     1.521     0.0459     0.9212     1.2669     1.3420     1.4169     1.4100     0.0948
1231.2542     1.4579     0.227     1.525     0.0457     1.4579     1.2669     1.3420     1.4169     1.4100     0.0948
1231.3075     1.1305     0.201     1.529     0.0456     1.1305     1.4170     1.3420     1.4169     1.4100     0.0999
1231.3607     1.0339     0.192     1.533     0.0454     1.0339     1.4170     1.3420     1.4169     1.4100     0.0999
1231.4141     1.6126     0.237     1.537     0.0452     1.6126     1.4170     1.3420     1.4169     1.4100     0.0999
1231.4673     1.7599     0.248     1.540     0.0451     1.7599     1.4170     1.3420     1.4169     1.4100     0.0999
1231.5206     1.5482     0.233     1.544     0.0449     1.5482     1.4170     1.3420     1.4169     1.4100     0.0999
1231.5739     1.4626     0.228     1.548     0.0447     1.4626     1.3297     1.4781     1.5155     1.4100     0.0971
1231.6272     1.0456     0.195     1.552     0.0446     1.0456     1.3297     1.4781     1.5155     1.4100     0.0971
1231.6804     1.4582     0.226     1.556     0.0444     1.4582     1.3297     1.4781     1.5155     1.4100     0.0971
1231.7338     1.2337     0.208     1.559     0.0442     1.2337     1.3297     1.4781     1.5155     1.4100     0.0971
1231.7870     1.4487     0.227     1.563     0.0441     1.4487     1.3297     1.4781     1.5155     1.4100     0.0971
1231.8402     1.6229     0.238     1.567     0.0439     1.6229     1.6265     1.4781     1.5155     1.4100     0.1067
1231.8936     1.4774     0.227     1.571     0.0437     1.4774     1.6265     1.4781     1.5155     1.4100     0.1067
1231.9468     1.4282     0.225     1.575     0.0436     1.4282     1.6265     1.4781     1.5155     1.4100     0.1067
1232.0000     1.5327     0.232     1.578     0.0434     1.5327     1.6265     1.4781     1.5155     1.4100     0.1067
1232.0532     2.0712     0.268     1.582     0.0432     2.0712     1.6265     1.4781     1.5155     1.4100     0.1067
1232.1066     1.4438     0.224     1.586     0.0430     1.4438     1.5902     1.5708     1.5155     1.6078     0.1057
1232.1598     1.2832     0.213     1.590     0.0429     1.2832     1.5902     1.5708     1.5155     1.6078     0.1057
1232.2131     1.7255     0.246     1.594     0.0427     1.7255     1.5902     1.5708     1.5155     1.6078     0.1057
1232.2664     1.8820     0.257     1.597     0.0425     1.8820     1.5902     1.5708     1.5155     1.6078     0.1057
1232.3196     1.6163     0.239     1.601     0.0424     1.6163     1.5902     1.5708     1.5155     1.6078     0.1057
1232.3729     1.7217     0.245     1.605     0.0422     1.7217     1.5514     1.5708     1.6137     1.6078     0.1049
1232.4261     1.6863     0.243     1.609     0.0420     1.6863     1.5514     1.5708     1.6137     1.6078     0.1049
1232.4795     1.3370     0.221     1.613     0.0419     1.3370     1.5514     1.5708     1.6137     1.6078     0.1049
1232.5327     1.3299     0.217     1.616     0.0417     1.3299     1.5514     1.5708     1.6137     1.6078     0.1049
1232.5859     1.6821     0.244     1.620     0.0415     1.6821     1.5514     1.5708     1.6137     1.6078     0.1049
1232.6393     1.5424     0.233     1.624     0.0414     1.5424     1.5599     1.6448     1.6137     1.6078     0.1037
1232.6925     1.3721     0.217     1.628     0.0412     1.3721     1.5599     1.6448     1.6137     1.6078     0.1037
1232.7458     1.5273     0.228     1.632     0.0410     1.5273     1.5599     1.6448     1.6137     1.6078     0.1037
1232.7991     1.8603     0.254     1.635     0.0409     1.8603     1.5599     1.6448     1.6137     1.6078     0.1037
1232.8523     1.4974     0.226     1.639     0.0407     1.4974     1.5599     1.6448     1.6137     1.6078     0.1037
1232.9056     1.7397     0.247     1.643     0.0405     1.7397     1.7297     1.6448     1.6137     1.6078     0.1104
1232.9589     1.3385     0.216     1.647     0.0404     1.3385     1.7297     1.6448     1.6137     1.6078     0.1104
1233.0122     1.5200     0.233     1.651     0.0402     1.5200     1.7297     1.6448     1.6137     1.6078     0.1104
1233.0654     1.9280     0.259     1.654     0.0400     1.9280     1.7297     1.6448     1.6137     1.6078     0.1104
1233.1187     2.1224     0.275     1.658     0.0399     2.1224     1.7297     1.6448     1.6137     1.6078     0.1104
1233.1720     1.4415     0.225     1.662     0.0397     1.4415     1.7912     1.7322     1.7601     1.7438     0.1118
1233.2252     1.6943     0.243     1.666     0.0395     1.6943     1.7912     1.7322     1.7601     1.7438     0.1118
1233.2786     1.8791     0.255     1.670     0.0394     1.8791     1.7912     1.7322     1.7601     1.7438     0.1118
1233.3318     2.0007     0.265     1.673     0.0392     2.0007     1.7912     1.7322     1.7601     1.7438     0.1118
1233.3850     1.9404     0.259     1.677     0.0390     1.9404     1.7912     1.7322     1.7601     1.7438     0.1118
1233.4384     1.7428     0.250     1.681     0.0389     1.7428     1.6732     1.7322     1.7601     1.7438     0.1087
1233.4916     1.5028     0.231     1.685     0.0387     1.5028     1.6732     1.7322     1.7601     1.7438     0.1087
1233.5448     1.5921     0.238     1.689     0.0385     1.5921     1.6732     1.7322     1.7601     1.7438     0.1087
1233.5981     1.5138     0.229     1.692     0.0384     1.5138     1.6732     1.7322     1.7601     1.7438     0.1087
1233.6514     2.0144     0.265     1.696     0.0382     2.0144     1.6732     1.7322     1.7601     1.7438     0.1087
1233.7046     1.2626     0.209     1.700     0.0381     1.2626     1.8158     1.7554     1.7601     1.7438     0.1124
1233.7579     1.5858     0.235     1.704     0.0379     1.5858     1.8158     1.7554     1.7601     1.7438     0.1124
1233.8112     2.2803     0.280     1.708     0.0377     2.2803     1.8158     1.7554     1.7601     1.7438     0.1124
1233.8644     1.8727     0.259     1.712     0.0376     1.8727     1.8158     1.7554     1.7601     1.7438     0.1124
1233.9177     2.0778     0.268     1.715     0.0374     2.0778     1.8158     1.7554     1.7601     1.7438     0.1124
1233.9709     1.9026     0.256     1.719     0.0372     1.9026     1.6950     1.7554     1.7818     1.7438     0.1084
1234.0242     2.0083     0.266     1.723     0.0371     2.0083     1.6950     1.7554     1.7818     1.7438     0.1084
1234.0775     1.3487     0.215     1.727     0.0369     1.3487     1.6950     1.7554     1.7818     1.7438     0.1084
1234.1307     1.4876     0.226     1.731     0.0367     1.4876     1.6950     1.7554     1.7818     1.7438     0.1084
1234.1840     1.7278     0.246     1.734     0.0366     1.7278     1.6950     1.7554     1.7818     1.7438     0.1084
1234.2373     1.8981     0.255     1.738     0.0364     1.8981     1.8359     1.8252     1.7818     1.7891     0.1119
1234.2905     1.6715     0.238     1.742     0.0363     1.6715     1.8359     1.8252     1.7818     1.7891     0.1119
1234.3438     2.1333     0.268     1.746     0.0361     2.1333     1.8359     1.8252     1.7818     1.7891     0.1119
1234.3971     1.8663     0.253     1.750     0.0359     1.8663     1.8359     1.8252     1.7818     1.7891     0.1119
1234.4503     1.6100     0.236     1.753     0.0358     1.6100     1.8359     1.8252     1.7818     1.7891     0.1119
1234.5035     1.6300     0.237     1.757     0.0356     1.6300     1.8146     1.8252     1.7818     1.7891     0.1104
1234.5569     1.7865     0.244     1.761     0.0354     1.7865     1.8146     1.8252     1.7818     1.7891     0.1104
1234.6101     2.0785     0.263     1.765     0.0353     2.0785     1.8146     1.8252     1.7818     1.7891     0.1104
1234.6633     1.6190     0.233     1.769     0.0351     1.6190     1.8146     1.8252     1.7818     1.7891     0.1104
1234.7166     1.9590     0.256     1.772     0.0350     1.9590     1.8146     1.8252     1.7818     1.7891     0.1104
1234.7699     1.2161     0.204     1.776     0.0348     1.2161     1.7996     1.7529     1.7989     1.7891     0.1112
1234.8231     2.3975     0.288     1.780     0.0346     2.3975     1.7996     1.7529     1.7989     1.7891     0.1112
1234.8763     2.0876     0.266     1.784     0.0345     2.0876     1.7996     1.7529     1.7989     1.7891     0.1112
1234.9297     1.5079     0.229     1.788     0.0343     1.5079     1.7996     1.7529     1.7989     1.7891     0.1112
1234.9829     1.7888     0.247     1.791     0.0341     1.7888     1.7996     1.7529     1.7989     1.7891     0.1112
1235.0361     1.5319     0.227     1.795     0.0340     1.5319     1.7062     1.7529     1.7989     1.7891     0.1073
1235.0894     1.4615     0.222     1.799     0.0338     1.4615     1.7062     1.7529     1.7989     1.7891     0.1073
1235.1427     1.9624     0.257     1.803     0.0337     1.9624     1.7062     1.7529     1.7989     1.7891     0.1073
1235.1959     1.6776     0.236     1.807     0.0335     1.6776     1.7062     1.7529     1.7989     1.7891     0.1073
1235.2491     1.8977     0.255     1.810     0.0333     1.8977     1.7062     1.7529     1.7989     1.7891     0.1073
1235.3025     1.5983     0.234     1.814     0.0332     1.5983     1.8909     1.8960     1.7989     1.9693     0.1129
1235.3557     1.9383     0.256     1.818     0.0330     1.9383     1.8909     1.8960     1.7989     1.9693     0.1129
1235.4089     1.8004     0.246     1.822     0.0329     1.8004     1.8909     1.8960     1.7989     1.9693     0.1129
1235.4622     1.9682     0.256     1.826     0.0327     1.9682     1.8909     1.8960     1.7989     1.9693     0.1129
1235.5155     2.1493     0.267     1.829     0.0326     2.1493     1.8909     1.8960     1.7989     1.9693     0.1129
1235.5687     2.1659     0.270     1.833     0.0324     2.1659     1.9011     1.8960     1.9954     1.9693     0.1133
1235.6219     2.0059     0.262     1.837     0.0322     2.0059     1.9011     1.8960     1.9954     1.9693     0.1133
1235.6752     1.9568     0.256     1.841     0.0321     1.9568     1.9011     1.8960     1.9954     1.9693     0.1133
1235.7285     1.6798     0.240     1.845     0.0319     1.6798     1.9011     1.8960     1.9954     1.9693     0.1133
1235.7817     1.6970     0.239     1.848     0.0318     1.6970     1.9011     1.8960     1.9954     1.9693     0.1133
1235.8350     2.1536     0.268     1.852     0.0316     2.1536     2.0715     2.0426     1.9954     1.9693     0.1176
1235.8882     2.1930     0.271     1.856     0.0314     2.1930     2.0715     2.0426     1.9954     1.9693     0.1176
1235.9414     1.9586     0.257     1.860     0.0313     1.9586     2.0715     2.0426     1.9954     1.9693     0.1176
1235.9948     2.6159     0.294     1.864     0.0311     2.6159     2.0715     2.0426     1.9954     1.9693     0.1176
1236.0480     1.4363     0.220     1.867     0.0310     1.4363     2.0715     2.0426     1.9954     1.9693     0.1176
1236.1012     2.0023     0.257     1.871     0.0308     2.0023     2.0137     2.0426     1.9954     1.9693     0.1155
1236.1544     1.7109     0.236     1.875     0.0307     1.7109     2.0137     2.0426     1.9954     1.9693     0.1155
1236.2078     1.7586     0.243     1.879     0.0305     1.7586     2.0137     2.0426     1.9954     1.9693     0.1155
1236.2610     2.4198     0.283     1.883     0.0304     2.4198     2.0137     2.0426     1.9954     1.9693     0.1155
1236.3142     2.1769     0.270     1.886     0.0302     2.1769     2.0137     2.0426     1.9954     1.9693     0.1155
1236.3674     2.0597     0.260     1.890     0.0300     2.0597     2.0384     1.9669     1.9783     1.9755     0.1163
1236.4207     2.1694     0.269     1.894     0.0299     2.1694     2.0384     1.9669     1.9783     1.9755     0.1163
1236.4740     1.7566     0.242     1.898     0.0297     1.7566     2.0384     1.9669     1.9783     1.9755     0.1163
1236.5272     2.4763     0.288     1.902     0.0296     2.4763     2.0384     1.9669     1.9783     1.9755     0.1163
1236.5804     1.7298     0.239     1.905     0.0294     1.7298     2.0384     1.9669     1.9783     1.9755     0.1163
1236.6337     2.0801     0.265     1.909     0.0293     2.0801     1.8954     1.9669     1.9783     1.9755     0.1125
1236.6869     1.8758     0.249     1.913     0.0291     1.8758     1.8954     1.9669     1.9783     1.9755     0.1125
1236.7402     1.7907     0.246     1.917     0.0290     1.7907     1.8954     1.9669     1.9783     1.9755     0.1125
1236.7935     2.1730     0.268     1.921     0.0288     2.1730     1.8954     1.9669     1.9783     1.9755     0.1125
1236.8467     1.5574     0.228     1.924     0.0287     1.5574     1.8954     1.9669     1.9783     1.9755     0.1125
1236.8999     1.7075     0.238     1.928     0.0285     1.7075     2.0013     1.9842     1.9783     1.9755     0.1151
1236.9531     2.0014     0.257     1.932     0.0284     2.0014     2.0013     1.9842     1.9783     1.9755     0.1151
1237.0063     1.6871     0.237     1.936     0.0282     1.6871     2.0013     1.9842     1.9783     1.9755     0.1151
1237.0597     2.3534     0.279     1.940     0.0281     2.3534     2.0013     1.9842     1.9783     1.9755     0.1151
1237.1129     2.2570     0.273     1.943     0.0279     2.2570     2.0013     1.9842     1.9783     1.9755     0.1151
1237.1661     1.5426     0.229     1.947     0.0278     1.5426     1.9671     1.9842     1.9188     1.9755     0.1143
1237.2194     2.1297     0.265     1.951     0.0276     2.1297     1.9671     1.9842     1.9188     1.9755     0.1143
1237.2726     2.3934     0.283     1.955     0.0275     2.3934     1.9671     1.9842     1.9188     1.9755     0.1143
1237.3258     1.8302     0.244     1.959     0.0273     1.8302     1.9671     1.9842     1.9188     1.9755     0.1143
1237.3792     1.9398     0.253     1.962     0.0272     1.9398     1.9671     1.9842     1.9188     1.9755     0.1143
1237.4324     2.0018     0.257     1.966     0.0270     2.0018     1.9427     1.8946     1.9188     1.9598     0.1134
1237.4856     2.0233     0.260     1.970     0.0269     2.0233     1.9427     1.8946     1.9188     1.9598     0.1134
1237.5388     2.1792     0.267     1.974     0.0267     2.1792     1.9427     1.8946     1.9188     1.9598     0.1134
1237.5920     1.7657     0.242     1.978     0.0266     1.7657     1.9427     1.8946     1.9188     1.9598     0.1134
1237.6453     1.7436     0.239     1.981     0.0264     1.7436     1.9427     1.8946     1.9188     1.9598     0.1134
1237.6986     1.7388     0.241     1.985     0.0263     1.7388     1.8464     1.8946     1.9188     1.9598     0.1108
1237.7518     1.8570     0.246     1.989     0.0261     1.8570     1.8464     1.8946     1.9188     1.9598     0.1108
1237.8051     2.0927     0.266     1.993     0.0260     2.0927     1.8464     1.8946     1.9188     1.9598     0.1108
1237.8583     1.8327     0.248     1.997     0.0258     1.8327     1.8464     1.8946     1.9188     1.9598     0.1108
1237.9115     1.7109     0.237     2.000     0.0257     1.7109     1.8464     1.8946     1.9188     1.9598     0.1108
1237.9647     1.9526     0.253     2.004     0.0256     1.9526     2.0827     2.0250     1.9581     1.9598     0.1180
1238.0179     2.2484     0.277     2.008     0.0254     2.2484     2.0827     2.0250     1.9581     1.9598     0.1180
1238.0712     2.3915     0.280     2.012     0.0253     2.3915     2.0827     2.0250     1.9581     1.9598     0.1180
1238.1245     1.5723     0.231     2.016     0.0251     1.5723     2.0827     2.0250     1.9581     1.9598     0.1180
1238.1777     2.2490     0.275     2.019     0.0250     2.2490     2.0827     2.0250     1.9581     1.9598     0.1180
1238.2310     1.9569     0.254     2.023     0.0248     1.9569     1.9672     2.0250     1.9581     1.9598     0.1145
1238.2842     1.8678     0.250     2.027     0.0247     1.8678     1.9672     2.0250     1.9581     1.9598     0.1145
1238.3374     1.7836     0.244     2.031     0.0246     1.7836     1.9672     2.0250     1.9581     1.9598     0.1145
1238.3906     2.2837     0.276     2.035     0.0244     2.2837     1.9672     2.0250     1.9581     1.9598     0.1145
1238.4438     1.9438     0.255     2.038     0.0243     1.9438     1.9672     2.0250     1.9581     1.9598     0.1145
1238.4971     2.0152     0.258     2.042     0.0241     2.0152     1.8244     1.8465     1.9581     1.8705     0.1096
1238.5503     1.5811     0.229     2.046     0.0240     1.5811     1.8244     1.8465     1.9581     1.8705     0.1096
1238.6035     1.9098     0.252     2.050     0.0239     1.9098     1.8244     1.8465     1.9581     1.8705     0.1096
1238.6569     1.8640     0.244     2.054     0.0237     1.8640     1.8244     1.8465     1.9581     1.8705     0.1096
1238.7101     1.7518     0.241     2.057     0.0236     1.7518     1.8244     1.8465     1.9581     1.8705     0.1096
1238.7633     1.8721     0.247     2.061     0.0235     1.8721     1.8687     1.8465     1.8859     1.8705     0.1102
1238.8165     1.8710     0.247     2.065     0.0233     1.8710     1.8687     1.8465     1.8859     1.8705     0.1102
1238.8698     1.6379     0.233     2.069     0.0232     1.6379     1.8687     1.8465     1.8859     1.8705     0.1102
1238.9230     1.8549     0.244     2.073     0.0231     1.8549     1.8687     1.8465     1.8859     1.8705     0.1102
1238.9762     2.1074     0.261     2.076     0.0229     2.1074     1.8687     1.8465     1.8859     1.8705     0.1102
1239.0294     2.0029     0.257     2.080     0.0228     2.0029     1.8526     1.8944     1.8859     1.8705     0.1104
1239.0826     1.6666     0.234     2.084     0.0227     1.6666     1.8526     1.8944     1.8859     1.8705     0.1104
1239.1359     1.6411     0.232     2.088     0.0225     1.6411     1.8526     1.8944     1.8859     1.8705     0.1104
1239.1891     1.9084     0.252     2.092     0.0224     1.9084     1.8526     1.8944     1.8859     1.8705     0.1104
1239.2423     2.0437     0.258     2.095     0.0223     2.0437     1.8526     1.8944     1.8859     1.8705     0.1104
1239.2955     1.9914     0.255     2.099     0.0221     1.9914     1.9363     1.8944     1.8859     1.8705     0.1122
1239.3488     1.9537     0.252     2.103     0.0220     1.9537     1.9363     1.8944     1.8859     1.8705     0.1122
1239.4020     1.9995     0.254     2.107     0.0219     1.9995     1.9363     1.8944     1.8859     1.8705     0.1122
1239.4552     1.7842     0.244     2.111     0.0217     1.7842     1.9363     1.8944     1.8859     1.8705     0.1122
1239.5085     1.9528     0.250     2.114     0.0216     1.9528     1.9363     1.8944     1.8859     1.8705     0.1122
1239.5618     2.2978     0.274     2.118     0.0215     2.2978     2.0973     2.0577     2.0791     2.0688     0.1162
1239.6150     2.0924     0.257     2.122     0.0214     2.0924     2.0973     2.0577     2.0791     2.0688     0.1162
1239.6682     2.1061     0.260     2.126     0.0212     2.1061     2.0973     2.0577     2.0791     2.0688     0.1162
1239.7214     1.8975     0.248     2.130     0.0211     1.8975     2.0973     2.0577     2.0791     2.0688     0.1162
1239.7747     2.0927     0.259     2.133     0.0210     2.0927     2.0973     2.0577     2.0791     2.0688     0.1162
1239.8279     1.7532     0.237     2.137     0.0209     1.7532     2.0182     2.0577     2.0791     2.0688     0.1138
1239.8811     2.2993     0.272     2.141     0.0207     2.2993     2.0182     2.0577     2.0791     2.0688     0.1138
1239.9343     1.8356     0.244     2.145     0.0206     1.8356     2.0182     2.0577     2.0791     2.0688     0.1138
1239.9875     2.2539     0.268     2.149     0.0205     2.2539     2.0182     2.0577     2.0791     2.0688     0.1138
1240.0408     1.9490     0.250     2.152     0.0204     1.9490     2.0182     2.0577     2.0791     2.0688     0.1138
1240.0940     2.0954     0.259     2.156     0.0203     2.0954     2.1217     2.0799     2.0791     2.0688     0.1163
1240.1472     2.3908     0.277     2.160     0.0202     2.3908     2.1217     2.0799     2.0791     2.0688     0.1163
1240.2004     2.0623     0.254     2.164     0.0200     2.0623     2.1217     2.0799     2.0791     2.0688     0.1163
1240.2537     1.8481     0.245     2.168     0.0199     1.8481     2.1217     2.0799     2.0791     2.0688     0.1163
1240.3069     2.2120     0.264     2.171     0.0198     2.2120     2.1217     2.0799     2.0791     2.0688     0.1163
1240.3601     1.7394     0.237     2.175     0.0197     1.7394     2.0382     2.0799     2.1890     2.0688     0.1133
1240.4133     2.2612     0.267     2.179     0.0196     2.2612     2.0382     2.0799     2.1890     2.0688     0.1133
1240.4666     2.1069     0.256     2.183     0.0195     2.1069     2.0382     2.0799     2.1890     2.0688     0.1133
1240.5198     2.0669     0.255     2.187     0.0194     2.0669     2.0382     2.0799     2.1890     2.0688     0.1133
1240.5730     2.0164     0.251     2.190     0.0193     2.0164     2.0382     2.0799     2.1890     2.0688     0.1133
1240.6262     2.3880     0.274     2.194     0.0191     2.3880     2.3207     2.2644     2.1890     2.2877     0.1212
1240.6794     2.5056     0.283     2.198     0.0190     2.5056     2.3207     2.2644     2.1890     2.2877     0.1212
1240.7327     2.3452     0.272     2.202     0.0189     2.3452     2.3207     2.2644     2.1890     2.2877     0.1212
1240.7859     1.9765     0.252     2.206     0.0188     1.9765     2.3207     2.2644     2.1890     2.2877     0.1212
1240.8391     2.3881     0.274     2.209     0.0187     2.3881     2.3207     2.2644     2.1890     2.2877     0.1212
1240.8923     2.2934     0.269     2.213     0.0186     2.2934     2.2081     2.2644     2.1890     2.2877     0.1178
1240.9456     2.1079     0.256     2.217     0.0185     2.1079     2.2081     2.2644     2.1890     2.2877     0.1178
1240.9988     1.9969     0.252     2.221     0.0184     1.9969     2.2081     2.2644     2.1890     2.2877     0.1178
1241.0520     2.3003     0.266     2.225     0.0183     2.3003     2.2081     2.2644     2.1890     2.2877     0.1178
1241.1052     2.3422     0.273     2.228     0.0182     2.3422     2.2081     2.2644     2.1890     2.2877     0.1178
1241.1583     2.6267     0.284     2.232     0.0181     2.6267     2.3735     2.3110     2.3022     2.2877     0.1219
1241.2115     2.2389     0.266     2.236     0.0180     2.2389     2.3735     2.3110     2.3022     2.2877     0.1219
1241.2648     2.3503     0.274     2.240     0.0179     2.3503     2.3735     2.3110     2.3022     2.2877     0.1219
1241.3180     2.3030     0.268     2.244     0.0178     2.3030     2.3735     2.3110     2.3022     2.2877     0.1219
1241.3712     2.3484     0.270     2.247     0.0178     2.3484     2.3735     2.3110     2.3022     2.2877     0.1219
1241.4244     1.8684     0.244     2.251     0.0177     1.8684     2.2486     2.3110     2.3022     2.2877     0.1188
1241.4777     2.1624     0.259     2.255     0.0176     2.1624     2.2486     2.3110     2.3022     2.2877     0.1188
1241.5309     2.5742     0.281     2.259     0.0175     2.5742     2.2486     2.3110     2.3022     2.2877     0.1188
1241.5841     2.2489     0.267     2.263     0.0174     2.2489     2.2486     2.3110     2.3022     2.2877     0.1188
1241.6373     2.3890     0.275     2.266     0.0173     2.3890     2.2486     2.3110     2.3022     2.2877     0.1188
1241.6906     2.2364     0.262     2.270     0.0172     2.2364     2.2845     2.2715     2.3022     2.3366     0.1192
1241.7438     2.1437     0.263     2.274     0.0172     2.1437     2.2845     2.2715     2.3022     2.3366     0.1192
1241.7970     2.5895     0.285     2.278     0.0171     2.5895     2.2845     2.2715     2.3022     2.3366     0.1192
1241.8502     2.3051     0.267     2.282     0.0170     2.3051     2.2845     2.2715     2.3022     2.3366     0.1192
1241.9034     2.1478     0.255     2.285     0.0169     2.1478     2.2845     2.2715     2.3022     2.3366     0.1192
1241.9565     2.1685     0.260     2.289     0.0168     2.1685     2.2585     2.2715     2.3539     2.3366     0.1187
1242.0098     2.3497     0.268     2.293     0.0168     2.3497     2.2585     2.2715     2.3539     2.3366     0.1187
1242.0630     2.0734     0.256     2.297     0.0167     2.0734     2.2585     2.2715     2.3539     2.3366     0.1187
1242.1162     2.6616     0.287     2.301     0.0166     2.6616     2.2585     2.2715     2.3539     2.3366     0.1187
1242.1694     2.0391     0.254     2.304     0.0166     2.0391     2.2585     2.2715     2.3539     2.3366     0.1187
1242.2227     2.4475     0.274     2.308     0.0165     2.4475     2.4105     2.4017     2.3539     2.3366     0.1216
1242.2759     2.4069     0.270     2.312     0.0164     2.4069     2.4105     2.4017     2.3539     2.3366     0.1216
1242.3291     2.6017     0.283     2.316     0.0164     2.6017     2.4105     2.4017     2.3539     2.3366     0.1216
1242.3823     2.2484     0.261     2.320     0.0163     2.2484     2.4105     2.4017     2.3539     2.3366     0.1216
1242.4355     2.3481     0.270     2.323     0.0162     2.3481     2.4105     2.4017     2.3539     2.3366     0.1216
1242.4886     2.3745     0.271     2.327     0.0162     2.3745     2.3928     2.4017     2.3539     2.3366     0.1216
1242.5419     3.1872     0.317     2.331     0.0161     3.1872     2.3928     2.4017     2.3539     2.3366     0.1216
1242.5951     2.0211     0.247     2.335     0.0161     2.0211     2.3928     2.4017     2.3539     2.3366     0.1216
1242.6483     2.2552     0.265     2.339     0.0160     2.2552     2.3928     2.4017     2.3539     2.3366     0.1216
1242.7015     2.1262     0.254     2.342     0.0160     2.1262     2.3928     2.4017     2.3539     2.3366     0.1216
1242.7548     2.8121     0.295     2.346     0.0159     2.8121     2.4813     2.5536     2.5694     2.5133     0.1237
1242.8080     2.4958     0.277     2.350     0.0159     2.4958     2.4813     2.5536     2.5694     2.5133     0.1237
1242.8612     2.0397     0.254     2.354     0.0158     2.0397     2.4813     2.5536     2.5694     2.5133     0.1237
1242.9143     2.2498     0.261     2.358     0.0158     2.2498     2.4813     2.5536     2.5694     2.5133     0.1237
1242.9675     2.8093     0.294     2.361     0.0157     2.8093     2.4813     2.5536     2.5694     2.5133     0.1237
1243.0208     2.7954     0.294     2.365     0.0157     2.7954     2.6258     2.5536     2.5694     2.5133     0.1275
1243.0740     2.9103     0.300     2.369     0.0157     2.9103     2.6258     2.5536     2.5694     2.5133     0.1275
1243.1272     2.2133     0.261     2.373     0.0156     2.2133     2.6258     2.5536     2.5694     2.5133     0.1275
1243.1804     2.8346     0.299     2.377     0.0156     2.8346     2.6258     2.5536     2.5694     2.5133     0.1275
1243.2336     2.3754     0.269     2.380     0.0156     2.3754     2.6258     2.5536     2.5694     2.5133     0.1275
1243.2867     2.9124     0.301     2.384     0.0155     2.9124     2.6010     2.4730     2.5694     2.5133     0.1268
1243.3400     2.4017     0.273     2.388     0.0155     2.4017     2.6010     2.4730     2.5694     2.5133     0.1268
1243.3932     2.5450     0.280     2.392     0.0155     2.5450     2.6010     2.4730     2.5694     2.5133     0.1268
1243.4464     2.4432     0.275     2.396     0.0155     2.4432     2.6010     2.4730     2.5694     2.5133     0.1268
1243.4996     2.7029     0.287     2.399     0.0154     2.7029     2.6010     2.4730     2.5694     2.5133     0.1268
1243.5529     2.9684     0.303     2.403     0.0154     2.9684     2.3450     2.4730     2.5640     2.5133     0.1197
1243.6060     2.0763     0.251     2.407     0.0154     2.0763     2.3450     2.4730     2.5640     2.5133     0.1197
1243.6592     2.0219     0.248     2.411     0.0154     2.0219     2.3450     2.4730     2.5640     2.5133     0.1197
1243.7124     2.0824     0.253     2.414     0.0154     2.0824     2.3450     2.4730     2.5640     2.5133     0.1197
1243.7656     2.5759     0.279     2.418     0.0154     2.5759     2.3450     2.4730     2.5640     2.5133     0.1197
1243.8188     2.9196     0.296     2.422     0.0154     2.9196     2.8065     2.6735     2.5640     2.7575     0.1308
1243.8719     3.1831     0.313     2.426     0.0153     3.1831     2.8065     2.6735     2.5640     2.7575     0.1308
1243.9252     2.2240     0.260     2.430     0.0153     2.2240     2.8065     2.6735     2.5640     2.7575     0.1308
1243.9784     3.0762     0.309     2.433     0.0153     3.0762     2.8065     2.6735     2.5640     2.7575     0.1308
1244.0316     2.6294     0.281     2.437     0.0153     2.6294     2.8065     2.6735     2.5640     2.7575     0.1308
1244.0848     2.1593     0.255     2.441     0.0153     2.1593     2.5405     2.6735     2.5640     2.7575     0.1246
1244.1381     2.3638     0.266     2.445     0.0153     2.3638     2.5405     2.6735     2.5640     2.7575     0.1246
1244.1912     2.6203     0.282     2.449     0.0153     2.6203     2.5405     2.6735     2.5640     2.7575     0.1246
1244.2444     2.7549     0.293     2.452     0.0154     2.7549     2.5405     2.6735     2.5640     2.7575     0.1246
1244.2976     2.8045     0.295     2.456     0.0154     2.8045     2.5405     2.6735     2.5640     2.7575     0.1246
1244.3508     2.8350     0.295     2.460     0.0154     2.8350     2.7766     2.8416     2.9057     2.7575     0.1301
1244.4039     2.4390     0.276     2.464     0.0154     2.4390     2.7766     2.8416     2.9057     2.7575     0.1301
1244.4572     2.5708     0.279     2.468     0.0154     2.5708     2.7766     2.8416     2.9057     2.7575     0.1301
1244.5104     3.2293     0.314     2.471     0.0154     3.2293     2.7766     2.8416     2.9057     2.7575     0.1301
1244.5636     2.8087     0.290     2.475     0.0154     2.8087     2.7766     2.8416     2.9057     2.7575     0.1301
1244.6168     2.6383     0.284     2.479     0.0155     2.6383     2.9066     2.8416     2.9057     2.7575     0.1330
1244.6699     3.1873     0.312     2.483     0.0155     3.1873     2.9066     2.8416     2.9057     2.7575     0.1330
1244.7231     2.5222     0.279     2.487     0.0155     2.5222     2.9066     2.8416     2.9057     2.7575     0.1330
1244.7764     3.4175     0.318     2.490     0.0155     3.4175     2.9066     2.8416     2.9057     2.7575     0.1330
1244.8296     2.7675     0.291     2.494     0.0156     2.7675     2.9066     2.8416     2.9057     2.7575     0.1330
1244.8827     3.6353     0.329     2.498     0.0156     3.6353     3.0341     2.7840     2.9057     2.9405     0.1355
1244.9359     2.5452     0.278     2.502     0.0156     2.5452     3.0341     2.7840     2.9057     2.9405     0.1355
1244.9891     2.9380     0.298     2.506     0.0157     2.9380     3.0341     2.7840     2.9057     2.9405     0.1355
1245.0424     3.4029     0.324     2.509     0.0157     3.4029     3.0341     2.7840     2.9057     2.9405     0.1355
1245.0955     2.6492     0.282     2.513     0.0158     2.6492     3.0341     2.7840     2.9057     2.9405     0.1355
1245.1487     2.4258     0.271     2.517     0.0158     2.4258     2.5339     2.7840     2.9093     2.9405     0.1245
1245.2019     2.6654     0.284     2.521     0.0158     2.6654     2.5339     2.7840     2.9093     2.9405     0.1245
1245.2551     2.4393     0.276     2.525     0.0159     2.4393     2.5339     2.7840     2.9093     2.9405     0.1245
1245.3082     2.5929     0.278     2.528     0.0159     2.5929     2.5339     2.7840     2.9093     2.9405     0.1245
1245.3615     2.5460     0.283     2.532     0.0160     2.5460     2.5339     2.7840     2.9093     2.9405     0.1245
1245.4147     2.2384     0.259     2.536     0.0160     2.2384     2.7184     3.0970     2.9093     2.9405     0.1275
1245.4679     2.5492     0.277     2.540     0.0161     2.5492     2.7184     3.0970     2.9093     2.9405     0.1275
1245.5210     2.3743     0.266     2.544     0.0162     2.3743     2.7184     3.0970     2.9093     2.9405     0.1275
1245.5742     3.0790     0.304     2.547     0.0162     3.0790     2.7184     3.0970     2.9093     2.9405     0.1275
1245.6274     3.3514     0.316     2.551     0.0163     3.3514     2.7184     3.0970     2.9093     2.9405     0.1275
1245.6805     3.4738     0.327     2.555     0.0163     3.4738     3.4755     3.0970     2.9093     2.9405     0.1449
1245.7338     3.5321     0.326     2.559     0.0164     3.5321     3.4755     3.0970     2.9093     2.9405     0.1449
1245.7870     3.5003     0.328     2.563     0.0165     3.5003     3.4755     3.0970     2.9093     2.9405     0.1449
1245.8402     3.3125     0.315     2.566     0.0165     3.3125     3.4755     3.0970     2.9093     2.9405     0.1449
1245.8933     3.5589     0.325     2.570     0.0166     3.5589     3.4755     3.0970     2.9093     2.9405     0.1449
1245.9465     3.7668     0.336     2.574     0.0167     3.7668     3.1593     3.3306     3.4295     3.2825     0.1371
1245.9998     2.5653     0.274     2.578     0.0167     2.5653     3.1593     3.3306     3.4295     3.2825     0.1371
1246.0529     3.4796     0.320     2.582     0.0168     3.4796     3.1593     3.3306     3.4295     3.2825     0.1371
1246.1061     2.9487     0.299     2.585     0.0169     2.9487     3.1593     3.3306     3.4295     3.2825     0.1371
1246.1593     3.0362     0.301     2.589     0.0169     3.0362     3.1593     3.3306     3.4295     3.2825     0.1371
1246.2125     3.2355     0.308     2.593     0.0170     3.2355     3.5018     3.3306     3.4295     3.2825     0.1439
1246.2656     2.8962     0.295     2.597     0.0171     2.8962     3.5018     3.3306     3.4295     3.2825     0.1439
1246.3188     4.0610     0.346     2.601     0.0172     4.0610     3.5018     3.3306     3.4295     3.2825     0.1439
1246.3721     3.5966     0.325     2.604     0.0173     3.5966     3.5018     3.3306     3.4295     3.2825     0.1439
1246.4252     3.7198     0.333     2.608     0.0174     3.7198     3.5018     3.3306     3.4295     3.2825     0.1439
1246.4784     3.4010     0.318     2.612     0.0174     3.4010     3.6273     3.2344     3.4295     3.2825     0.1467
1246.5316     4.2285     0.353     2.616     0.0175     4.2285     3.6273     3.2344     3.4295     3.2825     0.1467
1246.5847     3.0785     0.303     2.620     0.0176     3.0785     3.6273     3.2344     3.4295     3.2825     0.1467
1246.6379     3.8531     0.337     2.623     0.0177     3.8531     3.6273     3.2344     3.4295     3.2825     0.1467
1246.6912     3.5753     0.327     2.627     0.0178     3.5753     3.6273     3.2344     3.4295     3.2825     0.1467
1246.7443     3.1638     0.307     2.631     0.0179     3.1638     2.8415     3.2344     3.7268     3.2825     0.1302
1246.7975     2.4085     0.268     2.635     0.0180     2.4085     2.8415     3.2344     3.7268     3.2825     0.1302
1246.8507     2.6165     0.279     2.639     0.0181     2.6165     2.8415     3.2344     3.7268     3.2825     0.1302
1246.9038     2.9087     0.294     2.642     0.0182     2.9087     2.8415     3.2344     3.7268     3.2825     0.1302
1246.9570     3.1101     0.306     2.646     0.0183     3.1101     2.8415     3.2344     3.7268     3.2825     0.1302
1247.0103     4.2679     0.356     2.650     0.0184     4.2679     4.0310     4.1695     3.7268     4.2491     0.1552
1247.0634     3.4406     0.323     2.654     0.0185     3.4406     4.0310     4.1695     3.7268     4.2491     0.1552
1247.1166     4.4018     0.363     2.657     0.0186     4.4018     4.0310     4.1695     3.7268     4.2491     0.1552
1247.1697     4.1193     0.351     2.661     0.0187     4.1193     4.0310     4.1695     3.7268     4.2491     0.1552
1247.2229     3.9255     0.341     2.665     0.0188     3.9255     4.0310     4.1695     3.7268     4.2491     0.1552
1247.2761     4.0784     0.348     2.669     0.0189     4.0784     4.3080     4.1695     3.7268     4.2491     0.1597
1247.3292     4.5720     0.367     2.673     0.0190     4.5720     4.3080     4.1695     3.7268     4.2491     0.1597
1247.3824     4.6154     0.369     2.676     0.0191     4.6154     4.3080     4.1695     3.7268     4.2491     0.1597
1247.4357     4.1195     0.346     2.680     0.0192     4.1195     4.3080     4.1695     3.7268     4.2491     0.1597
1247.4888     4.1549     0.354     2.684     0.0193     4.1549     4.3080     4.1695     3.7268     4.2491     0.1597
1247.5420     4.5692     0.362     2.688     0.0194     4.5692     4.3254     4.3286     4.4884     4.2491     0.1588
1247.5951     3.8722     0.338     2.692     0.0195     3.8722     4.3254     4.3286     4.4884     4.2491     0.1588
1247.6483     4.6672     0.369     2.695     0.0196     4.6672     4.3254     4.3286     4.4884     4.2491     0.1588
1247.7015     4.1716     0.348     2.699     0.0197     4.1716     4.3254     4.3286     4.4884     4.2491     0.1588
1247.7546     4.3469     0.356     2.703     0.0199     4.3469     4.3254     4.3286     4.4884     4.2491     0.1588
1247.8079     4.1445     0.348     2.707     0.0200     4.1445     4.3318     4.3286     4.4884     4.2491     0.1595
1247.8611     4.3012     0.353     2.711     0.0201     4.3012     4.3318     4.3286     4.4884     4.2491     0.1595
1247.9142     4.5191     0.366     2.714     0.0202     4.5191     4.3318     4.3286     4.4884     4.2491     0.1595
1247.9674     3.9946     0.342     2.718     0.0203     3.9946     4.3318     4.3286     4.4884     4.2491     0.1595
1248.0205     4.6999     0.373     2.722     0.0204     4.6999     4.3318     4.3286     4.4884     4.2491     0.1595
1248.0737     4.8874     0.385     2.726     0.0206     4.8874     4.8079     4.8775     4.4884     4.8117     0.1675
1248.1268     4.4869     0.359     2.730     0.0207     4.4869     4.8079     4.8775     4.4884     4.5711     0.1675
1248.1801     4.8097     0.374     2.733     0.0208     4.8097     4.8079     4.8775     4.4884     4.5711     0.1675
1248.2333     4.6129     0.365     2.737     0.0209     4.6129     4.8079     4.8775     4.4884     4.5711     0.1675
1248.2864     5.2428     0.388     2.741     0.0210     5.2428     4.8079     4.8775     4.4884     4.5711     0.1675
1248.3396     4.5842     0.366     2.745     0.0212     4.5842     4.9470     4.8775     4.8129     4.5711     0.1699
1248.3927     4.9730     0.381     2.749     0.0213     4.9730     4.9470     4.8775     4.4920     4.5711     0.1699
1248.4459     5.3882     0.398     2.752     0.0214     5.3882     4.9470     4.8775     4.4920     4.5711     0.1699
1248.4991     5.1538     0.384     2.756     0.0215     5.1538     4.9470     4.8775     4.4920     4.5711     0.1699
1248.5522     4.6356     0.369     2.760     0.0217     4.6356     4.9470     4.8775     4.4920     4.5711     0.1699
1248.6055     4.6438     0.367     2.764     0.0218     4.6438     5.1276     4.7459     4.4920     4.5711     0.1725
1248.6586     5.3078     0.397     2.768     0.0219     5.3078     5.1276     4.2713     4.4920     4.5711     0.1725
1248.7118     5.1908     0.385     2.771     0.0220     5.1908     5.1276     4.2713     4.4920     4.5711     0.1725
1248.7649     5.3697     0.394     2.775     0.0222     5.3697     5.1276     4.2713     4.4920     4.5711     0.1725
1248.8181     5.1260     0.384     2.779     0.0223     5.1260     5.1276     4.2713     4.4920     4.5711     0.1725
1248.8712     6.1057     0.425     2.783     0.0224     6.1057     4.3641     4.2713     4.4920     4.5711     0.1591
1248.9244     6.1229     0.417     2.787     0.0226     6.1229     3.4913     4.2713     4.4920     4.5711     0.1423
1248.9777     5.0999     0.392     2.790     0.0227     5.0999     3.4913     4.2713     4.4920     4.5711     0.1423
1249.0308     4.4919     0.353     0.000     0.0228     4.4919     3.4913     4.2713     4.4920     4.5711     0.1423
1249.0840     0.0000     0.000     0.000     0.0230     0.0000     3.4913     4.2713     4.4920     4.5711     0.1423
1249.1371     0.0000     0.000     0.000     0.0231     0.0000     3.4913     4.2713     4.4920     4.5711     0.1423
1249.1903     0.0000     0.000     0.000     0.0232     0.0000     3.4913     4.2713     4.4920     4.5711     0.1423
