1195.4253     0.9923     0.252    -1.622    11.9334     0.9923     1.0651     1.0104     0.8705     0.8918     0.1176
1195.4789     0.7295     0.220    -1.622    11.8904     0.7295     1.0651     1.0104     0.8705     0.8918     0.1176
1195.5323     1.0522     0.260    -1.622    11.8476     1.0522     0.9558     1.0104     0.8920     0.8918     0.1110
1195.5858     0.8028     0.228    -1.622    11.8049     0.8028     0.9558     1.0104     0.8920     0.8918     0.1110
1195.6394     0.9334     0.246    -1.622    11.7621     0.9334     0.9558     1.0104     0.8920     0.8918     0.1110
1195.6929     0.7473     0.221    -1.622    11.7196     0.7473     0.9558     1.0104     0.8920     0.8918     0.1110
1195.7463     1.2432     0.282    -1.622    11.6771     1.2432     0.9558     1.0104     0.8920     0.8918     0.1110
1195.7999     0.5445     0.188    -1.622    11.6348     0.5445     0.7691     0.8601     0.8920     0.9190     0.1003
1195.8534     0.3028     0.144    -1.622    11.5926     0.3028     0.7691     0.8601     0.8920     0.9190     0.1003
1195.9069     1.1417     0.274    -1.622    11.5504     1.1417     0.7691     0.8601     0.8920     0.9190     0.1003
1195.9604     0.7485     0.222    -1.622    11.5084     0.7485     0.7691     0.8601     0.8920     0.9190     0.1003
1196.0139     1.1082     0.267    -1.622    11.4665     1.1082     0.7691     0.8601     0.8920     0.9190     0.1003
1196.0675     0.9060     0.240    -1.622    11.4246     0.9060     0.9511     0.8601     0.8920     0.9190     0.1105
1196.1210     1.1081     0.266    -1.622    11.3830     1.1081     0.9511     0.8601     0.8920     0.9190     0.1105
1196.1744     0.7715     0.224    -1.622    11.3413     0.7715     0.9511     0.8601     0.8920     0.9190     0.1105
1196.2280     1.0403     0.258    -1.622    11.2998     1.0403     0.9511     0.8601     0.8920     0.9190     0.1105
1196.2815     0.9295     0.246    -1.622    11.2584     0.9295     0.9511     0.8601     0.8920     0.9190     0.1105
1196.3350     0.8973     0.238    -1.622    11.2170     0.8973     0.9158     0.9780     0.9766     0.9190     0.1082
1196.3885     0.9757     0.250    -1.622    11.1758     0.9757     0.9158     0.9780     0.9766     0.9190     0.1082
1196.4420     0.8483     0.233    -1.622    11.1347     0.8483     0.9158     0.9780     0.9766     0.9190     0.1082
1196.4955     1.1135     0.268    -1.622    11.0936     1.1135     0.9158     0.9780     0.9766     0.9190     0.1082
1196.5490     0.7443     0.218    -1.622    11.0527     0.7443     0.9158     0.9780     0.9766     0.9190     0.1082
1196.6025     1.4569     0.302    -1.622    11.0119     1.4569     1.0401     0.9780     0.9766     0.9190     0.1142
1196.6560     1.0878     0.259    -1.622    10.9712     1.0878     1.0401     0.9780     0.9766     0.9190     0.1142
1196.7095     0.7311     0.218    -1.622    10.9306     0.7311     1.0401     0.9780     0.9766     0.9190     0.1142
1196.7631     1.1762     0.269    -1.622    10.8900     1.1762     1.0401     0.9780     0.9766     0.9190     0.1142
1196.8165     0.7486     0.219    -1.622    10.8496     0.7486     1.0401     0.9780     0.9766     0.9190     0.1142
1196.8700     1.2429     0.284    -1.622    10.8093     1.2429     0.9738     0.8793     0.9766     0.8748     0.1108
1196.9236     0.5819     0.192    -1.622    10.7690     0.5819     0.9738     0.8793     0.9766     0.8748     0.1108
1196.9771     0.9968     0.248    -1.622    10.7289     0.9968     0.9738     0.8793     0.9766     0.8748     0.1108
1197.0305     1.2758     0.284    -1.622    10.6889     1.2758     0.9738     0.8793     0.9766     0.8748     0.1108
1197.0840     0.7715     0.217    -1.622    10.6490     0.7715     0.9738     0.8793     0.9766     0.8748     0.1108
1197.1376     0.7817     0.224    -1.622    10.6092     0.7817     0.7848     0.8793     0.8418     0.8748     0.1005
1197.1910     0.5091     0.184    -1.622    10.5695     0.5091     0.7848     0.8793     0.8418     0.8748     0.1005
1197.2445     0.7713     0.226    -1.622    10.5299     0.7713     0.7848     0.8793     0.8418     0.8748     0.1005
1197.2981     0.5442     0.186    -1.622    10.4903     0.5442     0.7848     0.8793     0.8418     0.8748     0.1005
1197.3516     1.3175     0.287    -1.622    10.4509     1.3175     0.7848     0.8793     0.8418     0.8748     0.1005
1197.4050     0.8191     0.227    -1.622    10.4116     0.8191     0.8419     0.8703     0.8418     0.8748     0.1027
1197.4585     0.7131     0.214    -1.622    10.3723     0.7131     0.8419     0.8703     0.8418     0.8748     0.1027
1197.5121     1.2252     0.274    -1.622    10.3331     1.2252     0.8419     0.8703     0.8418     0.8748     0.1027
1197.5656     0.8602     0.234    -1.622    10.2941     0.8602     0.8419     0.8703     0.8418     0.8748     0.1027
1197.6190     0.5920     0.192    -1.622    10.2551     0.5920     0.8419     0.8703     0.8418     0.8748     0.1027
1197.6725     0.9296     0.240    -1.622    10.2163     0.9296     0.8988     0.8703     0.8418     0.8748     0.1056
1197.7261     1.0956     0.258    -1.622    10.1776     1.0956     0.8988     0.8703     0.8418     0.8748     0.1056
1197.7795     0.7008     0.211    -1.622    10.1390     0.7008     0.8988     0.8703     0.8418     0.8748     0.1056
1197.8330     0.7373     0.213    -1.622    10.1004     0.7373     0.8988     0.8703     0.8418     0.8748     0.1056
1197.8865     1.0305     0.254    -1.622    10.0619     1.0305     0.8988     0.8703     0.8418     0.8748     0.1056
1197.9401     1.0283     0.250    -1.622    10.0236     1.0283     0.9616     0.9508     0.9925     0.9607     0.1093
1197.9935     1.0832     0.260    -1.622     9.9853     1.0832     0.9616     0.9508     0.9925     0.9607     0.1093
1198.0470     0.8555     0.232    -1.622     9.9472     0.8555     0.9616     0.9508     0.9925     0.9607     0.1093
1198.1005     0.9043     0.239    -1.622     9.9091     0.9043     0.9616     0.9508     0.9925     0.9607     0.1093
1198.1541     0.9368     0.241    -1.622     9.8712     0.9368     0.9616     0.9508     0.9925     0.9607     0.1093
1198.2075     1.1997     0.276    -1.622     9.8332     1.1997     0.9399     0.9508     0.9925     0.9607     0.1081
1198.2610     0.7898     0.220    -1.622     9.7955     0.7898     0.9399     0.9508     0.9925     0.9607     0.1081
1198.3145     0.6773     0.205    -1.622     9.7578     0.6773     0.9399     0.9508     0.9925     0.9607     0.1081
1198.3680     1.2957     0.283    -1.622     9.7203     1.2957     0.9399     0.9508     0.9925     0.9607     0.1081
1198.4215     0.7369     0.214    -1.622     9.6827     0.7369     0.9399     0.9508     0.9925     0.9607     0.1081
1198.4750     1.2169     0.275    -1.622     9.6454     1.2169     1.0759     0.9707     0.9925     0.9607     0.1152
1198.5284     1.2104     0.272    -1.622     9.6081     1.2104     1.0759     0.9707     0.9925     0.9607     0.1152
1198.5819     1.0734     0.259    -1.622     9.5709     1.0734     1.0759     0.9707     0.9925     0.9607     0.1152
1198.6355     1.2767     0.277    -1.622     9.5337     1.2767     1.0759     0.9707     0.9925     0.9607     0.1152
1198.6890     0.6021     0.195    -1.622     9.4968     0.6021     1.0759     0.9707     0.9925     0.9607     0.1152
1198.7424     0.6541     0.199    -1.622     9.4599     0.6541     0.8656     0.9707     0.6765     0.9607     0.1027
1198.7959     0.9110     0.237    -1.622     9.4231     0.9110     0.8656     0.9707     0.6765     0.9607     0.1027
1198.8494     0.8788     0.229    -1.622     9.3863     0.8788     0.8656     0.9707     0.6765     0.9607     0.1027
1198.9030     0.9038     0.235    -1.622     9.3497     0.9038     0.8656     0.9707     0.6765     0.9607     0.1027
1198.9564     0.9803     0.246    -1.622     9.3132     0.9803     0.8656     0.9707     0.6765     0.9607     0.1027
1199.0099     0.8738     0.233    -1.622     9.2768     0.8738     0.8660     0.5820     0.6765     0.6039     0.1026
1199.0634     0.9327     0.238    -1.622     9.2403     0.9327     0.8660     0.5820     0.6765     0.6039     0.1026
1199.1168     0.7017     0.207    -1.622     9.2041     0.7017     0.8660     0.5820     0.6765     0.6039     0.1026
1199.1703     0.7208     0.210    -1.622     9.1680     0.7208     0.8660     0.5820     0.6765     0.6039     0.1026
1199.2239     1.1010     0.256    -1.622     9.1319     1.1010     0.8660     0.5820     0.6765     0.6039     0.1026
1199.2773     0.6636     0.202    -1.622     9.0960     0.6636     0.2981     0.5820     0.6765     0.6039     0.0625
1199.3308     0.3753     0.156    -1.622     9.0601     0.3753     0.2981     0.5820     0.6765     0.6039     0.0625
1199.3843     0.1341     0.099    -1.622     9.0243     0.1341     0.2981     0.5820     0.6765     0.6039     0.0625
1199.4377     0.1808     0.112    -1.622     8.9886     0.1808     0.2981     0.5820     0.6765     0.6039     0.0625
1199.4913     0.1364     0.101    -1.622     8.9531     0.1364     0.2981     0.5820     0.6765     0.6039     0.0625
1199.5448     0.1702     0.110    -1.622     8.9176     0.1702     0.5270     0.6259     0.4998     0.6039     0.0809
1199.5983     0.1451     0.103    -1.622     8.8821     0.1451     0.5270     0.6259     0.4998     0.6039     0.0809
1199.6517     0.4273     0.165    -1.622     8.8468     0.4273     0.5270     0.6259     0.4998     0.6039     0.0809
1199.7052     0.9099     0.236    -1.622     8.8116     0.9099     0.5270     0.6259     0.4998     0.6039     0.0809
1199.7587     0.9825     0.241    -1.622     8.7765     0.9825     0.5270     0.6259     0.4998     0.6039     0.0809
1199.8121     0.6508     0.199    -1.622     8.7415     0.6508     0.7247     0.6259     0.4998     0.6039     0.0943
1199.8657     1.0071     0.248    -1.622     8.7066     1.0071     0.7247     0.6259     0.4998     0.6039     0.0943
1199.9192     0.6657     0.204    -1.622     8.6717     0.6657     0.7247     0.6259     0.4998     0.6039     0.0943
1199.9727     0.7160     0.211    -1.622     8.6369     0.7160     0.7247     0.6259     0.4998     0.6039     0.0943
1200.0260     0.5839     0.188    -1.622     8.6023     0.5839     0.7247     0.6259     0.4998     0.6039     0.0943
1200.0795     0.1964     0.117    -1.622     8.5677     0.1964     0.2477     0.4605     0.4998     0.4991     0.0574
1200.1329     0.3106     0.142    -1.622     8.5333     0.3106     0.2477     0.4605     0.4998     0.4991     0.0574
1200.1864     0.1284     0.097    -1.622     8.4988     0.1284     0.2477     0.4605     0.4998     0.4991     0.0574
1200.2399     0.3041     0.141    -1.622     8.4646     0.3041     0.2477     0.4605     0.4998     0.4991     0.0574
1200.2935     0.2990     0.139    -1.622     8.4304     0.2990     0.2477     0.4605     0.4998     0.4991     0.0574
1200.3469     0.3634     0.152    -1.622     8.3963     0.3634     0.6733     0.4605     0.5829     0.4991     0.0900
1200.4004     0.4565     0.166    -1.622     8.3623     0.4565     0.6733     0.4605     0.5829     0.4991     0.0900
1200.4539     1.2279     0.271    -1.622     8.3284     1.2279     0.6733     0.4605     0.5829     0.4991     0.0900
1200.5073     0.7445     0.210    -1.622     8.2945     0.7445     0.6733     0.4605     0.5829     0.4991     0.0900
1200.5608     0.5742     0.186    -1.622     8.2607     0.5742     0.6733     0.4605     0.5829     0.4991     0.0900
1200.6143     0.3541     0.150    -1.622     8.2271     0.3541     0.3416     0.5376     0.5829     0.4991     0.0658
1200.6677     0.4130     0.161    -1.622     8.1936     0.4130     0.3416     0.5376     0.5829     0.4991     0.0658
1200.7212     0.2336     0.123    -1.622     8.1602     0.2336     0.3416     0.5376     0.5829     0.4991     0.0658
1200.7747     0.3617     0.153    -1.622     8.1268     0.3617     0.3416     0.5376     0.5829     0.4991     0.0658
1200.8282     0.3458     0.147    -1.622     8.0935     0.3458     0.3416     0.5376     0.5829     0.4991     0.0658
1200.8817     0.7150     0.210    -1.622     8.0603     0.7150     0.7337     0.5376     0.5829     0.4991     0.0935
1200.9352     0.8446     0.222    -1.622     8.0272     0.8446     0.7337     0.5376     0.5829     0.4991     0.0935
1200.9886     0.5787     0.187    -1.622     7.9942     0.5787     0.7337     0.5376     0.5829     0.4991     0.0935
1201.0421     0.8912     0.227    -1.622     7.9612     0.8912     0.7337     0.5376     0.5829     0.4991     0.0935
1201.0956     0.6388     0.197    -1.622     7.9284     0.6388     0.7337     0.5376     0.5829     0.4991     0.0935
1201.1490     1.1305     0.257    -1.622     7.8957     1.1305     0.9741     0.8147     0.8078     0.8155     0.1069
1201.2025     0.7653     0.216    -1.622     7.8630     0.7653     0.9741     0.8147     0.8078     0.8155     0.1069
1201.2560     1.1644     0.258    -1.622     7.8305     1.1644     0.9741     0.8147     0.8078     0.8155     0.1069
1201.3094     0.8616     0.227    -1.622     7.7980     0.8616     0.9741     0.8147     0.8078     0.8155     0.1069
1201.3629     0.9488     0.234    -1.622     7.7656     0.9488     0.9741     0.8147     0.8078     0.8155     0.1069
1201.4164     0.6867     0.203    -1.622     7.7333     0.6867     0.6553     0.8147     0.8078     0.8155     0.0880
1201.4698     0.6263     0.194    -1.622     7.7011     0.6263     0.6553     0.8147     0.8078     0.8155     0.0880
1201.5233     0.4623     0.169    -1.622     7.6689     0.4623     0.6553     0.8147     0.8078     0.8155     0.0880
1201.5769     0.5677     0.183    -1.622     7.6369     0.5677     0.6553     0.8147     0.8078     0.8155     0.0880
1201.6304     0.9333     0.230    -1.622     7.6050     0.9333     0.6553     0.8147     0.8078     0.8155     0.0880
1201.6838     0.6199     0.192    -1.622     7.5731     0.6199     0.7939     0.8164     0.8078     0.8155     0.0967
1201.7373     0.6871     0.203    -1.622     7.5414     0.6871     0.7939     0.8164     0.8078     0.8155     0.0967
1201.7908     0.9490     0.234    -1.622     7.5097     0.9490     0.7939     0.8164     0.8078     0.8155     0.0967
1201.8442     0.6870     0.203    -1.622     7.4781     0.6870     0.7939     0.8164     0.8078     0.8155     0.0967
1201.8977     1.0264     0.245    -1.622     7.4466     1.0264     0.7939     0.8164     0.8078     0.8155     0.0967
1201.9512     0.8061     0.213    -1.622     7.4152     0.8061     0.8389     0.8164     0.7914     0.8155     0.0983
1202.0046     1.0453     0.245    -1.622     7.3839     1.0453     0.8389     0.8164     0.7914     0.8155     0.0983
1202.0581     1.0087     0.239    -1.622     7.3527     1.0087     0.8389     0.8164     0.7914     0.8155     0.0983
1202.1116     0.6237     0.193    -1.622     7.3215     0.6237     0.8389     0.8164     0.7914     0.8155     0.0983
1202.1650     0.7105     0.204    -1.622     7.2905     0.7105     0.8389     0.8164     0.7914     0.8155     0.0983
1202.2185     0.8537     0.223    -1.622     7.2595     0.8537     0.7663     0.7677     0.7914     0.8237     0.0943
1202.2720     0.8733     0.223    -1.622     7.2285     0.8733     0.7663     0.7677     0.7914     0.8237     0.0943
1202.3254     0.5611     0.183    -1.622     7.1977     0.5611     0.7663     0.7677     0.7914     0.8237     0.0943
1202.3789     0.7754     0.210    -1.622     7.1670     0.7754     0.7663     0.7677     0.7914     0.8237     0.0943
1202.4324     0.7682     0.212    -1.622     7.1364     0.7682     0.7663     0.7677     0.7914     0.8237     0.0943
1202.4858     0.6421     0.193    -1.622     7.1059     0.6421     0.7691     0.7677     0.7914     0.8237     0.0940
1202.5393     0.7554     0.207    -1.622     7.0754     0.7554     0.7691     0.7677     0.7914     0.8237     0.0940
1202.5928     0.8852     0.226    -1.622     7.0451     0.8852     0.7691     0.7677     0.7914     0.8237     0.0940
1202.6462     0.6630     0.197    -1.622     7.0148     0.6630     0.7691     0.7677     0.7914     0.8237     0.0940
1202.6997     0.8999     0.225    -1.622     6.9846     0.8999     0.7691     0.7677     0.7914     0.8237     0.0940
1202.7532     0.9480     0.235    -1.622     6.9545     0.9480     0.8721     0.8797     0.8812     0.8237     0.0997
1202.8066     0.6553     0.192    -1.622     6.9245     0.6553     0.8721     0.8797     0.8812     0.8237     0.0997
1202.8601     1.0478     0.244    -1.622     6.8945     1.0478     0.8721     0.8797     0.8812     0.8237     0.0997
1202.9136     0.9709     0.234    -1.622     6.8647     0.9709     0.8721     0.8797     0.8812     0.8237     0.0997
1202.9670     0.7384     0.206    -1.622     6.8349     0.7384     0.8721     0.8797     0.8812     0.8237     0.0997
1203.0205     1.0560     0.243    -1.622     6.8052     1.0560     0.8874     0.8797     0.8812     0.8237     0.1002
1203.0740     0.5348     0.176    -1.622     6.7756     0.5348     0.8874     0.8797     0.8812     0.8237     0.1002
1203.1274     0.9385     0.233    -1.622     6.7461     0.9385     0.8874     0.8797     0.8812     0.8237     0.1002
1203.1809     1.1587     0.254    -1.622     6.7167     1.1587     0.8874     0.8797     0.8812     0.8237     0.1002
1203.2344     0.7488     0.206    -1.622     6.6874     0.7488     0.8874     0.8797     0.8812     0.8237     0.1002
1203.2878     0.7595     0.208    -1.622     6.6581     0.7595     0.8841     0.8608     0.8812     0.9436     0.0997
1203.3413     0.4874     0.169    -1.622     6.6290     0.4874     0.8841     0.8608     0.8812     0.9436     0.0997
1203.3948     1.0362     0.242    -1.622     6.5999     1.0362     0.8841     0.8608     0.8812     0.9436     0.0997
1203.4481     1.0700     0.245    -1.622     6.5709     1.0700     0.8841     0.8608     0.8812     0.9436     0.0997
1203.5016     1.0672     0.241    -1.622     6.5420     1.0672     0.8841     0.8608     0.8812     0.9436     0.0997
1203.5551     1.2441     0.266    -1.622     6.5131     1.2441     0.8375     0.8608     0.9634     0.9436     0.0975
1203.6085     1.0027     0.234    -1.622     6.4844     1.0027     0.8375     0.8608     0.9634     0.9436     0.0975
1203.6620     0.7877     0.213    -1.622     6.4557     0.7877     0.8375     0.8608     0.9634     0.9436     0.0975
1203.7155     0.4845     0.168    -1.622     6.4271     0.4845     0.8375     0.8608     0.9634     0.9436     0.0975
1203.7689     0.6687     0.196    -1.622     6.3986     0.6687     0.8375     0.8608     0.9634     0.9436     0.0975
1203.8224     0.9301     0.224    -1.622     6.3702     0.9301     1.0234     1.0263     0.9634     0.9436     0.1065
1203.8759     1.1907     0.258    -1.622     6.3419     1.1907     1.0234     1.0263     0.9634     0.9436     0.1065
1203.9293     1.1501     0.248    -1.622     6.3137     1.1501     1.0234     1.0263     0.9634     0.9436     0.1065
1203.9828     1.0522     0.246    -1.622     6.2855     1.0522     1.0234     1.0263     0.9634     0.9436     0.1065
1204.0363     0.7939     0.211    -1.622     6.2574     0.7939     1.0234     1.0263     0.9634     0.9436     0.1065
1204.0897     1.0330     0.242    -1.622     6.2294     1.0330     1.0293     1.0263     0.9634     0.9436     0.1065
1204.1432     1.3556     0.270    -1.622     6.2016     1.3556     1.0293     1.0263     0.9634     0.9436     0.1065
1204.1965     0.6314     0.189    -1.622     6.1737     0.6314     1.0293     1.0263     0.9634     0.9436     0.1065
1204.2500     0.9740     0.232    -1.622     6.1460     0.9740     1.0293     1.0263     0.9634     0.9436     0.1065
1204.3035     1.1526     0.251    -1.622     6.1183     1.1526     1.0293     1.0263     0.9634     0.9436     0.1065
1204.3569     1.2486     0.260    -1.622     6.0907     1.2486     0.9700     0.9167     0.8986     0.8494     0.1029
1204.4104     0.5352     0.176    -1.622     6.0632     0.5352     0.9700     0.9167     0.8986     0.8494     0.1029
1204.4639     1.0747     0.240    -1.622     6.0358     1.0747     0.9700     0.9167     0.8986     0.8494     0.1029
1204.5173     1.0723     0.244    -1.622     6.0085     1.0723     0.9700     0.9167     0.8986     0.8494     0.1029
1204.5708     0.9190     0.222    -1.622     5.9812     0.9190     0.9700     0.9167     0.8986     0.8494     0.1029
1204.6243     0.7248     0.200    -1.622     5.9541     0.7248     0.8634     0.9167     0.8986     0.8494     0.0968
1204.6777     0.6081     0.182    -1.622     5.9270     0.6081     0.8634     0.9167     0.8986     0.8494     0.0968
1204.7311     1.0862     0.243    -1.622     5.8999     1.0862     0.8634     0.9167     0.8986     0.8494     0.0968
1204.7845     1.1519     0.245    -1.622     5.8730     1.1519     0.8634     0.9167     0.8986     0.8494     0.0968
1204.8380     0.7462     0.205    -1.622     5.8462     0.7462     0.8634     0.9167     0.8986     0.8494     0.0968
1204.8915     0.7787     0.206    -1.622     5.8195     0.7787     0.8622     0.7822     0.8986     0.8494     0.0972
1204.9449     0.9456     0.228    -1.622     5.7928     0.9456     0.8622     0.7822     0.8986     0.8494     0.0972
1204.9984     1.1984     0.255    -1.622     5.7662     1.1984     0.8622     0.7822     0.8986     0.8494     0.0972
1205.0519     0.7801     0.208    -1.622     5.7396     0.7801     0.8622     0.7822     0.8986     0.8494     0.0972
1205.1052     0.6084     0.183    -1.622     5.7132     0.6084     0.8622     0.7822     0.8986     0.8494     0.0972
1205.1587     0.5791     0.182    -1.622     5.6868     0.5791     0.7021     0.7822     0.7935     0.8494     0.0881
1205.2122     0.6560     0.189    -1.622     5.6606     0.6560     0.7021     0.7822     0.7935     0.8494     0.0881
1205.2656     0.9732     0.229    -1.622     5.6344     0.9732     0.7021     0.7822     0.7935     0.8494     0.0881
1205.3191     0.5306     0.175    -1.622     5.6082     0.5306     0.7021     0.7822     0.7935     0.8494     0.0881
1205.3726     0.7718     0.205    -1.622     5.5822     0.7718     0.7021     0.7822     0.7935     0.8494     0.0881
1205.4260     1.1874     0.253    -1.622     5.5563     1.1874     0.9931     0.8392     0.7935     0.5394     0.1039
1205.4794     0.8503     0.218    -1.622     5.5304     0.8503     0.9931     0.8392     0.7935     0.5394     0.1039
1205.5328     0.9887     0.232    -1.622     5.5046     0.9887     0.9931     0.8392     0.7935     0.5394     0.1039
1205.5863     0.7981     0.206    -1.622     5.4789     0.7981     0.9931     0.8392     0.7935     0.5394     0.1039
1205.6398     1.1411     0.249    -1.622     5.4532     1.1411     0.9931     0.8392     0.7935     0.5394     0.1039
1205.6932     0.8599     0.215    -1.622     5.4277     0.8599     0.6854     0.8392     0.7935     0.5394     0.0874
1205.7467     1.1399     0.248    -1.622     5.4022     1.1399     0.6854     0.8392     0.7935     0.5394     0.0874
1205.8000     0.6279     0.189    -1.622     5.3768     0.6279     0.6854     0.8392     0.7935     0.5394     0.0874
1205.8535     0.4292     0.160    -1.622     5.3515     0.4292     0.6854     0.8392     0.7935     0.5394     0.0874
1205.9070     0.3698     0.149    -1.622     5.3262     0.3698     0.6854     0.8392     0.7935     0.5394     0.0874
1205.9604     0.1530     0.102    -1.622     5.3011     0.1530     0.2852     0.2396     0.2038     0.5394     0.0583
1206.0139     0.2059     0.113    -1.622     5.2760     0.2059     0.2852     0.2396     0.2038     0.5394     0.0583
1206.0674     0.3690     0.148    -1.622     5.2510     0.3690     0.2852     0.2396     0.2038     0.5394     0.0583
1206.1207     0.3512     0.142    -1.622     5.2260     0.3512     0.2852     0.2396     0.2038     0.5394     0.0583
1206.1742     0.3468     0.140    -1.622     5.2012     0.3468     0.2852     0.2396     0.2038     0.5394     0.0583
1206.2277     0.4103     0.154    -1.622     5.1764     0.4103     0.1940     0.2396     0.2038     0.5394     0.0499
1206.2811     0.2554     0.125    -1.622     5.1517     0.2554     0.1940     0.2396     0.2038     0.5394     0.0499
1206.3346    -0.0006     0.050    -1.622     5.1271    -0.0006     0.1940     0.2396     0.2038     0.5394     0.0499
1206.3879     0.0532     0.073    -1.622     5.1026     0.0532     0.1940     0.2396     0.2038     0.5394     0.0499
1206.4414     0.2518     0.123    -1.622     5.0781     0.2518     0.1940     0.2396     0.2038     0.5394     0.0499
1206.4949     0.0417     0.069    -1.622     5.0538     0.0417     0.1321     0.3545     0.2038     0.6748     0.0431
1206.5483     0.1032     0.089    -1.622     5.0295     0.1032     0.1321     0.3545     0.2038     0.6748     0.0431
1206.6017    -0.0378     0.026    -1.622     5.0052    -0.0378     0.1321     0.3545     0.2038     0.6748     0.0431
1206.6552     0.1479     0.099    -1.622     4.9811     0.1479     0.1321     0.3545     0.2038     0.6748     0.0431
1206.7086     0.4057     0.152    -1.622     4.9570     0.4057     0.1321     0.3545     0.2038     0.6748     0.0431
1206.7621     0.3458     0.140    -1.622     4.9330     0.3458     0.5769     0.3545     0.8557     0.6748     0.0791
1206.8156     0.6539     0.188    -1.622     4.9091     0.6539     0.5769     0.3545     0.8557     0.6748     0.0791
1206.8689     0.3160     0.136    -1.622     4.8852     0.3160     0.5769     0.3545     0.8557     0.6748     0.0791
1206.9224     0.7857     0.203    -1.622     4.8615     0.7857     0.5769     0.3545     0.8557     0.6748     0.0791
1206.9758     0.7832     0.204    -1.622     4.8378     0.7832     0.5769     0.3545     0.8557     0.6748     0.0791
1207.0293     1.0110     0.228    -1.622     4.8141     1.0110     1.0062     0.9951     0.8557     0.6748     0.1022
1207.0826     0.6380     0.186    -1.622     4.7906     0.6380     1.0062     0.9951     0.8557     0.6748     0.1022
1207.1361     0.6899     0.193    -1.622     4.7672     0.6899     1.0062     0.9951     0.8557     0.6748     0.1022
1207.1896     1.4362     0.272    -1.622     4.7438     1.4362     1.0062     0.9951     0.8557     0.6748     0.1022
1207.2430     1.2557     0.251    -1.622     4.7205     1.2557     1.0062     0.9951     0.8557     0.6748     0.1022
1207.2964     0.8086     0.208    -1.622     4.6973     0.8086     0.9841     0.9951     0.8557     0.6748     0.1011
1207.3499     0.6964     0.189    -1.622     4.6741     0.6964     0.9841     0.9951     0.8557     0.6748     0.1011
1207.4033     0.8910     0.215    -1.622     4.6510     0.8910     0.9841     0.9951     0.8557     0.6748     0.1011
1207.4568     1.2826     0.256    -1.622     4.6280     1.2826     0.9841     0.9951     0.8557     0.6748     0.1011
1207.5101     1.2416     0.253    -1.622     4.6050     1.2416     0.9841     0.9951     0.8557     0.6748     0.1011
1207.5636     0.9953     0.223    -1.622     4.5822     0.9953     0.8168     0.8791     0.8614     0.9059     0.0922
1207.6171     0.8062     0.208    -1.622     4.5594     0.8062     0.8168     0.8791     0.8614     0.9059     0.0922
1207.6705     0.6009     0.177    -1.622     4.5367     0.6009     0.8168     0.8791     0.8614     0.9059     0.0922
1207.7239     0.8082     0.208    -1.622     4.5141     0.8082     0.8168     0.8791     0.8614     0.9059     0.0922
1207.7773     0.8734     0.212    -1.622     4.4915     0.8734     0.8168     0.8791     0.8614     0.9059     0.0922
1207.8308     0.8369     0.209    -1.622     4.4690     0.8369     0.9414     0.8791     0.8614     0.9059     0.0993
1207.8842     0.8529     0.211    -1.622     4.4466     0.8529     0.9414     0.8791     0.8614     0.9059     0.0993
1207.9376     1.2733     0.257    -1.622     4.4243     1.2733     0.9414     0.8791     0.8614     0.9059     0.0993
1207.9911     1.2447     0.254    -1.622     4.4021     1.2447     0.9414     0.8791     0.8614     0.9059     0.0993
1208.0446     0.4991     0.166    -1.622     4.3799     0.4991     0.9414     0.8791     0.8614     0.9059     0.0993
1208.0979     1.0337     0.231    -1.622     4.3577     1.0337     0.8259     0.9327     0.8614     0.9059     0.0933
1208.1514     1.0309     0.234    -1.622     4.3357     1.0309     0.8259     0.9327     0.8614     0.9059     0.0933
1208.2048     0.6148     0.180    -1.622     4.3138     0.6148     0.8259     0.9327     0.8614     0.9059     0.0933
1208.2582     0.5980     0.180    -1.622     4.2918     0.5980     0.8259     0.9327     0.8614     0.9059     0.0933
1208.3116     0.8521     0.211    -1.622     4.2700     0.8521     0.8259     0.9327     0.8614     0.9059     0.0933
1208.3651     1.2974     0.259    -1.622     4.2483     1.2974     1.0394     0.9327     0.9658     0.9059     0.1037
1208.4185     1.2805     0.256    -1.622     4.2266     1.2805     1.0394     0.9327     0.9658     0.9059     0.1037
1208.4719     0.7261     0.194    -1.622     4.2050     0.7261     1.0394     0.9327     0.9658     0.9059     0.1037
1208.5254     0.8289     0.206    -1.622     4.1835     0.8289     1.0394     0.9327     0.9658     0.9059     0.1037
1208.5787     1.0642     0.237    -1.622     4.1621     1.0642     1.0394     0.9327     0.9658     0.9059     0.1037
1208.6322     1.2789     0.256    -1.622     4.1407     1.2789     1.0087     0.9289     0.9658     0.8962     0.1019
1208.6857     0.8271     0.208    -1.622     4.1193     0.8271     1.0087     0.9289     0.9658     0.8962     0.1019
1208.7390     0.8879     0.214    -1.622     4.0981     0.8879     1.0087     0.9289     0.9658     0.8962     0.1019
1208.7925     1.2328     0.251    -1.622     4.0770     1.2328     1.0087     0.9289     0.9658     0.8962     0.1019
1208.8459     0.8170     0.205    -1.622     4.0559     0.8170     1.0087     0.9289     0.9658     0.8962     0.1019
1208.8993     0.8511     0.208    -1.622     4.0348     0.8511     0.8491     0.9289     0.9658     0.8962     0.0940
1208.9528     0.9489     0.224    -1.622     4.0139     0.9489     0.8491     0.9289     0.9658     0.8962     0.0940
1209.0062     0.9348     0.221    -1.622     3.9930     0.9348     0.8491     0.9289     0.9658     0.8962     0.0940
1209.0596     0.6769     0.188    -1.622     3.9722     0.6769     0.8491     0.9289     0.9658     0.8962     0.0940
1209.1130     0.8338     0.208    -1.622     3.9515     0.8338     0.8491     0.9289     0.9658     0.8962     0.0940
1209.1665     0.9516     0.219    -1.622     3.9308     0.9516     0.8526     0.8636     0.8407     0.8962     0.0926
1209.2198     0.9361     0.215    -1.622     3.9102     0.9361     0.8526     0.8636     0.8407     0.8962     0.0926
1209.2733     0.7647     0.198    -1.622     3.8897     0.7647     0.8526     0.8636     0.8407     0.8962     0.0926
1209.3268     0.6125     0.177    -1.622     3.8693     0.6125     0.8526     0.8636     0.8407     0.8962     0.0926
1209.3801     0.9980     0.224    -1.622     3.8489     0.9980     0.8526     0.8636     0.8407     0.8962     0.0926
1209.4336     0.8710     0.211    -1.622     3.8286     0.8710     0.8746     0.8636     0.8407     0.8962     0.0944
1209.4869     0.8701     0.211    -1.622     3.8084     0.8701     0.8746     0.8636     0.8407     0.8962     0.0944
1209.5404     1.0128     0.227    -1.622     3.7882     1.0128     0.8746     0.8636     0.8407     0.8962     0.0944
1209.5939     0.7877     0.203    -1.622     3.7681     0.7877     0.8746     0.8636     0.8407     0.8962     0.0944
1209.6472     0.8313     0.202    -1.622     3.7481     0.8313     0.8746     0.8636     0.8407     0.8962     0.0944
1209.7007     0.3822     0.144    -1.622     3.7281     0.3822     0.7951     0.8473     0.8407     0.8149     0.0902
1209.7542     0.9404     0.216    -1.622     3.7082     0.9404     0.7951     0.8473     0.8407     0.8149     0.0902
1209.8075     0.9213     0.218    -1.622     3.6884     0.9213     0.7951     0.8473     0.8407     0.8149     0.0902
1209.8610     0.6294     0.182    -1.622     3.6687     0.6294     0.7951     0.8473     0.8407     0.8149     0.0902
1209.9143     1.1021     0.235    -1.622     3.6490     1.1021     0.7951     0.8473     0.8407     0.8149     0.0902
1209.9678     0.7609     0.196    -1.622     3.6294     0.7609     0.8996     0.8473     0.8215     0.8149     0.0950
1210.0212     1.0004     0.225    -1.622     3.6098     1.0004     0.8996     0.8473     0.8215     0.8149     0.0950
1210.0746     1.5454     0.274    -1.622     3.5904     1.5454     0.8996     0.8473     0.8215     0.8149     0.0950
1210.1281     0.5261     0.167    -1.622     3.5710     0.5261     0.8996     0.8473     0.8215     0.8149     0.0950
1210.1814     0.6650     0.185    -1.622     3.5517     0.6650     0.8996     0.8473     0.8215     0.8149     0.0950
1210.2349     0.7574     0.197    -1.622     3.5324     0.7574     0.8679     0.7824     0.8215     0.8149     0.0932
1210.2883     0.9460     0.217    -1.622     3.5132     0.9460     0.8679     0.7824     0.8215     0.8149     0.0932
1210.3417     0.7036     0.188    -1.622     3.4941     0.7036     0.8679     0.7824     0.8215     0.8149     0.0932
1210.3951     1.1378     0.238    -1.622     3.4751     1.1378     0.8679     0.7824     0.8215     0.8149     0.0932
1210.4485     0.7945     0.198    -1.622     3.4561     0.7945     0.8679     0.7824     0.8215     0.8149     0.0932
1210.5020     0.8747     0.209    -1.622     3.4372     0.8747     0.6970     0.7824     0.8215     0.8149     0.0838
1210.5553     0.6511     0.182    -1.622     3.4183     0.6511     0.6970     0.7824     0.8215     0.8149     0.0838
1210.6088     0.7412     0.192    -1.622     3.3996     0.7412     0.6970     0.7824     0.8215     0.8149     0.0838
1210.6622     0.6001     0.174    -1.622     3.3808     0.6001     0.6970     0.7824     0.8215     0.8149     0.0838
1210.7156     0.6177     0.178    -1.622     3.3622     0.6177     0.6970     0.7824     0.8215     0.8149     0.0838
1210.7690     1.1636     0.236    -1.622     3.3436     1.1636     0.8331     0.7442     0.8327     0.8318     0.0906
1210.8224     0.6592     0.183    -1.622     3.3251     0.6592     0.8331     0.7442     0.8327     0.8318     0.0906
1210.8759     0.5603     0.171    -1.622     3.3067     0.5603     0.8331     0.7442     0.8327     0.8318     0.0906
1210.9292     0.6012     0.176    -1.622     3.2883     0.6012     0.8331     0.7442     0.8327     0.8318     0.0906
1210.9827     1.1810     0.237    -1.622     3.2700     1.1810     0.8331     0.7442     0.8327     0.8318     0.0906
1211.0361     0.7360     0.194    -1.622     3.2518     0.7360     0.6553     0.7442     0.8327     0.8318     0.0822
1211.0895     0.4180     0.148    -1.622     3.2336     0.4180     0.6553     0.7442     0.8327     0.8318     0.0822
1211.1429     0.8489     0.208    -1.622     3.2155     0.8489     0.6553     0.7442     0.8327     0.8318     0.0822
1211.1963     0.5488     0.166    -1.622     3.1974     0.5488     0.6553     0.7442     0.8327     0.8318     0.0822
1211.2498     0.7248     0.196    -1.622     3.1795     0.7248     0.6553     0.7442     0.8327     0.8318     0.0822
1211.3031     1.1150     0.232    -1.622     3.1616     1.1150     1.0099     0.9195     0.8327     0.8318     0.0996
1211.3566     1.2740     0.253    -1.622     3.1437     1.2740     1.0099     0.9195     0.8327     0.8318     0.0996
1211.4099     1.2081     0.242    -1.622     3.1260     1.2081     1.0099     0.9195     0.8327     0.8318     0.0996
1211.4634     0.6358     0.179    -1.622     3.1082     0.6358     1.0099     0.9195     0.8327     0.8318     0.0996
1211.5167     0.8165     0.199    -1.622     3.0906     0.8165     1.0099     0.9195     0.8327     0.8318     0.0996
1211.5702     1.0710     0.231    -1.622     3.0730     1.0710     0.8291     0.9195     0.7464     0.8318     0.0913
1211.6235     0.7572     0.193    -1.622     3.0555     0.7572     0.8291     0.9195     0.7464     0.8318     0.0913
1211.6770     0.7762     0.200    -1.622     3.0381     0.7762     0.8291     0.9195     0.7464     0.8318     0.0913
1211.7303     0.9686     0.219    -1.622     3.0207     0.9686     0.8291     0.9195     0.7464     0.8318     0.0913
1211.7838     0.5724     0.172    -1.622     3.0034     0.5724     0.8291     0.9195     0.7464     0.8318     0.0913
1211.8372     0.5676     0.171    -1.622     2.9861     0.5676     0.5894     0.7050     0.7464     0.7200     0.0777
1211.8906     0.4597     0.157    -1.622     2.9690     0.4597     0.5894     0.7050     0.7464     0.7200     0.0777
1211.9440     0.6772     0.185    -1.622     2.9518     0.6772     0.5894     0.7050     0.7464     0.7200     0.0777
1211.9974     0.4306     0.152    -1.622     2.9348     0.4306     0.5894     0.7050     0.7464     0.7200     0.0777
1212.0508     0.8120     0.200    -1.622     2.9178     0.8120     0.5894     0.7050     0.7464     0.7200     0.0777
1212.1042     0.4835     0.158    -1.622     2.9009     0.4835     0.8205     0.7050     0.7464     0.7200     0.0894
1212.1576     1.0274     0.224    -1.622     2.8840     1.0274     0.8205     0.7050     0.7464     0.7200     0.0894
1212.2111     0.9002     0.209    -1.622     2.8673     0.9002     0.8205     0.7050     0.7464     0.7200     0.0894
1212.2644     0.8730     0.204    -1.622     2.8505     0.8730     0.8205     0.7050     0.7464     0.7200     0.0894
1212.3179     0.8185     0.199    -1.622     2.8339     0.8185     0.8205     0.7050     0.7464     0.7200     0.0894
1212.3712     0.8993     0.208    -1.622     2.8173     0.8993     0.7705     0.7350     0.7515     0.7200     0.0863
1212.4247     0.9437     0.211    -1.622     2.8007     0.9437     0.7705     0.7350     0.7515     0.7200     0.0863
1212.4780     0.6564     0.180    -1.622     2.7843     0.6564     0.7705     0.7350     0.7515     0.7200     0.0863
1212.5315     0.3489     0.132    -1.622     2.7679     0.3489     0.7705     0.7350     0.7515     0.7200     0.0863
1212.5848     1.0043     0.219    -1.622     2.7515     1.0043     0.7705     0.7350     0.7515     0.7200     0.0863
1212.6383     0.8740     0.206    -1.622     2.7352     0.8740     0.6994     0.7350     0.7515     0.7200     0.0823
1212.6917     0.5212     0.159    -1.622     2.7190     0.5212     0.6994     0.7350     0.7515     0.7200     0.0823
1212.7451     0.4920     0.159    -1.622     2.7029     0.4920     0.6994     0.7350     0.7515     0.7200     0.0823
1212.7985     0.7121     0.185    -1.622     2.6868     0.7121     0.6994     0.7350     0.7515     0.7200     0.0823
1212.8518     0.8980     0.205    -1.622     2.6707     0.8980     0.6994     0.7350     0.7515     0.7200     0.0823
1212.9053     0.3500     0.134    -1.622     2.6548     0.3500     0.7845     0.6127     0.7515     0.4859     0.0864
1212.9586     1.0060     0.216    -1.622     2.6389     1.0060     0.7845     0.6127     0.7515     0.4859     0.0864
1213.0121     0.9088     0.208    -1.622     2.6230     0.9088     0.7845     0.6127     0.7515     0.4859     0.0864
1213.0654     0.6651     0.179    -1.622     2.6073     0.6651     0.7845     0.6127     0.7515     0.4859     0.0864
1213.1189     0.9927     0.217    -1.622     2.5915     0.9927     0.7845     0.6127     0.7515     0.4859     0.0864
1213.1722     0.5883     0.170    -1.622     2.5759     0.5883     0.4408     0.6127     0.3863     0.4859     0.0663
1213.2257     0.5900     0.170    -1.622     2.5603     0.5900     0.4408     0.6127     0.3863     0.4859     0.0663
1213.2791     0.1724     0.098    -1.622     2.5448     0.1724     0.4408     0.6127     0.3863     0.4859     0.0663
1213.3324     0.4148     0.146    -1.622     2.5293     0.4148     0.4408     0.6127     0.3863     0.4859     0.0663
1213.3859     0.4387     0.146    -1.622     2.5139     0.4387     0.4408     0.6127     0.3863     0.4859     0.0663
1213.4392     0.4010     0.141    -1.622     2.4985     0.4010     0.4769     0.3591     0.3863     0.4859     0.0687
1213.4927     0.4490     0.149    -1.622     2.4833     0.4490     0.4769     0.3591     0.3863     0.4859     0.0687
1213.5460     0.7780     0.194    -1.622     2.4681     0.7780     0.4769     0.3591     0.3863     0.4859     0.0687
1213.5994     0.3979     0.140    -1.622     2.4529     0.3979     0.4769     0.3591     0.3863     0.4859     0.0687
1213.6528     0.3584     0.135    -1.622     2.4378     0.3584     0.4769     0.3591     0.3863     0.4859     0.0687
1213.7062     0.2244     0.110    -1.622     2.4227     0.2244     0.2412     0.3591     0.3863     0.4859     0.0508
1213.7596     0.2220     0.110    -1.622     2.4078     0.2220     0.2412     0.3591     0.3863     0.4859     0.0508
1213.8130     0.2284     0.112    -1.622     2.3929     0.2284     0.2412     0.3591     0.3863     0.4859     0.0508
1213.8663     0.2652     0.118    -1.622     2.3780     0.2652     0.2412     0.3591     0.3863     0.4859     0.0508
1213.9198     0.2663     0.118    -1.622     2.3632     0.2663     0.2412     0.3591     0.3863     0.4859     0.0508
1213.9731     0.1846     0.103    -1.622     2.3485     0.1846     0.2181     0.1405     0.1214     0.1263     0.0490
1214.0266     0.1818     0.102    -1.622     2.3338     0.1818     0.2181     0.1405     0.1214     0.1263     0.0490
1214.0800     0.2721     0.120    -1.622     2.3192     0.2721     0.2181     0.1405     0.1214     0.1263     0.0490
1214.1333     0.2293     0.112    -1.622     2.3047     0.2293     0.2181     0.1405     0.1214     0.1263     0.0490
1214.1868     0.2227     0.109    -1.622     2.2901     0.2227     0.2181     0.1405     0.1214     0.1263     0.0490
1214.2401     0.0402     0.060    -1.622     2.2757     0.0402     0.0629     0.1405     0.1214     0.1263     0.0312
1214.2936     0.0388     0.061    -1.622     2.2614     0.0388     0.0629     0.1405     0.1214     0.1263     0.0312
1214.3469     0.0895     0.078    -1.622     2.2470     0.0895     0.0629     0.1405     0.1214     0.1263     0.0312
1214.4003     0.0048     0.046    -1.622     2.2328     0.0048     0.0629     0.1405     0.1214     0.1263     0.0312
1214.4537     0.1414     0.093    -1.622     2.2186     0.1414     0.0629     0.1405     0.1214     0.1263     0.0312
1214.5071     0.0961     0.082    -1.622     2.2045     0.0961     0.0832     0.1121     0.1214     0.1263     0.0342
1214.5604     0.2318     0.113    -1.622     2.1904     0.2318     0.0832     0.1121     0.1214     0.1263     0.0342
1214.6139     0.0321     0.057    -1.622     2.1764     0.0321     0.0832     0.1121     0.1214     0.1263     0.0342
1214.6672     0.0565     0.068    -1.622     2.1624     0.0565     0.0832     0.1121     0.1214     0.1263     0.0342
1214.7206    -0.0004     0.044    -1.622     2.1485    -0.0004     0.0832     0.1121     0.1214     0.1263     0.0342
1214.7740     0.1833     0.102    -1.622     2.1347     0.1833     0.1411     0.1121     0.0510     0.1263     0.0407
1214.8274     0.0453     0.063    -1.622     2.1209     0.0453     0.1411     0.1121     0.0510     0.1263     0.0407
1214.8807     0.0469     0.065    -1.622     2.1071     0.0469     0.1411     0.1121     0.0510     0.1263     0.0407
1214.9342     0.1151     0.082    -1.622     2.0935     0.1151     0.1411     0.1121     0.0510     0.1263     0.0407
1214.9875     0.3147     0.127    -1.622     2.0799     0.3147     0.1411     0.1121     0.0510     0.1263     0.0407
1215.0409     0.1552     0.093    -1.622     2.0663     0.1552     0.0807     0.0059     0.0510     0.0014     0.0440
1215.0944     0.1623     0.095    -1.622     2.0528     0.1623     0.0807     0.0059     0.0510     0.0014     0.0440
1215.1477     0.0577     0.067    -1.622     2.0394     0.0577     0.0807     0.0059     0.0510     0.0014     0.0440
1215.2010    -0.1257     0.076    -1.622     2.0260    -0.1257     0.0807     0.0059     0.0510     0.0014     0.0440
1215.2545     0.1539     0.143    -1.622     2.0127     0.1539     0.0807     0.0059     0.0510     0.0014     0.0440
1215.3079    -0.0320     0.062    -1.622     1.9994    -0.0320    -0.0689     0.0059     0.0510     0.0014     0.0575
1215.3612    -0.0457     0.131    -1.622     1.9862    -0.0457    -0.0689     0.0059     0.0510     0.0014     0.0575
1215.4147    -0.1071     0.124    -1.622     1.9731    -0.1071    -0.0689     0.0059     0.0510     0.0014     0.0575
1215.4680    -0.2635     0.129    -1.622     1.9600    -0.2635    -0.0689     0.0059     0.0510     0.0014     0.0575
1215.5214     0.1037     0.172    -1.622     1.9470     0.1037    -0.0689     0.0059     0.0510     0.0014     0.0575
1215.5748     0.6340     0.237    -1.622     1.9340     0.6340     0.4916    -0.0031     0.0261     0.0014     0.2324
1215.6282    -0.2659     0.275    -1.622     1.9211    -0.2659     0.4916    -0.0031     0.0261     0.0014     0.2324
1215.6815    -0.0409     0.427    -1.622     1.9082    -0.0409     0.4916    -0.0031     0.0261     0.0014     0.2324
1215.7350     0.1904     0.637    -1.622     1.8954     0.1904     0.4916    -0.0031     0.0261     0.0014     0.2324
1215.7883     1.9403     0.794    -1.622     1.8826     1.9403     0.4916    -0.0031     0.0261     0.0014     0.2324
1215.8417    -0.8486     0.759    -1.622     1.8699    -0.8486    -0.4977    -0.0031     0.0261     0.0014     0.2191
1215.8950    -0.9008     0.583    -1.622     1.8573    -0.9008    -0.4977    -0.0031     0.0261     0.0014     0.2191
1215.9485    -0.7213     0.395    -1.622     1.8447    -0.7213    -0.4977    -0.0031     0.0261     0.0014     0.2191
1216.0018     0.2316     0.287    -1.622     1.8322     0.2316    -0.4977    -0.0031     0.0261     0.0014     0.2191
1216.0552    -0.2495     0.211    -1.622     1.8197    -0.2495    -0.4977    -0.0031     0.0261     0.0014     0.2191
1216.1086    -0.0332     0.151    -1.622     1.8073    -0.0332     0.0845     0.1211     0.0261     0.1713     0.0621
1216.1620     0.1102     0.167    -1.622     1.7949     0.1102     0.0845     0.1211     0.0261     0.1713     0.0621
1216.2153     0.1864     0.155    -1.622     1.7826     0.1864     0.0845     0.1211     0.0261     0.1713     0.0621
1216.2687     0.0749     0.128    -1.622     1.7704     0.0749     0.0845     0.1211     0.0261     0.1713     0.0621
1216.3221     0.0842     0.073    -1.622     1.7582     0.0842     0.0845     0.1211     0.0261     0.1713     0.0621
1216.3755     0.0586     0.066    -1.622     1.7461     0.0586     0.1577     0.1211     0.2003     0.1713     0.0412
1216.4288     0.1754     0.097    -1.622     1.7340     0.1754     0.1577     0.1211     0.2003     0.1713     0.0412
1216.4822     0.1811     0.096    -1.622     1.7219     0.1811     0.1577     0.1211     0.2003     0.1713     0.0412
1216.5356     0.2137     0.104    -1.622     1.7100     0.2137     0.1577     0.1211     0.2003     0.1713     0.0412
1216.5890     0.1594     0.093    -1.622     1.6981     0.1594     0.1577     0.1211     0.2003     0.1713     0.0412
1216.6423     0.1001     0.078    -1.622     1.6862     0.1001     0.1731     0.2216     0.2003     0.1713     0.0447
1216.6957     0.3300     0.134    -1.622     1.6744     0.3300     0.1731     0.2216     0.2003     0.1713     0.0447
1216.7491     0.2202     0.115    -1.622     1.6626     0.2202     0.1731     0.2216     0.2003     0.1713     0.0447
1216.8025     0.0870     0.074    -1.622     1.6509     0.0870     0.1731     0.2216     0.2003     0.1713     0.0447
1216.8558     0.1284     0.085    -1.622     1.6392     0.1284     0.1731     0.2216     0.2003     0.1713     0.0447
1216.9092     0.0496     0.061    -1.622     1.6276     0.0496     0.2700     0.2216     0.2003     0.1713     0.0514
1216.9626     0.0890     0.075    -1.622     1.6161     0.0890     0.2700     0.2216     0.2003     0.1713     0.0514
1217.0160     0.3478     0.128    -1.622     1.6046     0.3478     0.2700     0.2216     0.2003     0.1713     0.0514
1217.0693     0.4750     0.148    -1.622     1.5932     0.4750     0.2700     0.2216     0.2003     0.1713     0.0514
1217.1227     0.3884     0.136    -1.622     1.5818     0.3884     0.2700     0.2216     0.2003     0.1713     0.0514
1217.1761     0.2541     0.111    -1.622     1.5705     0.2541     0.2809     0.3356     0.4040     0.4728     0.0524
1217.2295     0.2120     0.103    -1.622     1.5592     0.2120     0.2809     0.3356     0.4040     0.4728     0.0524
1217.2828     0.2530     0.112    -1.622     1.5480     0.2530     0.2809     0.3356     0.4040     0.4728     0.0524
1217.3362     0.2497     0.111    -1.622     1.5368     0.2497     0.2809     0.3356     0.4040     0.4728     0.0524
1217.3895     0.4355     0.144    -1.622     1.5257     0.4355     0.2809     0.3356     0.4040     0.4728     0.0524
1217.4430     0.3900     0.136    -1.622     1.5146     0.3900     0.3904     0.3356     0.4040     0.4728     0.0603
1217.4963     0.4191     0.138    -1.622     1.5036     0.4191     0.3904     0.3356     0.4040     0.4728     0.0603
1217.5497     0.1698     0.094    -1.622     1.4926     0.1698     0.3904     0.3356     0.4040     0.4728     0.0603
1217.6030     0.6705     0.173    -1.622     1.4817     0.6705     0.3904     0.3356     0.4040     0.4728     0.0603
1217.6564     0.3027     0.121    -1.622     1.4708     0.3027     0.3904     0.3356     0.4040     0.4728     0.0603
1217.7098     0.4354     0.143    -1.622     1.4600     0.4354     0.5406     0.6100     0.4040     0.4728     0.0699
1217.7632     0.5606     0.160    -1.622     1.4493     0.5606     0.5406     0.6100     0.4040     0.4728     0.0699
1217.8165     0.6146     0.164    -1.622     1.4386     0.6146     0.5406     0.6100     0.4040     0.4728     0.0699
1217.8699     0.4722     0.148    -1.622     1.4279     0.4722     0.5406     0.6100     0.4040     0.4728     0.0699
1217.9232     0.6203     0.165    -1.622     1.4173     0.6203     0.5406     0.6100     0.4040     0.4728     0.0699
1217.9767     0.4754     0.149    -1.622     1.4068     0.4754     0.6793     0.6100     0.6857     0.4728     0.0775
1218.0300     0.8111     0.186    -1.622     1.3963     0.8111     0.6793     0.6100     0.6857     0.4728     0.0775
1218.0834     0.7331     0.182    -1.622     1.3859     0.7331     0.6793     0.6100     0.6857     0.4728     0.0775
1218.1367     0.9503     0.202    -1.622     1.3754     0.9503     0.6793     0.6100     0.6857     0.4728     0.0775
1218.1901     0.4266     0.140    -1.622     1.3651     0.4266     0.6793     0.6100     0.6857     0.4728     0.0775
1218.2434     0.5397     0.154    -1.622     1.3548     0.5397     0.6307     0.6888     0.6857     0.7934     0.0742
1218.2969     0.5966     0.165    -1.622     1.3446     0.5966     0.6307     0.6888     0.6857     0.7934     0.0742
1218.3502     0.7047     0.174    -1.622     1.3344     0.7047     0.6307     0.6888     0.6857     0.7934     0.0742
1218.4036     0.6703     0.172    -1.622     1.3242     0.6703     0.6307     0.6888     0.6857     0.7934     0.0742
1218.4569     0.6422     0.165    -1.622     1.3141     0.6422     0.6307     0.6888     0.6857     0.7934     0.0742
1218.5103     0.7741     0.186    -1.622     1.3041     0.7741     0.7470     0.6888     0.6857     0.7934     0.0811
1218.5636     0.4624     0.143    -1.622     1.2941     0.4624     0.7470     0.6888     0.6857     0.7934     0.0811
1218.6169     0.9773     0.208    -1.622     1.2842     0.9773     0.7470     0.6888     0.6857     0.7934     0.0811
1218.6704     0.8582     0.191    -1.622     1.2743     0.8582     0.7470     0.6888     0.6857     0.7934     0.0811
1218.7238     0.6628     0.171    -1.622     1.2644     0.6628     0.7470     0.6888     0.6857     0.7934     0.0811
1218.7771     0.7717     0.183    -1.622     1.2546     0.7717     0.8188     0.8980     0.8622     0.7934     0.0844
1218.8304     0.7996     0.186    -1.622     1.2449     0.7996     0.8188     0.8980     0.8622     0.7934     0.0844
1218.8838     1.0330     0.211    -1.622     1.2352     1.0330     0.8188     0.8980     0.8622     0.7934     0.0844
1218.9371     0.5286     0.155    -1.622     1.2256     0.5286     0.8188     0.8980     0.8622     0.7934     0.0844
1218.9905     0.9614     0.204    -1.622     1.2159     0.9614     0.8188     0.8980     0.8622     0.7934     0.0844
1219.0439     0.9946     0.206    -1.622     1.2064     0.9946     0.9771     0.8980     0.8622     0.7934     0.0914
1219.0973     1.0920     0.216    -1.622     1.1969     1.0920     0.9771     0.8980     0.8622     0.7934     0.0914
1219.1506     0.8593     0.191    -1.622     1.1875     0.8593     0.9771     0.8980     0.8622     0.7934     0.0914
1219.2040     0.9090     0.197    -1.622     1.1781     0.9090     0.9771     0.8980     0.8622     0.7934     0.0914
1219.2573     1.0305     0.211    -1.622     1.1687     1.0305     0.9771     0.8980     0.8622     0.7934     0.0914
1219.3107     0.8033     0.188    -1.622     1.1594     0.8033     0.7906     0.8843     0.8622     0.9949     0.0828
1219.3640     0.7978     0.187    -1.622     1.1501     0.7978     0.7906     0.8843     0.8622     0.9949     0.0828
1219.4174     0.6407     0.167    -1.622     1.1409     0.6407     0.7906     0.8843     0.8622     0.9949     0.0828
1219.4707     0.8027     0.186    -1.622     1.1318     0.8027     0.7906     0.8843     0.8622     0.9949     0.0828
1219.5242     0.9086     0.197    -1.622     1.1226     0.9086     0.7906     0.8843     0.8622     0.9949     0.0828
1219.5775     0.9662     0.205    -1.622     1.1136     0.9662     0.9779     0.8843     1.0630     0.9949     0.0912
1219.6309     0.9005     0.195    -1.622     1.1046     0.9005     0.9779     0.8843     1.0630     0.9949     0.0912
1219.6842     0.9486     0.203    -1.622     1.0956     0.9486     0.9779     0.8843     1.0630     0.9949     0.0912
1219.7375     1.3360     0.235    -1.622     1.0867     1.3360     0.9779     0.8843     1.0630     0.9949     0.0912
1219.7909     0.7383     0.178    -1.622     1.0778     0.7383     0.9779     0.8843     1.0630     0.9949     0.0912
1219.8442     1.0830     0.215    -1.622     1.0690     1.0830     1.0912     1.1055     1.0630     0.9949     0.0963
1219.8976     0.9227     0.198    -1.622     1.0602     0.9227     1.0912     1.1055     1.0630     0.9949     0.0963
1219.9509     1.0009     0.205    -1.622     1.0514     1.0009     1.0912     1.1055     1.0630     0.9949     0.0963
1220.0043     1.3038     0.239    -1.622     1.0428     1.3038     1.0912     1.1055     1.0630     0.9949     0.0963
1220.0576     1.1458     0.218    -1.622     1.0341     1.1458     1.0912     1.1055     1.0630     0.9949     0.0963
1220.1110     1.0737     0.210    -1.622     1.0255     1.0737     1.1198     1.1055     1.0630     0.9949     0.0968
1220.1643     1.1555     0.220    -1.622     1.0170     1.1555     1.1198     1.1055     1.0630     0.9949     0.0968
1220.2178     0.7646     0.181    -1.622     1.0085     0.7646     1.1198     1.1055     1.0630     0.9949     0.0968
1220.2711     1.5146     0.251    -1.622     1.0000     1.5146     1.1198     1.1055     1.0630     0.9949     0.0968
1220.3245     1.0907     0.215    -1.622     0.9916     1.0907     1.1198     1.1055     1.0630     0.9949     0.0968
1220.3778     0.8101     0.189    -1.622     0.9832     0.8101     0.8319     0.7924     0.7665     0.7915     0.0841
1220.4312     0.7402     0.178    -1.622     0.9749     0.7402     0.8319     0.7924     0.7665     0.7915     0.0841
1220.4845     0.8462     0.191    -1.622     0.9666     0.8462     0.8319     0.7924     0.7665     0.7915     0.0841
1220.5378     0.8335     0.185    -1.622     0.9584     0.8335     0.8319     0.7924     0.7665     0.7915     0.0841
1220.5912     0.9298     0.197    -1.622     0.9502     0.9298     0.8319     0.7924     0.7665     0.7915     0.0841
1220.6445     0.7486     0.176    -1.622     0.9421     0.7486     0.7529     0.7924     0.7665     0.7915     0.0796
1220.6979     0.8752     0.190    -1.622     0.9340     0.8752     0.7529     0.7924     0.7665     0.7915     0.0796
1220.7512     1.0411     0.211    -1.622     0.9259     1.0411     0.7529     0.7924     0.7665     0.7915     0.0796
1220.8046     0.4210     0.137    -1.622     0.9179     0.4210     0.7529     0.7924     0.7665     0.7915     0.0796
1220.8579     0.6788     0.168    -1.622     0.9100     0.6788     0.7529     0.7924     0.7665     0.7915     0.0796
1220.9113     0.6155     0.161    -1.622     0.9021     0.6155     0.7148     0.7907     0.7665     0.7915     0.0773
1220.9646     0.5770     0.157    -1.622     0.8942     0.5770     0.7148     0.7907     0.7665     0.7915     0.0773
1221.0179     0.4465     0.137    -1.622     0.8864     0.4465     0.7148     0.7907     0.7665     0.7915     0.0773
1221.0713     0.8539     0.188    -1.622     0.8786     0.8539     0.7148     0.7907     0.7665     0.7915     0.0773
1221.1246     1.0809     0.211    -1.622     0.8708     1.0809     0.7148     0.7907     0.7665     0.7915     0.0773
1221.1780     0.8087     0.183    -1.622     0.8632     0.8087     0.8666     0.7907     0.9576     0.7915     0.0849
1221.2313     0.9963     0.202    -1.622     0.8555     0.9963     0.8666     0.7907     0.9576     0.7915     0.0849
1221.2847     0.7723     0.180    -1.622     0.8479     0.7723     0.8666     0.7907     0.9576     0.7915     0.0849
1221.3380     0.6930     0.170    -1.622     0.8403     0.6930     0.8666     0.7907     0.9576     0.7915     0.0849
1221.3914     1.0624     0.211    -1.622     0.8328     1.0624     0.8666     0.7907     0.9576     0.7915     0.0849
1221.4447     0.9620     0.199    -1.622     0.8253     0.9620     0.9334     1.0031     0.9576     1.0312     0.0878
1221.4980     1.0557     0.209    -1.622     0.8179     1.0557     0.9334     1.0031     0.9576     1.0312     0.0878
1221.5514     0.9971     0.202    -1.622     0.8105     0.9971     0.9334     1.0031     0.9576     1.0312     0.0878
1221.6047     0.8535     0.189    -1.622     0.8032     0.8535     0.9334     1.0031     0.9576     1.0312     0.0878
1221.6581     0.7988     0.182    -1.622     0.7959     0.7988     0.9334     1.0031     0.9576     1.0312     0.0878
1221.7114     0.9833     0.203    -1.622     0.7886     0.9833     1.0728     1.0031     0.9576     1.0312     0.0937
1221.7648     1.2335     0.224    -1.622     0.7814     1.2335     1.0728     1.0031     0.9576     1.0312     0.0937
1221.8181     1.2008     0.221    -1.622     0.7742     1.2008     1.0728     1.0031     0.9576     1.0312     0.0937
1221.8715     1.1365     0.213    -1.622     0.7671     1.1365     1.0728     1.0031     0.9576     1.0312     0.0937
1221.9248     0.8100     0.184    -1.622     0.7600     0.8100     1.0728     1.0031     0.9576     1.0312     0.0937
1221.9781     0.7178     0.172    -1.622     0.7530     0.7178     0.9584     1.0593     1.0012     1.0312     0.0889
1222.0315     1.0168     0.206    -1.622     0.7460     1.0168     0.9584     1.0593     1.0012     1.0312     0.0889
1222.0848     0.8392     0.186    -1.622     0.7390     0.8392     0.9584     1.0593     1.0012     1.0312     0.0889
1222.1382     1.3957     0.242    -1.622     0.7321     1.3957     0.9584     1.0593     1.0012     1.0312     0.0889
1222.1915     0.8226     0.182    -1.622     0.7252     0.8226     0.9584     1.0593     1.0012     1.0312     0.0889
1222.2449     1.1516     0.220    -1.622     0.7184     1.1516     1.1602     1.0593     1.0012     1.0312     0.0971
1222.2982     0.9417     0.195    -1.622     0.7116     0.9417     1.1602     1.0593     1.0012     1.0312     0.0971
1222.3516     1.3459     0.233    -1.622     0.7048     1.3459     1.1602     1.0593     1.0012     1.0312     0.0971
1222.4049     1.1633     0.219    -1.622     0.6981     1.1633     1.1602     1.0593     1.0012     1.0312     0.0971
1222.4583     1.1986     0.218    -1.622     0.6914     1.1986     1.1602     1.0593     1.0012     1.0312     0.0971
1222.5115     0.9941     0.201    -1.622     0.6848     0.9941     0.8851     0.9215     1.0012     1.0116     0.0849
1222.5648     0.5995     0.157    -1.622     0.6782     0.5995     0.8851     0.9215     1.0012     1.0116     0.0849
1222.6182     1.0235     0.202    -1.622     0.6717     1.0235     0.8851     0.9215     1.0012     1.0116     0.0849
1222.6715     0.9236     0.195    -1.622     0.6651     0.9236     0.8851     0.9215     1.0012     1.0116     0.0849
1222.7249     0.8847     0.190    -1.622     0.6587     0.8847     0.8851     0.9215     1.0012     1.0116     0.0849
1222.7782     0.7459     0.173    -1.622     0.6522     0.7459     0.9579     0.9215     1.0537     1.0116     0.0881
1222.8315     1.0652     0.207    -1.622     0.6459     1.0652     0.9579     0.9215     1.0537     1.0116     0.0881
1222.8849     1.1903     0.220    -1.622     0.6395     1.1903     0.9579     0.9215     1.0537     1.0116     0.0881
1222.9382     0.9071     0.192    -1.622     0.6332     0.9071     0.9579     0.9215     1.0537     1.0116     0.0881
1222.9916     0.8808     0.190    -1.622     0.6269     0.8808     0.9579     0.9215     1.0537     1.0116     0.0881
1223.0449     1.5183     0.245    -1.622     0.6207     1.5183     1.1290     1.1016     1.0537     1.0116     0.0948
1223.0983     0.8737     0.188    -1.622     0.6145     0.8737     1.1290     1.1016     1.0537     1.0116     0.0948
1223.1516     1.0025     0.198    -1.622     0.6084     1.0025     1.1290     1.1016     1.0537     1.0116     0.0948
1223.2048     1.4053     0.237    -1.622     0.6023     1.4053     1.1290     1.1016     1.0537     1.0116     0.0948
1223.2582     0.8451     0.184    -1.622     0.5962     0.8451     1.1290     1.1016     1.0537     1.0116     0.0948
1223.3115     1.1516     0.216    -1.622     0.5902     1.1516     1.0743     1.1016     1.0537     1.0116     0.0924
1223.3649     1.0156     0.200    -1.622     0.5842     1.0156     1.0743     1.1016     1.0537     1.0116     0.0924
1223.4182     1.2306     0.219    -1.622     0.5782     1.2306     1.0743     1.1016     1.0537     1.0116     0.0924
1223.4716     0.7147     0.171    -1.622     0.5723     0.7147     1.0743     1.1016     1.0537     1.0116     0.0924
1223.5249     1.2591     0.224    -1.622     0.5664     1.2591     1.0743     1.1016     1.0537     1.0116     0.0924
1223.5782     0.8952     0.188    -1.622     0.5606     0.8952     0.9623     1.0696     1.0553     1.0248     0.0875
1223.6316     0.9171     0.194    -1.622     0.5548     0.9171     0.9623     1.0696     1.0553     1.0248     0.0875
1223.6848     0.9249     0.192    -1.622     0.5490     0.9249     0.9623     1.0696     1.0553     1.0248     0.0875
1223.7382     1.0188     0.199    -1.622     0.5433     1.0188     0.9623     1.0696     1.0553     1.0248     0.0875
1223.7915     1.0556     0.204    -1.622     0.5376     1.0556     0.9623     1.0696     1.0553     1.0248     0.0875
1223.8448     1.0429     0.202    -1.622     0.5320     1.0429     1.1769     1.0696     1.0553     1.0248     0.0965
1223.8982     1.4536     0.240    -1.622     0.5264     1.4536     1.1769     1.0696     1.0553     1.0248     0.0965
1223.9515     1.0810     0.207    -1.622     0.5208     1.0810     1.1769     1.0696     1.0553     1.0248     0.0965
1224.0049     1.2614     0.222    -1.622     0.5153     1.2614     1.1769     1.0696     1.0553     1.0248     0.0965
1224.0581     1.0459     0.204    -1.622     0.5098     1.0459     1.1769     1.0696     1.0553     1.0248     0.0965
1224.1115     1.3885     0.233    -1.622     0.5043     1.3885     1.0265     0.9799     1.0553     1.0248     0.0897
1224.1648     1.0399     0.200    -1.622     0.4989     1.0399     1.0265     0.9799     1.0553     1.0248     0.0897
1224.2181     1.1225     0.214    -1.622     0.4935     1.1225     1.0265     0.9799     1.0553     1.0248     0.0897
1224.2715     0.9489     0.191    -1.622     0.4882     0.9489     1.0265     0.9799     1.0553     1.0248     0.0897
1224.3248     0.6327     0.158    -1.622     0.4829     0.6327     1.0265     0.9799     1.0553     1.0248     0.0897
1224.3782     1.1063     0.210    -1.622     0.4776     1.1063     0.9333     0.9799     0.9290     1.0248     0.0861
1224.4314     1.0305     0.200    -1.622     0.4724     1.0305     0.9333     0.9799     0.9290     1.0248     0.0861
1224.4847     0.9005     0.187    -1.622     0.4672     0.9005     0.9333     0.9799     0.9290     1.0248     0.0861
1224.5381     0.8699     0.187    -1.622     0.4620     0.8699     0.9333     0.9799     0.9290     1.0248     0.0861
1224.5914     0.7592     0.176    -1.622     0.4569     0.7592     0.9333     0.9799     0.9290     1.0248     0.0861
1224.6448     1.1924     0.214    -1.622     0.4518     1.1924     0.8861     0.9268     0.9290     0.9742     0.0834
1224.6981     0.5603     0.151    -1.622     0.4467     0.5603     0.8861     0.9268     0.9290     0.9742     0.0834
1224.7513     1.2933     0.225    -1.622     0.4417     1.2933     0.8861     0.9268     0.9290     0.9742     0.0834
1224.8047     0.7024     0.167    -1.622     0.4368     0.7024     0.8861     0.9268     0.9290     0.9742     0.0834
1224.8580     0.6823     0.164    -1.622     0.4318     0.6823     0.8861     0.9268     0.9290     0.9742     0.0834
1224.9114     1.0607     0.205    -1.622     0.4269     1.0607     0.9676     0.9268     0.9290     0.9742     0.0871
1224.9647     1.0738     0.204    -1.622     0.4220     1.0738     0.9676     0.9268     0.9290     0.9742     0.0871
1225.0179     0.8179     0.180    -1.622     0.4172     0.8179     0.9676     0.9268     0.9290     0.9742     0.0871
1225.0713     1.1124     0.208    -1.622     0.4124     1.1124     0.9676     0.9268     0.9290     0.9742     0.0871
1225.1246     0.7730     0.174    -1.622     0.4076     0.7730     0.9676     0.9268     0.9290     0.9742     0.0871
1225.1780     0.9454     0.191    -1.622     0.4029     0.9454     0.9909     1.0215     0.9745     0.9742     0.0873
1225.2313     0.6718     0.163    -1.622     0.3982     0.6718     0.9909     1.0215     0.9745     0.9742     0.0873
1225.2845     1.2436     0.215    -1.622     0.3935     1.2436     0.9909     1.0215     0.9745     0.9742     0.0873
1225.3379     0.8832     0.187    -1.622     0.3889     0.8832     0.9909     1.0215     0.9745     0.9742     0.0873
1225.3912     1.2104     0.215    -1.621     0.3843     1.2104     0.9909     1.0215     0.9745     0.9742     0.0873
1225.4446     1.1927     0.214    -1.612     0.3797     1.1927     1.0522     1.0215     0.9745     0.9742     0.0902
1225.4979     0.7901     0.174    -1.587     0.3752     0.7901     1.0522     1.0215     0.9745     0.9742     0.0902
1225.5511     1.1834     0.216    -1.549     0.3707     1.1834     1.0522     1.0215     0.9745     0.9742     0.0902
1225.6045     1.0240     0.198    -1.505     0.3663     1.0240     1.0522     1.0215     0.9745     0.9742     0.0902
1225.6578     1.0708     0.204    -1.460     0.3618     1.0708     1.0522     1.0215     0.9745     0.9742     0.0902
1225.7112     0.9880     0.195    -1.416     0.3575     0.9880     0.8803     1.0574     0.9745     1.0837     0.0826
1225.7644     1.0441     0.203    -1.373     0.3531     1.0441     0.8803     1.0574     0.9745     1.0837     0.0826
1225.8177     0.8047     0.177    -1.329     0.3488     0.8047     0.8803     1.0574     0.9745     1.0837     0.0826
1225.8711     0.8827     0.184    -1.286     0.3445     0.8827     0.8803     1.0574     0.9745     1.0837     0.0826
1225.9244     0.6820     0.162    -1.244     0.3402     0.6820     0.8803     1.0574     0.9745     1.0837     0.0826
1225.9777     1.3775     0.227    -1.202     0.3360     1.3775     1.2346     1.0574     1.1515     1.0837     0.0971
1226.0310     0.8812     0.184    -1.160     0.3318     0.8812     1.2346     1.0574     1.1515     1.0837     0.0971
1226.0844     1.4650     0.235    -1.119     0.3277     1.4650     1.2346     1.0574     1.1515     1.0837     0.0971
1226.1377     1.4855     0.239    -1.078     0.3235     1.4855     1.2346     1.0574     1.1515     1.0837     0.0971
1226.1909     0.9638     0.194    -1.037     0.3194     0.9638     1.2346     1.0574     1.1515     1.0837     0.0971
1226.2443     0.8987     0.188    -0.997     0.3154     0.8987     1.1129     1.1100     1.1515     1.0837     0.0928
1226.2976     1.2345     0.219    -0.957     0.3114     1.2345     1.1129     1.1100     1.1515     1.0837     0.0928
1226.3510     1.1112     0.207    -0.918     0.3074     1.1112     1.1129     1.1100     1.1515     1.0837     0.0928
1226.4042     1.2134     0.215    -0.879     0.3034     1.2134     1.1129     1.1100     1.1515     1.0837     0.0928
1226.4575     1.1066     0.206    -0.840     0.2995     1.1066     1.1129     1.1100     1.1515     1.0837     0.0928
1226.5109     1.1517     0.210    -0.802     0.2956     1.1517     1.1070     1.1100     1.1515     1.0837     0.0922
1226.5642     1.1733     0.211    -0.764     0.2917     1.1733     1.1070     1.1100     1.1515     1.0837     0.0922
1226.6174     1.4713     0.239    -0.726     0.2879     1.4713     1.1070     1.1100     1.1515     1.0837     0.0922
1226.6708     1.0610     0.201    -0.689     0.2841     1.0610     1.1070     1.1100     1.1515     1.0837     0.0922
1226.7241     0.6780     0.161    -0.652     0.2803     0.6780     1.1070     1.1100     1.1515     1.0837     0.0922
1226.7773     1.3651     0.225    -0.615     0.2766     1.3651     1.2532     1.2536     1.2657     1.2596     0.0967
1226.8307     0.8982     0.184    -0.579     0.2729     0.8982     1.2532     1.2536     1.2657     1.2596     0.0967
1226.8840     1.3703     0.226    -0.543     0.2692     1.3703     1.2532     1.2536     1.2657     1.2596     0.0967
1226.9374     1.5197     0.238    -0.508     0.2656     1.5197     1.2532     1.2536     1.2657     1.2596     0.0967
1226.9906     1.1127     0.204    -0.472     0.2620     1.1127     1.2532     1.2536     1.2657     1.2596     0.0967
1227.0439     1.0103     0.195    -0.438     0.2584     1.0103     1.2539     1.2536     1.2657     1.2596     0.0973
1227.0973     1.7485     0.255    -0.403     0.2548     1.7485     1.2539     1.2536     1.2657     1.2596     0.0973
1227.1505     0.9392     0.189    -0.369     0.2513     0.9392     1.2539     1.2536     1.2657     1.2596     0.0973
1227.2039     1.3084     0.222    -0.335     0.2478     1.3084     1.2539     1.2536     1.2657     1.2596     0.0973
1227.2572     1.2633     0.220    -0.302     0.2444     1.2633     1.2539     1.2536     1.2657     1.2596     0.0973
1227.3104     1.2409     0.216    -0.269     0.2410     1.2409     1.2898     1.2657     1.2657     1.2596     0.0977
1227.3638     1.2777     0.216    -0.236     0.2376     1.2777     1.2898     1.2657     1.2657     1.2596     0.0977
1227.4171     1.2857     0.218    -0.204     0.2342     1.2857     1.2898     1.2657     1.2657     1.2596     0.0977
1227.4705     1.2884     0.218    -0.172     0.2309     1.2884     1.2898     1.2657     1.2657     1.2596     0.0977
1227.5237     1.3564     0.223    -0.140     0.2275     1.3564     1.2898     1.2657     1.2657     1.2596     0.0977
1227.5770     1.4001     0.228    -0.108     0.2243     1.4001     1.2415     1.2657     1.1581     1.2596     0.0960
1227.6304     1.1068     0.206    -0.077     0.2210     1.1068     1.2415     1.2657     1.1581     1.2596     0.0960
1227.6836     1.1729     0.208    -0.047     0.2178     1.1729     1.2415     1.2657     1.1581     1.2596     0.0960
1227.7369     1.3907     0.226    -0.016     0.2146     1.3907     1.2415     1.2657     1.1581     1.2596     0.0960
1227.7903     1.1371     0.205     0.014     0.2115     1.1371     1.2415     1.2657     1.1581     1.2596     0.0960
1227.8435     0.8199     0.175     0.044     0.2083     0.8199     1.1505     1.1164     1.1581     1.1631     0.0925
1227.8969     1.2136     0.212     0.073     0.2052     1.2136     1.1505     1.1164     1.1581     1.1631     0.0925
1227.9501     1.1800     0.209     0.102     0.2022     1.1800     1.1505     1.1164     1.1581     1.1631     0.0925
1228.0034     1.3646     0.227     0.131     0.1991     1.3646     1.1505     1.1164     1.1581     1.1631     0.0925
1228.0568     1.1746     0.208     0.160     0.1961     1.1746     1.1505     1.1164     1.1581     1.1631     0.0925
1228.1100     1.3117     0.219     0.188     0.1931     1.3117     1.0823     1.1164     1.1581     1.1631     0.0895
1228.1633     0.7413     0.166     0.216     0.1902     0.7413     1.0823     1.1164     1.1581     1.1631     0.0895
1228.2167     0.9952     0.192     0.243     0.1872     0.9952     1.0823     1.1164     1.1581     1.1631     0.0895
1228.2699     1.1281     0.203     0.271     0.1843     1.1281     1.0823     1.1164     1.1581     1.1631     0.0895
1228.3232     1.2351     0.216     0.298     0.1815     1.2351     1.0823     1.1164     1.1581     1.1631     0.0895
1228.3766     1.0784     0.200     0.324     0.1786     1.0784     1.1839     1.2098     1.2602     1.1631     0.0937
1228.4298     1.2491     0.215     0.351     0.1758     1.2491     1.1839     1.2098     1.2602     1.1631     0.0937
1228.4832     1.2583     0.216     0.377     0.1730     1.2583     1.1839     1.2098     1.2602     1.1631     0.0937
1228.5364     1.1270     0.205     0.403     0.1703     1.1270     1.1839     1.2098     1.2602     1.1631     0.0937
1228.5897     1.2067     0.211     0.428     0.1676     1.2067     1.1839     1.2098     1.2602     1.1631     0.0937
1228.6431     1.2516     0.213     0.453     0.1649     1.2516     1.2357     1.2098     1.2602     1.1631     0.0953
1228.6963     1.4161     0.227     0.478     0.1622     1.4161     1.2357     1.2098     1.2602     1.1631     0.0953
1228.7496     1.2857     0.217     0.503     0.1595     1.2857     1.2357     1.2098     1.2602     1.1631     0.0953
1228.8030     1.0423     0.197     0.527     0.1569     1.0423     1.2357     1.2098     1.2602     1.1631     0.0953
1228.8562     1.1827     0.210     0.551     0.1543     1.1827     1.2357     1.2098     1.2602     1.1631     0.0953
1228.9095     1.2523     0.214     0.575     0.1518     1.2523     1.3610     1.3451     1.2602     1.2492     0.1001
1228.9628     1.4869     0.236     0.598     0.1492     1.4869     1.3610     1.3451     1.2602     1.2492     0.1001
1229.0161     1.0194     0.193     0.622     0.1467     1.0194     1.3610     1.3451     1.2602     1.2492     0.1001
1229.0695     1.2712     0.219     0.644     0.1442     1.2712     1.3610     1.3451     1.2602     1.2492     0.1001
1229.1227     1.7750     0.254     0.667     0.1418     1.7750     1.3610     1.3451     1.2602     1.2492     0.1001
1229.1760     1.5057     0.235     0.689     0.1394     1.5057     1.3293     1.3451     1.2120     1.2492     0.0989
1229.2292     1.3708     0.226     0.711     0.1370     1.3708     1.3293     1.3451     1.2120     1.2492     0.0989
1229.2826     1.1199     0.203     0.733     0.1346     1.1199     1.3293     1.3451     1.2120     1.2492     0.0989
1229.3358     1.4278     0.227     0.755     0.1322     1.4278     1.3293     1.3451     1.2120     1.2492     0.0989
1229.3892     1.2222     0.213     0.776     0.1299     1.2222     1.3293     1.3451     1.2120     1.2492     0.0989
1229.4425     1.5041     0.233     0.797     0.1276     1.5041     1.3110     1.1533     1.2120     1.2492     0.0984
1229.4957     1.3372     0.224     0.818     0.1253     1.3372     1.3110     1.1533     1.2120     1.2492     0.0984
1229.5491     0.9983     0.194     0.838     0.1231     0.9983     1.3110     1.1533     1.2120     1.2492     0.0984
1229.6023     1.1372     0.205     0.858     0.1209     1.1372     1.3110     1.1533     1.2120     1.2492     0.0984
1229.6556     1.5780     0.241     0.878     0.1187     1.5780     1.3110     1.1533     1.2120     1.2492     0.0984
1229.7089     1.0369     0.196     0.898     0.1165     1.0369     0.9956     1.1533     1.2120     1.2492     0.0857
1229.7622     1.5894     0.240     0.917     0.1144     1.5894     0.9956     1.1533     1.2120     1.2492     0.0857
1229.8156     0.9346     0.187     0.937     0.1123     0.9346     0.9956     1.1533     1.2120     1.2492     0.0857
1229.8688     0.7044     0.161     0.956     0.1102     0.7044     0.9956     1.1533     1.2120     1.2492     0.0857
1229.9221     0.7127     0.163     0.974     0.1081     0.7127     0.9956     1.1533     1.2120     1.2492     0.0857
1229.9753     0.4523     0.128     0.993     0.1061     0.4523     0.2000     0.2595     0.6394     0.8712     0.0393
1230.0287     0.2007     0.089     1.011     0.1041     0.2007     0.2000     0.2595     0.6394     0.8712     0.0393
1230.0819     0.1291     0.073     1.029     0.1021     0.1291     0.2000     0.2595     0.6394     0.8712     0.0393
1230.1353     0.0538     0.049     1.046     0.1001     0.0538     0.2000     0.2595     0.6394     0.8712     0.0393
1230.1885     0.1644     0.081     1.064     0.0982     0.1644     0.2000     0.2595     0.6394     0.8712     0.0393
1230.2418     0.1282     0.072     1.081     0.0963     0.1282     0.3189     0.2595     0.6394     0.8712     0.0488
1230.2950     0.1262     0.071     1.098     0.0944     0.1262     0.3189     0.2595     0.6394     0.8712     0.0488
1230.3484     0.3051     0.107     1.115     0.0925     0.3051     0.3189     0.2595     0.6394     0.8712     0.0488
1230.4016     0.5163     0.137     1.131     0.0907     0.5163     0.3189     0.2595     0.6394     0.8712     0.0488
1230.4550     0.5187     0.138     1.147     0.0889     0.5187     0.3189     0.2595     0.6394     0.8712     0.0488
1230.5082     0.9441     0.183     1.163     0.0871     0.9441     1.3991     1.4830     0.6394     0.8712     0.1000
1230.5615     1.5229     0.235     1.179     0.0854     1.5229     1.3991     1.4830     0.6394     0.8712     0.1000
1230.6149     1.6474     0.244     1.195     0.0836     1.6474     1.3991     1.4830     0.6394     0.8712     0.1000
1230.6681     1.4154     0.223     1.210     0.0819     1.4154     1.3991     1.4830     0.6394     0.8712     0.1000
1230.7214     1.4658     0.228     1.225     0.0802     1.4658     1.3991     1.4830     0.6394     0.8712     0.1000
1230.7747     1.4800     0.232     1.240     0.0786     1.4800     1.5668     1.4830     1.4169     0.8712     0.1060
1230.8280     1.4960     0.229     1.255     0.0769     1.4960     1.5668     1.4830     1.4169     0.8712     0.1060
1230.8812     1.8877     0.264     1.269     0.0753     1.8877     1.5668     1.4830     1.4169     0.8712     0.1060
1230.9346     1.2340     0.210     1.284     0.0737     1.2340     1.5668     1.4830     1.4169     0.8712     0.1060
1230.9878     1.7363     0.246     1.298     0.0722     1.7363     1.5668     1.4830     1.4169     0.8712     0.1060
1231.0410     1.2031     0.209     1.311     0.0706     1.2031     1.2669     1.3420     1.4169     1.4100     0.0948
1231.0944     1.3631     0.218     1.325     0.0691     1.3631     1.2669     1.3420     1.4169     1.4100     0.0948
1231.1476     1.3892     0.219     1.338     0.0676     1.3892     1.2669     1.3420     1.4169     1.4100     0.0948
1231.2009     0.9212     0.184     1.352     0.0662     0.9212     1.2669     1.3420     1.4169     1.4100     0.0948
1231.2542     1.4579     0.227     1.364     0.0648     1.4579     1.2669     1.3420     1.4169     1.4100     0.0948
1231.3075     1.1305     0.201     1.377     0.0633     1.1305     1.4170     1.3420     1.4169     1.4100     0.0999
1231.3607     1.0339     0.192     1.390     0.0620     1.0339     1.4170     1.3420     1.4169     1.4100     0.0999
1231.4141     1.6126     0.237     1.402     0.0606     1.6126     1.4170     1.3420     1.4169     1.4100     0.0999
1231.4673     1.7599     0.248     1.414     0.0593     1.7599     1.4170     1.3420     1.4169     1.4100     0.0999
1231.5206     1.5482     0.233     1.426     0.0579     1.5482     1.4170     1.3420     1.4169     1.4100     0.0999
1231.5739     1.4626     0.228     1.438     0.0567     1.4626     1.3297     1.4781     1.5155     1.4100     0.0971
1231.6272     1.0456     0.195     1.450     0.0554     1.0456     1.3297     1.4781     1.5155     1.4100     0.0971
1231.6804     1.4582     0.226     1.461     0.0542     1.4582     1.3297     1.4781     1.5155     1.4100     0.0971
1231.7338     1.2337     0.208     1.472     0.0530     1.2337     1.3297     1.4781     1.5155     1.4100     0.0971
1231.7870     1.4487     0.227     1.483     0.0518     1.4487     1.3297     1.4781     1.5155     1.4100     0.0971
1231.8402     1.6229     0.238     1.494     0.0506     1.6229     1.6265     1.4781     1.5155     1.4100     0.1067
1231.8936     1.4774     0.227     1.505     0.0495     1.4774     1.6265     1.4781     1.5155     1.4100     0.1067
1231.9468     1.4282     0.225     1.515     0.0484     1.4282     1.6265     1.4781     1.5155     1.4100     0.1067
1232.0000     1.5327     0.232     1.525     0.0473     1.5327     1.6265     1.4781     1.5155     1.4100     0.1067
1232.0532     2.0712     0.268     1.536     0.0462     2.0712     1.6265     1.4781     1.5155     1.4100     0.1067
1232.1066     1.4438     0.224     1.545     0.0452     1.4438     1.5902     1.5708     1.5155     1.6078     0.1057
1232.1598     1.2832     0.213     1.555     0.0442     1.2832     1.5902     1.5708     1.5155     1.6078     0.1057
1232.2131     1.7255     0.246     1.565     0.0432     1.7255     1.5902     1.5708     1.5155     1.6078     0.1057
1232.2664     1.8820     0.257     1.574     0.0423     1.8820     1.5902     1.5708     1.5155     1.6078     0.1057
1232.3196     1.6163     0.239     1.583     0.0413     1.6163     1.5902     1.5708     1.5155     1.6078     0.1057
1232.3729     1.7217     0.245     1.592     0.0404     1.7217     1.5514     1.5708     1.6137     1.6078     0.1049
1232.4261     1.6863     0.243     1.601     0.0396     1.6863     1.5514     1.5708     1.6137     1.6078     0.1049
1232.4795     1.3370     0.221     1.610     0.0387     1.3370     1.5514     1.5708     1.6137     1.6078     0.1049
1232.5327     1.3299     0.217     1.619     0.0379     1.3299     1.5514     1.5708     1.6137     1.6078     0.1049
1232.5859     1.6821     0.244     1.627     0.0371     1.6821     1.5514     1.5708     1.6137     1.6078     0.1049
1232.6393     1.5424     0.233     1.635     0.0363     1.5424     1.5599     1.6448     1.6137     1.6078     0.1037
1232.6925     1.3721     0.217     1.643     0.0356     1.3721     1.5599     1.6448     1.6137     1.6078     0.1037
1232.7458     1.5273     0.228     1.651     0.0349     1.5273     1.5599     1.6448     1.6137     1.6078     0.1037
1232.7991     1.8603     0.254     1.659     0.0342     1.8603     1.5599     1.6448     1.6137     1.6078     0.1037
1232.8523     1.4974     0.226     1.667     0.0335     1.4974     1.5599     1.6448     1.6137     1.6078     0.1037
1232.9056     1.7397     0.247     1.674     0.0329     1.7397     1.7297     1.6448     1.6137     1.6078     0.1104
1232.9589     1.3385     0.216     1.682     0.0323     1.3385     1.7297     1.6448     1.6137     1.6078     0.1104
1233.0122     1.5200     0.233     1.689     0.0317     1.5200     1.7297     1.6448     1.6137     1.6078     0.1104
1233.0654     1.9280     0.259     1.696     0.0312     1.9280     1.7297     1.6448     1.6137     1.6078     0.1104
1233.1187     2.1224     0.275     1.703     0.0307     2.1224     1.7297     1.6448     1.6137     1.6078     0.1104
1233.1720     1.4415     0.225     1.709     0.0302     1.4415     1.7912     1.7322     1.7601     1.7438     0.1118
1233.2252     1.6943     0.243     1.716     0.0297     1.6943     1.7912     1.7322     1.7601     1.7438     0.1118
1233.2786     1.8791     0.255     1.723     0.0292     1.8791     1.7912     1.7322     1.7601     1.7438     0.1118
1233.3318     2.0007     0.265     1.729     0.0288     2.0007     1.7912     1.7322     1.7601     1.7438     0.1118
1233.3850     1.9404     0.259     1.735     0.0284     1.9404     1.7912     1.7322     1.7601     1.7438     0.1118
1233.4384     1.7428     0.250     1.741     0.0280     1.7428     1.6732     1.7322     1.7601     1.7438     0.1087
1233.4916     1.5028     0.231     1.747     0.0277     1.5028     1.6732     1.7322     1.7601     1.7438     0.1087
1233.5448     1.5921     0.238     1.753     0.0274     1.5921     1.6732     1.7322     1.7601     1.7438     0.1087
1233.5981     1.5138     0.229     1.759     0.0271     1.5138     1.6732     1.7322     1.7601     1.7438     0.1087
1233.6514     2.0144     0.265     1.764     0.0268     2.0144     1.6732     1.7322     1.7601     1.7438     0.1087
1233.7046     1.2626     0.209     1.770     0.0265     1.2626     1.8158     1.7554     1.7601     1.7438     0.1124
1233.7579     1.5858     0.235     1.775     0.0263     1.5858     1.8158     1.7554     1.7601     1.7438     0.1124
1233.8112     2.2803     0.280     1.780     0.0261     2.2803     1.8158     1.7554     1.7601     1.7438     0.1124
1233.8644     1.8727     0.259     1.785     0.0259     1.8727     1.8158     1.7554     1.7601     1.7438     0.1124
1233.9177     2.0778     0.268     1.790     0.0257     2.0778     1.8158     1.7554     1.7601     1.7438     0.1124
1233.9709     1.9026     0.256     1.795     0.0256     1.9026     1.6950     1.7554     1.7818     1.7438     0.1084
1234.0242     2.0083     0.266     1.800     0.0254     2.0083     1.6950     1.7554     1.7818     1.7438     0.1084
1234.0775     1.3487     0.215     1.804     0.0253     1.3487     1.6950     1.7554     1.7818     1.7438     0.1084
1234.1307     1.4876     0.226     1.809     0.0252     1.4876     1.6950     1.7554     1.7818     1.7438     0.1084
1234.1840     1.7278     0.246     1.813     0.0251     1.7278     1.6950     1.7554     1.7818     1.7438     0.1084
1234.2373     1.8981     0.255     1.818     0.0250     1.8981     1.8359     1.8252     1.7818     1.7891     0.1119
1234.2905     1.6715     0.238     1.822     0.0250     1.6715     1.8359     1.8252     1.7818     1.7891     0.1119
1234.3438     2.1333     0.268     1.826     0.0249     2.1333     1.8359     1.8252     1.7818     1.7891     0.1119
1234.3971     1.8663     0.253     1.830     0.0249     1.8663     1.8359     1.8252     1.7818     1.7891     0.1119
1234.4503     1.6100     0.236     1.834     0.0249     1.6100     1.8359     1.8252     1.7818     1.7891     0.1119
1234.5035     1.6300     0.237     1.838     0.0248     1.6300     1.8146     1.8252     1.7818     1.7891     0.1104
1234.5569     1.7865     0.244     1.841     0.0248     1.7865     1.8146     1.8252     1.7818     1.7891     0.1104
1234.6101     2.0785     0.263     1.845     0.0248     2.0785     1.8146     1.8252     1.7818     1.7891     0.1104
1234.6633     1.6190     0.233     1.848     0.0248     1.6190     1.8146     1.8252     1.7818     1.7891     0.1104
1234.7166     1.9590     0.256     1.852     0.0248     1.9590     1.8146     1.8252     1.7818     1.7891     0.1104
1234.7699     1.2161     0.204     1.855     0.0249     1.2161     1.7996     1.7529     1.7989     1.7891     0.1112
1234.8231     2.3975     0.288     1.858     0.0249     2.3975     1.7996     1.7529     1.7989     1.7891     0.1112
1234.8763     2.0876     0.266     1.862     0.0249     2.0876     1.7996     1.7529     1.7989     1.7891     0.1112
1234.9297     1.5079     0.229     1.865     0.0250     1.5079     1.7996     1.7529     1.7989     1.7891     0.1112
1234.9829     1.7888     0.247     1.868     0.0250     1.7888     1.7996     1.7529     1.7989     1.7891     0.1112
1235.0361     1.5319     0.227     1.871     0.0250     1.5319     1.7062     1.7529     1.7989     1.7891     0.1073
1235.0894     1.4615     0.222     1.874     0.0251     1.4615     1.7062     1.7529     1.7989     1.7891     0.1073
1235.1427     1.9624     0.257     1.876     0.0251     1.9624     1.7062     1.7529     1.7989     1.7891     0.1073
1235.1959     1.6776     0.236     1.879     0.0252     1.6776     1.7062     1.7529     1.7989     1.7891     0.1073
1235.2491     1.8977     0.255     1.882     0.0252     1.8977     1.7062     1.7529     1.7989     1.7891     0.1073
1235.3025     1.5983     0.234     1.884     0.0253     1.5983     1.8909     1.8960     1.7989     1.9693     0.1129
1235.3557     1.9383     0.256     1.887     0.0253     1.9383     1.8909     1.8960     1.7989     1.9693     0.1129
1235.4089     1.8004     0.246     1.889     0.0254     1.8004     1.8909     1.8960     1.7989     1.9693     0.1129
1235.4622     1.9682     0.256     1.892     0.0254     1.9682     1.8909     1.8960     1.7989     1.9693     0.1129
1235.5155     2.1493     0.267     1.894     0.0255     2.1493     1.8909     1.8960     1.7989     1.9693     0.1129
1235.5687     2.1659     0.270     1.896     0.0255     2.1659     1.9011     1.8960     1.9954     1.9693     0.1133
1235.6219     2.0059     0.262     1.898     0.0256     2.0059     1.9011     1.8960     1.9954     1.9693     0.1133
1235.6752     1.9568     0.256     1.900     0.0256     1.9568     1.9011     1.8960     1.9954     1.9693     0.1133
1235.7285     1.6798     0.240     1.902     0.0257     1.6798     1.9011     1.8960     1.9954     1.9693     0.1133
1235.7817     1.6970     0.239     1.905     0.0257     1.6970     1.9011     1.8960     1.9954     1.9693     0.1133
1235.8350     2.1536     0.268     1.906     0.0257     2.1536     2.0715     2.0426     1.9954     1.9693     0.1176
1235.8882     2.1930     0.271     1.908     0.0258     2.1930     2.0715     2.0426     1.9954     1.9693     0.1176
