1195.4275    -0.0948     0.045     0.476     0.0460    -0.0948     0.0255    -0.0298     0.3558     0.2456     0.0338
1195.4810    -0.1557     0.010     0.476     0.0459    -0.1557    -0.0851    -0.0298     0.0769     0.2456     0.0216
1195.5345    -0.0060     0.069     0.476     0.0459    -0.0060    -0.0851    -0.0298     0.0769     0.2456     0.0216
1195.5880    -0.1268     0.032     0.476     0.0458    -0.1268    -0.0851    -0.0298     0.0769     0.2456     0.0216
1195.6415    -0.0700     0.053     0.477     0.0458    -0.0700    -0.0851    -0.0298     0.0769     0.2456     0.0216
1195.6949    -0.0670     0.055     0.477     0.0457    -0.0670    -0.0851    -0.0298     0.0769     0.2456     0.0216
1195.7484    -0.0104     0.067     0.477     0.0456    -0.0104     0.0486     0.1579     0.0769     0.3584     0.0358
1195.8019    -0.0940     0.047     0.477     0.0456    -0.0940     0.0486     0.1579     0.0769     0.3584     0.0358
1195.8553     0.0472     0.079     0.477     0.0455     0.0472     0.0486     0.1579     0.0769     0.3584     0.0358
1195.9088     0.0492     0.081     0.477     0.0454     0.0492     0.0486     0.1579     0.0769     0.3584     0.0358
1195.9623     0.2512     0.112     0.477     0.0454     0.2512     0.0486     0.1579     0.0769     0.3584     0.0358
1196.0157     0.0548     0.081     0.477     0.0453     0.0548     0.2671     0.1579     0.0769     0.3584     0.0512
1196.0692     0.1372     0.095     0.478     0.0452     0.1372     0.2671     0.1579     0.0769     0.3584     0.0512
1196.1229     0.2857     0.117     0.478     0.0452     0.2857     0.2671     0.1579     0.0769     0.3584     0.0512
1196.1764     0.5726     0.149     0.478     0.0451     0.5726     0.2671     0.1579     0.0769     0.3584     0.0512
1196.2299     0.2854     0.118     0.478     0.0450     0.2854     0.2671     0.1579     0.0769     0.3584     0.0512
1196.2832     0.2746     0.114     0.478     0.0450     0.2746     0.5146     0.5590     0.5617     0.3584     0.0645
1196.3367     0.5829     0.153     0.478     0.0449     0.5829     0.5146     0.5590     0.5617     0.3584     0.0645
1196.3901     0.6383     0.155     0.478     0.0448     0.6383     0.5146     0.5590     0.5617     0.3584     0.0645
1196.4436     0.6058     0.154     0.479     0.0448     0.6058     0.5146     0.5590     0.5617     0.3584     0.0645
1196.4971     0.4716     0.140     0.479     0.0447     0.4716     0.5146     0.5590     0.5617     0.3584     0.0645
1196.5505     0.4558     0.139     0.479     0.0446     0.4558     0.6034     0.5590     0.5617     0.3584     0.0686
1196.6040     0.5887     0.151     0.479     0.0446     0.5887     0.6034     0.5590     0.5617     0.3584     0.0686
1196.6575     0.6833     0.162     0.479     0.0445     0.6833     0.6034     0.5590     0.5617     0.3584     0.0686
1196.7109     0.6535     0.156     0.479     0.0444     0.6535     0.6034     0.5590     0.5617     0.3584     0.0686
1196.7644     0.6356     0.157     0.479     0.0444     0.6356     0.6034     0.5590     0.5617     0.3584     0.0686
1196.8179     0.6755     0.161     0.479     0.0443     0.6755     0.5670     0.5670     0.5617     0.5064     0.0665
1196.8713     0.4367     0.135     0.480     0.0443     0.4367     0.5670     0.5670     0.5617     0.5064     0.0665
1196.9248     0.6314     0.155     0.480     0.0442     0.6314     0.5670     0.5670     0.5617     0.5064     0.0665
1196.9783     0.5548     0.148     0.480     0.0441     0.5548     0.5670     0.5670     0.5617     0.5064     0.0665
1197.0317     0.5367     0.143     0.480     0.0441     0.5367     0.5670     0.5670     0.5617     0.5064     0.0665
1197.0852     0.6150     0.154     0.480     0.0440     0.6150     0.5670     0.5670     0.4862     0.5064     0.0667
1197.1387     0.6880     0.161     0.480     0.0439     0.6880     0.5670     0.5670     0.4862     0.5064     0.0667
1197.1923     0.5354     0.147     0.480     0.0439     0.5354     0.5670     0.5670     0.4862     0.5064     0.0667
1197.2457     0.5713     0.149     0.480     0.0438     0.5713     0.5670     0.5670     0.4862     0.5064     0.0667
1197.2992     0.4256     0.134     0.481     0.0437     0.4256     0.5670     0.5670     0.4862     0.5064     0.0667
1197.3527     0.4737     0.138     0.481     0.0437     0.4737     0.4669     0.4457     0.4862     0.5064     0.0614
1197.4061     0.3917     0.130     0.481     0.0436     0.3917     0.4669     0.4457     0.4862     0.5064     0.0614
1197.4596     0.4056     0.129     0.481     0.0435     0.4056     0.4669     0.4457     0.4862     0.5064     0.0614
1197.5131     0.4724     0.140     0.481     0.0435     0.4724     0.4669     0.4457     0.4862     0.5064     0.0614
1197.5665     0.5910     0.148     0.481     0.0434     0.5910     0.4669     0.4457     0.4862     0.5064     0.0614
1197.6200     0.3978     0.131     0.481     0.0433     0.3978     0.4246     0.4457     0.4862     0.5064     0.0595
1197.6735     0.2311     0.109     0.481     0.0433     0.2311     0.4246     0.4457     0.4862     0.5064     0.0595
1197.7269     0.6965     0.161     0.482     0.0432     0.6965     0.4246     0.4457     0.4862     0.5064     0.0595
1197.7804     0.4507     0.136     0.482     0.0431     0.4507     0.4246     0.4457     0.4862     0.5064     0.0595
1197.8339     0.3467     0.124     0.482     0.0431     0.3467     0.4246     0.4457     0.4862     0.5064     0.0595
1197.8873     0.1712     0.100     0.482     0.0430     0.1712     0.1438     0.3667     0.4788     0.4972     0.0432
1197.9408     0.1630     0.099     0.482     0.0429     0.1630     0.1438     0.3667     0.4788     0.4972     0.0432
1197.9941     0.1712     0.101     0.482     0.0429     0.1712     0.1438     0.3667     0.4788     0.4972     0.0432
1198.0476     0.1047     0.091     0.482     0.0428     0.1047     0.1438     0.3667     0.4788     0.4972     0.0432
1198.1011     0.1090     0.091     0.483     0.0428     0.1090     0.1438     0.3667     0.4788     0.4972     0.0432
1198.1545     0.3746     0.128     0.483     0.0427     0.3746     0.5896     0.3667     0.4788     0.4972     0.0669
1198.2080     0.7050     0.161     0.483     0.0426     0.7050     0.5896     0.3667     0.4788     0.4972     0.0669
1198.2616     0.4586     0.136     0.483     0.0426     0.4586     0.5896     0.3667     0.4788     0.4972     0.0669
1198.3151     0.5863     0.150     0.483     0.0425     0.5863     0.5896     0.3667     0.4788     0.4972     0.0669
1198.3685     0.8238     0.169     0.483     0.0424     0.8238     0.5896     0.3667     0.4788     0.4972     0.0669
1198.4220     0.6449     0.158     0.483     0.0424     0.6449     0.7031     0.6277     0.4788     0.4972     0.0718
1198.4753     0.8744     0.175     0.483     0.0423     0.8744     0.7031     0.6277     0.4788     0.4972     0.0718
1198.5288     0.6477     0.156     0.484     0.0422     0.6477     0.7031     0.6277     0.4788     0.4972     0.0718
1198.5823     0.7420     0.164     0.484     0.0422     0.7420     0.7031     0.6277     0.4788     0.4972     0.0718
1198.6357     0.6062     0.149     0.484     0.0421     0.6062     0.7031     0.6277     0.4788     0.4972     0.0718
1198.6892     0.4006     0.128     0.484     0.0420     0.4006     0.5524     0.6277     0.6033     0.4972     0.0652
1198.7427     0.6020     0.152     0.484     0.0420     0.6020     0.5524     0.6277     0.6033     0.4972     0.0652
1198.7961     0.3723     0.126     0.484     0.0419     0.3723     0.5524     0.6277     0.6033     0.4972     0.0652
1198.8496     0.6956     0.159     0.484     0.0418     0.6956     0.5524     0.6277     0.6033     0.4972     0.0652
1198.9031     0.6915     0.160     0.484     0.0418     0.6915     0.5524     0.6277     0.6033     0.4972     0.0652
1198.9565     0.9049     0.179     0.485     0.0417     0.9049     0.7538     0.6287     0.6033     0.5350     0.0731
1199.0100     0.4558     0.135     0.485     0.0416     0.4558     0.7538     0.6287     0.6033     0.5350     0.0731
1199.0634     0.6283     0.151     0.485     0.0416     0.6283     0.7538     0.6287     0.6033     0.5350     0.0731
1199.1168     0.8654     0.172     0.485     0.0415     0.8654     0.7538     0.6287     0.6033     0.5350     0.0731
1199.1703     0.9146     0.176     0.485     0.0415     0.9146     0.7538     0.6287     0.6033     0.5350     0.0731
1199.2238     0.7025     0.158     0.485     0.0414     0.7025     0.5036     0.6287     0.6033     0.5350     0.0624
1199.2772     0.5344     0.144     0.485     0.0413     0.5344     0.5036     0.6287     0.6033     0.5350     0.0624
1199.3307     0.5025     0.138     0.485     0.0413     0.5025     0.5036     0.6287     0.6033     0.5350     0.0624
1199.3842     0.3682     0.125     0.486     0.0412     0.3682     0.5036     0.6287     0.6033     0.5350     0.0624
1199.4376     0.4106     0.129     0.486     0.0411     0.4106     0.5036     0.6287     0.6033     0.5350     0.0624
1199.4911     0.4065     0.129     0.486     0.0411     0.4065     0.2737     0.4413     0.4414     0.5350     0.0507
1199.5446     0.4183     0.130     0.486     0.0410     0.4183     0.2737     0.4413     0.4414     0.5350     0.0507
1199.5979     0.2284     0.107     0.486     0.0409     0.2284     0.2737     0.4413     0.4414     0.5350     0.0507
1199.6514     0.1720     0.100     0.486     0.0409     0.1720     0.2737     0.4413     0.4414     0.5350     0.0507
1199.7048     0.1432     0.095     0.486     0.0408     0.1432     0.2737     0.4413     0.4414     0.5350     0.0507
1199.7583     0.0964     0.089     0.486     0.0407     0.0964     0.6089     0.4413     0.4414     0.5350     0.0675
1199.8118     0.5784     0.147     0.487     0.0407     0.5784     0.6089     0.4413     0.4414     0.5350     0.0675
1199.8652     0.9886     0.184     0.487     0.0406     0.9886     0.6089     0.4413     0.4414     0.5350     0.0675
1199.9187     0.6245     0.153     0.487     0.0405     0.6245     0.6089     0.4413     0.4414     0.5350     0.0675
1199.9722     0.7565     0.165     0.487     0.0405     0.7565     0.6089     0.4413     0.4414     0.5350     0.0675
1200.0256     0.5581     0.144     0.487     0.0404     0.5581     0.4417     0.3872     0.4414     0.4434     0.0595
1200.0790     0.6502     0.155     0.487     0.0403     0.6502     0.4417     0.3872     0.4414     0.4434     0.0595
1200.1324     0.4888     0.137     0.487     0.0403     0.4888     0.4417     0.3872     0.4414     0.4434     0.0595
1200.1859     0.1916     0.103     0.488     0.0402     0.1916     0.4417     0.3872     0.4414     0.4434     0.0595
1200.2394     0.3200     0.119     0.488     0.0401     0.3200     0.4417     0.3872     0.4414     0.4434     0.0595
1200.2928     0.1403     0.096     0.488     0.0401     0.1403     0.3326     0.3872     0.4439     0.4434     0.0535
1200.3463     0.2776     0.112     0.488     0.0400     0.2776     0.3326     0.3872     0.4439     0.4434     0.0535
1200.3999     0.3494     0.123     0.488     0.0400     0.3494     0.3326     0.3872     0.4439     0.4434     0.0535
1200.4532     0.4468     0.132     0.488     0.0399     0.4468     0.3326     0.3872     0.4439     0.4434     0.0535
1200.5067     0.4491     0.132     0.488     0.0398     0.4491     0.3326     0.3872     0.4439     0.4434     0.0535
1200.5602     0.4919     0.136     0.488     0.0398     0.4919     0.4659     0.4996     0.4439     0.4434     0.0598
1200.6135     0.5231     0.140     0.489     0.0397     0.5231     0.4659     0.4996     0.4439     0.4434     0.0598
1200.6670     0.5468     0.141     0.489     0.0396     0.5468     0.4659     0.4996     0.4439     0.4434     0.0598
1200.7205     0.5149     0.140     0.489     0.0396     0.5149     0.4659     0.4996     0.4439     0.4434     0.0598
1200.7738     0.2528     0.109     0.489     0.0395     0.2528     0.4659     0.4996     0.4439     0.4434     0.0598
1200.8273     0.2103     0.105     0.489     0.0394     0.2103     0.5332     0.4996     0.4439     0.4434     0.0631
1200.8807     0.5215     0.138     0.489     0.0394     0.5215     0.5332     0.4996     0.4439     0.4434     0.0631
1200.9342     0.7700     0.164     0.489     0.0393     0.7700     0.5332     0.4996     0.4439     0.4434     0.0631
1200.9877     0.3757     0.126     0.489     0.0392     0.3757     0.5332     0.4996     0.4439     0.4434     0.0631
1201.0411     0.7887     0.164     0.490     0.0392     0.7887     0.5332     0.4996     0.4439     0.4434     0.0631
1201.0945     0.6661     0.152     0.490     0.0391     0.6661     0.6026     0.6184     0.6471     0.6463     0.0657
1201.1479     0.5495     0.143     0.490     0.0390     0.5495     0.6026     0.6184     0.6471     0.6463     0.0657
1201.2014     0.4525     0.132     0.490     0.0390     0.4525     0.6026     0.6184     0.6471     0.6463     0.0657
1201.2549     0.7464     0.160     0.490     0.0389     0.7464     0.6026     0.6184     0.6471     0.6463     0.0657
1201.3083     0.5986     0.147     0.490     0.0388     0.5986     0.6026     0.6184     0.6471     0.6463     0.0657
1201.3617     0.8234     0.167     0.490     0.0388     0.8234     0.6341     0.6184     0.6471     0.6463     0.0671
1201.4152     0.4721     0.135     0.490     0.0387     0.4721     0.6341     0.6184     0.6471     0.6463     0.0671
1201.4686     0.5405     0.144     0.491     0.0387     0.5405     0.6341     0.6184     0.6471     0.6463     0.0671
1201.5221     0.6282     0.149     0.491     0.0386     0.6282     0.6341     0.6184     0.6471     0.6463     0.0671
1201.5756     0.7064     0.154     0.491     0.0385     0.7064     0.6341     0.6184     0.6471     0.6463     0.0671
1201.6289     0.8492     0.168     0.491     0.0385     0.8492     0.7047     0.6743     0.6471     0.6463     0.0699
1201.6824     0.4185     0.128     0.491     0.0384     0.4185     0.7047     0.6743     0.6471     0.6463     0.0699
1201.7358     0.6862     0.154     0.491     0.0383     0.6862     0.7047     0.6743     0.6471     0.6463     0.0699
1201.7893     0.7689     0.163     0.491     0.0383     0.7689     0.7047     0.6743     0.6471     0.6463     0.0699
1201.8427     0.8008     0.164     0.491     0.0382     0.8008     0.7047     0.6743     0.6471     0.6463     0.0699
1201.8961     0.7932     0.159     0.492     0.0381     0.7932     0.6440     0.6743     0.5738     0.6463     0.0664
1201.9496     0.5293     0.138     0.492     0.0381     0.5293     0.6440     0.6743     0.5738     0.6463     0.0664
1202.0031     0.7648     0.159     0.492     0.0380     0.7648     0.6440     0.6743     0.5738     0.6463     0.0664
1202.0564     0.7504     0.159     0.492     0.0379     0.7504     0.6440     0.6743     0.5738     0.6463     0.0664
1202.1099     0.3821     0.123     0.492     0.0379     0.3821     0.6440     0.6743     0.5738     0.6463     0.0664
1202.1633     0.4035     0.127     0.492     0.0378     0.4035     0.6525     0.5387     0.5738     0.4009     0.0670
1202.2168     0.7553     0.160     0.492     0.0377     0.7553     0.6525     0.5387     0.5738     0.4009     0.0670
1202.2701     0.6417     0.149     0.493     0.0377     0.6417     0.6525     0.5387     0.5738     0.4009     0.0670
1202.3236     0.6304     0.145     0.493     0.0376     0.6304     0.6525     0.5387     0.5738     0.4009     0.0670
1202.3771     0.8316     0.165     0.493     0.0375     0.8316     0.6525     0.5387     0.5738     0.4009     0.0670
1202.4305     0.4805     0.133     0.493     0.0375     0.4805     0.4248     0.5387     0.5738     0.4009     0.0570
1202.4839     0.4579     0.131     0.493     0.0374     0.4579     0.4248     0.5387     0.5738     0.4009     0.0570
1202.5375     0.3986     0.126     0.493     0.0374     0.3986     0.4248     0.5387     0.5738     0.4009     0.0570
1202.5909     0.4469     0.130     0.493     0.0373     0.4469     0.4248     0.5387     0.5738     0.4009     0.0570
1202.6444     0.3402     0.118     0.493     0.0372     0.3402     0.4248     0.5387     0.5738     0.4009     0.0570
1202.6978     0.2507     0.109     0.494     0.0372     0.2507     0.2069     0.2632     0.3490     0.4009     0.0460
1202.7511     0.3387     0.118     0.494     0.0371     0.3387     0.2069     0.2632     0.3490     0.4009     0.0460
1202.8046     0.1048     0.088     0.494     0.0370     0.1048     0.2069     0.2632     0.3490     0.4009     0.0460
1202.8580     0.1811     0.099     0.494     0.0370     0.1811     0.2069     0.2632     0.3490     0.4009     0.0460
1202.9114     0.1591     0.098     0.494     0.0369     0.1591     0.2069     0.2632     0.3490     0.4009     0.0460
1202.9648     0.2410     0.106     0.494     0.0368     0.2410     0.3194     0.2632     0.3490     0.4009     0.0518
1203.0183     0.1525     0.095     0.494     0.0368     0.1525     0.3194     0.2632     0.3490     0.4009     0.0518
1203.0717     0.2271     0.105     0.494     0.0367     0.2271     0.3194     0.2632     0.3490     0.4009     0.0518
1203.1251     0.3799     0.122     0.495     0.0366     0.3799     0.3194     0.2632     0.3490     0.4009     0.0518
1203.1786     0.5966     0.144     0.495     0.0366     0.5966     0.3194     0.2632     0.3490     0.4009     0.0518
1203.2319     0.6675     0.153     0.495     0.0365     0.6675     0.5208     0.3920     0.3490     0.4557     0.0611
1203.2854     0.5532     0.140     0.495     0.0364     0.5532     0.5208     0.3920     0.3490     0.4557     0.0611
1203.3389     0.5490     0.139     0.495     0.0364     0.5490     0.5208     0.3920     0.3490     0.4557     0.0611
1203.3923     0.4517     0.129     0.495     0.0363     0.4517     0.5208     0.3920     0.3490     0.4557     0.0611
1203.4457     0.3824     0.121     0.495     0.0363     0.3824     0.5208     0.3920     0.3490     0.4557     0.0611
1203.4991     0.4243     0.127     0.495     0.0362     0.4243     0.2631     0.3920     0.4341     0.4557     0.0483
1203.5526     0.2353     0.103     0.496     0.0361     0.2353     0.2631     0.3920     0.4341     0.4557     0.0483
1203.6060     0.0942     0.085     0.496     0.0361     0.0942     0.2631     0.3920     0.4341     0.4557     0.0483
1203.6594     0.2224     0.103     0.496     0.0360     0.2224     0.2631     0.3920     0.4341     0.4557     0.0483
1203.7129     0.3395     0.116     0.496     0.0359     0.3395     0.2631     0.3920     0.4341     0.4557     0.0483
1203.7662     0.2535     0.106     0.496     0.0359     0.2535     0.4838     0.5195     0.4341     0.4557     0.0589
1203.8197     0.3962     0.124     0.496     0.0358     0.3962     0.4838     0.5195     0.4341     0.4557     0.0589
1203.8732     0.4943     0.132     0.496     0.0357     0.4943     0.4838     0.5195     0.4341     0.4557     0.0589
1203.9265     0.6861     0.152     0.496     0.0357     0.6861     0.4838     0.5195     0.4341     0.4557     0.0589
1203.9800     0.5889     0.140     0.497     0.0356     0.5889     0.4838     0.5195     0.4341     0.4557     0.0589
1204.0334     0.5812     0.145     0.497     0.0355     0.5812     0.5553     0.5195     0.4341     0.4557     0.0622
1204.0868     0.5563     0.138     0.497     0.0355     0.5563     0.5553     0.5195     0.4341     0.4557     0.0622
1204.1403     0.4163     0.125     0.497     0.0354     0.4163     0.5553     0.5195     0.4341     0.4557     0.0622
1204.1937     0.5545     0.138     0.497     0.0353     0.5545     0.5553     0.5195     0.4341     0.4557     0.0622
1204.2471     0.6680     0.148     0.497     0.0353     0.6680     0.5553     0.5195     0.4341     0.4557     0.0622
1204.3005     0.7780     0.155     0.497     0.0352     0.7780     0.7044     0.7403     0.7269     0.7126     0.0674
1204.3539     0.7790     0.159     0.498     0.0351     0.7790     0.7044     0.7403     0.7269     0.7126     0.0674
1204.4073     0.6794     0.148     0.498     0.0351     0.6794     0.7044     0.7403     0.7269     0.7126     0.0674
1204.4608     0.6044     0.144     0.498     0.0350     0.6044     0.7044     0.7403     0.7269     0.7126     0.0674
1204.5142     0.6814     0.148     0.498     0.0350     0.6814     0.7044     0.7403     0.7269     0.7126     0.0674
1204.5676     0.6308     0.146     0.498     0.0349     0.6308     0.7762     0.7403     0.7269     0.7126     0.0699
1204.6211     0.9123     0.167     0.498     0.0348     0.9123     0.7762     0.7403     0.7269     0.7126     0.0699
1204.6746     0.7364     0.152     0.498     0.0348     0.7364     0.7762     0.7403     0.7269     0.7126     0.0699
1204.7280     0.9714     0.169     0.498     0.0347     0.9714     0.7762     0.7403     0.7269     0.7126     0.0699
1204.7815     0.6303     0.146     0.499     0.0346     0.6303     0.7762     0.7403     0.7269     0.7126     0.0699
1204.8348     0.5370     0.137     0.499     0.0346     0.5370     0.7000     0.6849     0.7269     0.7126     0.0674
1204.8883     0.8840     0.166     0.499     0.0345     0.8840     0.7000     0.6849     0.7269     0.7126     0.0674
1204.9415     0.7613     0.155     0.499     0.0344     0.7613     0.7000     0.6849     0.7269     0.7126     0.0674
1204.9950     0.7821     0.158     0.499     0.0344     0.7821     0.7000     0.6849     0.7269     0.7126     0.0674
1205.0485     0.5359     0.135     0.499     0.0343     0.5359     0.7000     0.6849     0.7269     0.7126     0.0674
1205.1018     0.7112     0.153     0.499     0.0342     0.7112     0.6697     0.6849     0.6538     0.7126     0.0661
1205.1553     0.8371     0.161     0.499     0.0342     0.8371     0.6697     0.6849     0.6538     0.7126     0.0661
1205.2086     0.4564     0.127     0.500     0.0341     0.4564     0.6697     0.6849     0.6538     0.7126     0.0661
1205.2621     0.7812     0.158     0.500     0.0340     0.7812     0.6697     0.6849     0.6538     0.7126     0.0661
1205.3156     0.5627     0.138     0.500     0.0340     0.5627     0.6697     0.6849     0.6538     0.7126     0.0661
1205.3689     0.6939     0.149     0.500     0.0339     0.6939     0.6193     0.6458     0.6538     0.5924     0.0640
1205.4224     0.6416     0.147     0.500     0.0339     0.6416     0.6193     0.6458     0.6538     0.5924     0.0640
1205.4757     0.5888     0.139     0.500     0.0338     0.5888     0.6193     0.6458     0.6538     0.5924     0.0640
1205.5292     0.6181     0.142     0.500     0.0337     0.6181     0.6193     0.6458     0.6538     0.5924     0.0640
1205.5825     0.5542     0.138     0.500     0.0337     0.5542     0.6193     0.6458     0.6538     0.5924     0.0640
1205.6360     0.5843     0.137     0.501     0.0336     0.5843     0.6722     0.6458     0.6538     0.5924     0.0658
1205.6895     0.6324     0.145     0.501     0.0335     0.6324     0.6722     0.6458     0.6538     0.5924     0.0658
1205.7428     0.5156     0.134     0.501     0.0335     0.5156     0.6722     0.6458     0.6538     0.5924     0.0658
1205.7963     1.1115     0.181     0.501     0.0334     1.1115     0.6722     0.6458     0.6538     0.5924     0.0658
1205.8496     0.5172     0.134     0.501     0.0333     0.5172     0.6722     0.6458     0.6538     0.5924     0.0658
1205.9031     0.5745     0.138     0.501     0.0333     0.5745     0.6919     0.5390     0.3986     0.5924     0.0657
1205.9564     0.7945     0.155     0.501     0.0332     0.7945     0.6919     0.5390     0.3986     0.5924     0.0657
1206.0099     0.6446     0.142     0.501     0.0331     0.6446     0.6919     0.5390     0.3986     0.5924     0.0657
1206.0632     0.8464     0.159     0.502     0.0331     0.8464     0.6919     0.5390     0.3986     0.5924     0.0657
1206.1167     0.5993     0.138     0.502     0.0330     0.5993     0.6919     0.5390     0.3986     0.5924     0.0657
1206.1702     0.4612     0.126     0.502     0.0329     0.4612     0.3860     0.5390     0.3986     0.5924     0.0531
1206.2235     0.6193     0.141     0.502     0.0329     0.6193     0.3860     0.5390     0.3986     0.5924     0.0531
1206.2770     0.4896     0.129     0.502     0.0328     0.4896     0.3860     0.5390     0.3986     0.5924     0.0531
1206.3303     0.2420     0.103     0.502     0.0328     0.2420     0.3860     0.5390     0.3986     0.5924     0.0531
1206.3838     0.1180     0.087     0.502     0.0327     0.1180     0.3860     0.5390     0.3986     0.5924     0.0531
1206.4371     0.2458     0.103     0.503     0.0326     0.2458     0.1178     0.2803     0.3986     0.4995     0.0386
1206.4906     0.0741     0.080     0.503     0.0326     0.0741     0.1178     0.2803     0.3986     0.4995     0.0386
1206.5439    -0.0106     0.066     0.503     0.0325    -0.0106     0.1178     0.2803     0.3986     0.4995     0.0386
1206.5974     0.0988     0.084     0.503     0.0324     0.0988     0.1178     0.2803     0.3986     0.4995     0.0386
1206.6508     0.1806     0.095     0.503     0.0324     0.1806     0.1178     0.2803     0.3986     0.4995     0.0386
1206.7042     0.1256     0.087     0.503     0.0323     0.1256     0.4428     0.2803     0.6268     0.4995     0.0552
1206.7576     0.3978     0.120     0.503     0.0322     0.3978     0.4428     0.2803     0.6268     0.4995     0.0552
1206.8112     0.6989     0.146     0.503     0.0322     0.6989     0.4428     0.2803     0.6268     0.4995     0.0552
1206.8645     0.4916     0.128     0.504     0.0321     0.4916     0.4428     0.2803     0.6268     0.4995     0.0552
1206.9180     0.5000     0.130     0.504     0.0320     0.5000     0.4428     0.2803     0.6268     0.4995     0.0552
1206.9713     0.8033     0.153     0.504     0.0320     0.8033     0.7575     0.7188     0.6268     0.4995     0.0676
1207.0248     0.8082     0.157     0.504     0.0319     0.8082     0.7575     0.7188     0.6268     0.4995     0.0676
1207.0780     0.6358     0.143     0.504     0.0318     0.6358     0.7575     0.7188     0.6268     0.4995     0.0676
1207.1315     0.6197     0.140     0.504     0.0318     0.6197     0.7575     0.7188     0.6268     0.4995     0.0676
1207.1848     0.9205     0.161     0.504     0.0317     0.9205     0.7575     0.7188     0.6268     0.4995     0.0676
1207.2383     0.7654     0.153     0.504     0.0317     0.7654     0.6800     0.7188     0.6268     0.4995     0.0646
1207.2916     0.7106     0.145     0.505     0.0316     0.7106     0.6800     0.7188     0.6268     0.4995     0.0646
1207.3451     0.7767     0.152     0.505     0.0315     0.7767     0.6800     0.7188     0.6268     0.4995     0.0646
1207.3984     0.4341     0.122     0.505     0.0315     0.4341     0.6800     0.7188     0.6268     0.4995     0.0646
1207.4519     0.7134     0.148     0.505     0.0314     0.7134     0.6800     0.7188     0.6268     0.4995     0.0646
1207.5052     0.6117     0.137     0.505     0.0313     0.6117     0.6167     0.6788     0.6594     0.6646     0.0622
1207.5587     0.8279     0.158     0.505     0.0313     0.8279     0.6167     0.6788     0.6594     0.6646     0.0622
1207.6121     1.0152     0.169     0.505     0.0312     1.0152     0.6167     0.6788     0.6594     0.6646     0.0622
1207.6655     0.4372     0.124     0.505     0.0311     0.4372     0.6167     0.6788     0.6594     0.6646     0.0622
1207.7189     0.1916     0.094     0.506     0.0311     0.1916     0.6167     0.6788     0.6594     0.6646     0.0622
1207.7722     0.5915     0.138     0.506     0.0310     0.5915     0.7409     0.6788     0.6594     0.6646     0.0666
1207.8257     0.8818     0.159     0.506     0.0309     0.8818     0.7409     0.6788     0.6594     0.6646     0.0666
1207.8790     0.7341     0.148     0.506     0.0309     0.7341     0.7409     0.6788     0.6594     0.6646     0.0666
1207.9325     0.7953     0.153     0.506     0.0308     0.7953     0.7409     0.6788     0.6594     0.6646     0.0666
1207.9858     0.7016     0.146     0.506     0.0308     0.7016     0.7409     0.6788     0.6594     0.6646     0.0666
1208.0393     0.5868     0.134     0.506     0.0307     0.5868     0.6205     0.6503     0.6594     0.6646     0.0615
1208.0927     0.6267     0.140     0.506     0.0306     0.6267     0.6205     0.6503     0.6594     0.6646     0.0615
1208.1461     0.5657     0.131     0.507     0.0306     0.5657     0.6205     0.6503     0.6594     0.6646     0.0615
1208.1995     0.6866     0.144     0.507     0.0305     0.6866     0.6205     0.6503     0.6594     0.6646     0.0615
1208.2528     0.6368     0.139     0.507     0.0304     0.6368     0.6205     0.6503     0.6594     0.6646     0.0615
1208.3063     0.6154     0.139     0.507     0.0304     0.6154     0.6801     0.6503     0.6435     0.6646     0.0643
1208.3596     0.5048     0.128     0.507     0.0303     0.5048     0.6801     0.6503     0.6435     0.6646     0.0643
1208.4131     0.7613     0.151     0.507     0.0302     0.7613     0.6801     0.6503     0.6435     0.6646     0.0643
1208.4664     0.8469     0.156     0.507     0.0302     0.8469     0.6801     0.6503     0.6435     0.6646     0.0643
1208.5199     0.6722     0.144     0.508     0.0301     0.6722     0.6801     0.6503     0.6435     0.6646     0.0643
1208.5732     0.6408     0.139     0.508     0.0300     0.6408     0.6054     0.6252     0.6435     0.5509     0.0608
1208.6266     0.7033     0.144     0.508     0.0300     0.7033     0.6054     0.6252     0.6435     0.5509     0.0608
1208.6801     0.4791     0.125     0.508     0.0299     0.4791     0.6054     0.6252     0.6435     0.5509     0.0608
1208.7334     0.5089     0.127     0.508     0.0298     0.5089     0.6054     0.6252     0.6435     0.5509     0.0608
1208.7869     0.6949     0.143     0.508     0.0298     0.6949     0.6054     0.6252     0.6435     0.5509     0.0608
1208.8402     0.7954     0.149     0.508     0.0297     0.7954     0.6449     0.6252     0.6435     0.5509     0.0622
1208.8936     0.5082     0.127     0.508     0.0297     0.5082     0.6449     0.6252     0.6435     0.5509     0.0622
1208.9471     0.5800     0.134     0.509     0.0296     0.5800     0.6449     0.6252     0.6435     0.5509     0.0622
1209.0005     0.4864     0.126     0.509     0.0295     0.4864     0.6449     0.6252     0.6435     0.5509     0.0622
1209.0540     0.8545     0.158     0.509     0.0295     0.8545     0.6449     0.6252     0.6435     0.5509     0.0622
1209.1073     0.6224     0.138     0.509     0.0294     0.6224     0.6037     0.4767     0.4544     0.5509     0.0607
1209.1606     0.5224     0.127     0.509     0.0293     0.5224     0.6037     0.4767     0.4544     0.5509     0.0607
1209.2140     0.5390     0.130     0.509     0.0293     0.5390     0.6037     0.4767     0.4544     0.5509     0.0607
1209.2673     0.6261     0.137     0.509     0.0292     0.6261     0.6037     0.4767     0.4544     0.5509     0.0607
1209.3207     0.7086     0.146     0.509     0.0291     0.7086     0.6037     0.4767     0.4544     0.5509     0.0607
1209.3741     0.4146     0.118     0.510     0.0291     0.4146     0.3497     0.4767     0.4544     0.5509     0.0496
1209.4275     0.3512     0.112     0.510     0.0290     0.3512     0.3497     0.4767     0.4544     0.5509     0.0496
1209.4810     0.4638     0.122     0.510     0.0289     0.4638     0.3497     0.4767     0.4544     0.5509     0.0496
1209.5343     0.1637     0.090     0.510     0.0289     0.1637     0.3497     0.4767     0.4544     0.5509     0.0496
1209.5876     0.3555     0.110     0.510     0.0288     0.3555     0.3497     0.4767     0.4544     0.5509     0.0496
1209.6411     0.3652     0.112     0.510     0.0288     0.3652     0.4098     0.5490     0.4544     0.6562     0.0524
1209.6945     0.6011     0.133     0.510     0.0287     0.6011     0.4098     0.5490     0.4544     0.6562     0.0524
1209.7478     0.4220     0.119     0.510     0.0286     0.4220     0.4098     0.5490     0.4544     0.6562     0.0524
1209.8013     0.2750     0.103     0.511     0.0286     0.2750     0.4098     0.5490     0.4544     0.6562     0.0524
1209.8546     0.3859     0.116     0.511     0.0285     0.3859     0.4098     0.5490     0.4544     0.6562     0.0524
1209.9080     0.5379     0.129     0.511     0.0284     0.5379     0.6882     0.5490     0.7383     0.6562     0.0633
1209.9614     0.6017     0.135     0.511     0.0284     0.6017     0.6882     0.5490     0.7383     0.6562     0.0633
1210.0148     0.8994     0.157     0.511     0.0283     0.8994     0.6882     0.5490     0.7383     0.6562     0.0633
1210.0681     0.7166     0.144     0.511     0.0282     0.7166     0.6882     0.5490     0.7383     0.6562     0.0633
1210.1216     0.6852     0.142     0.511     0.0282     0.6852     0.6882     0.5490     0.7383     0.6562     0.0633
1210.1749     0.7761     0.150     0.511     0.0281     0.7761     0.7894     0.7634     0.7383     0.6562     0.0668
1210.2283     0.8638     0.156     0.512     0.0280     0.8638     0.7894     0.7634     0.7383     0.6562     0.0668
1210.2817     0.7550     0.146     0.512     0.0280     0.7550     0.7894     0.7634     0.7383     0.6562     0.0668
1210.3351     0.7475     0.146     0.512     0.0279     0.7475     0.7894     0.7634     0.7383     0.6562     0.0668
1210.3884     0.8045     0.149     0.512     0.0279     0.8045     0.7894     0.7634     0.7383     0.6562     0.0668
1210.4419     0.6167     0.136     0.512     0.0278     0.6167     0.7374     0.7634     0.7383     0.6562     0.0648
1210.4952     0.8103     0.152     0.512     0.0277     0.8103     0.7374     0.7634     0.7383     0.6562     0.0648
1210.5486     0.5369     0.128     0.512     0.0277     0.5369     0.7374     0.7634     0.7383     0.6562     0.0648
1210.6021     0.9539     0.160     0.513     0.0276     0.9539     0.7374     0.7634     0.7383     0.6562     0.0648
1210.6554     0.7692     0.148     0.513     0.0275     0.7692     0.7374     0.7634     0.7383     0.6562     0.0648
1210.7087     0.7746     0.146     0.513     0.0275     0.7746     0.7620     0.7753     0.7632     0.7027     0.0649
1210.7621     0.6833     0.139     0.513     0.0274     0.6833     0.7620     0.7753     0.7632     0.7027     0.0649
1210.8156     0.7500     0.145     0.513     0.0273     0.7500     0.7620     0.7753     0.7632     0.7027     0.0649
1210.8689     1.0213     0.165     0.513     0.0273     1.0213     0.7620     0.7753     0.7632     0.7027     0.0649
1210.9222     0.5808     0.129     0.513     0.0272     0.5808     0.7620     0.7753     0.7632     0.7027     0.0649
1210.9757     1.0221     0.165     0.513     0.0271     1.0221     0.7887     0.7753     0.7632     0.7027     0.0661
1211.0291     0.7671     0.146     0.514     0.0271     0.7671     0.7887     0.7753     0.7632     0.7027     0.0661
1211.0825     0.6603     0.138     0.514     0.0270     0.6603     0.7887     0.7753     0.7632     0.7027     0.0661
1211.1359     0.7177     0.139     0.514     0.0270     0.7177     0.7887     0.7753     0.7632     0.7027     0.0661
1211.1893     0.7762     0.149     0.514     0.0269     0.7762     0.7887     0.7753     0.7632     0.7027     0.0661
1211.2427     0.7213     0.140     0.514     0.0268     0.7213     0.7388     0.6301     0.7632     0.7027     0.0638
1211.2960     0.7377     0.144     0.514     0.0268     0.7377     0.7388     0.6301     0.7632     0.7027     0.0638
1211.3495     0.7409     0.143     0.514     0.0267     0.7409     0.7388     0.6301     0.7632     0.7027     0.0638
1211.4027     0.7573     0.145     0.514     0.0266     0.7573     0.7388     0.6301     0.7632     0.7027     0.0638
1211.4561     0.7369     0.142     0.515     0.0266     0.7369     0.7388     0.6301     0.7632     0.7027     0.0638
1211.5094     0.4505     0.117     0.515     0.0265     0.4505     0.5214     0.6301     0.4954     0.7027     0.0557
1211.5629     0.4896     0.120     0.515     0.0264     0.4896     0.5214     0.6301     0.4954     0.7027     0.0557
1211.6162     0.6720     0.139     0.515     0.0264     0.6720     0.5214     0.6301     0.4954     0.7027     0.0557
1211.6696     0.3910     0.112     0.515     0.0263     0.3910     0.5214     0.6301     0.4954     0.7027     0.0557
1211.7229     0.6040     0.133     0.515     0.0262     0.6040     0.5214     0.6301     0.4954     0.7027     0.0557
1211.7764     0.6566     0.135     0.515     0.0262     0.6566     0.5519     0.4823     0.4954     0.4510     0.0564
1211.8297     0.6649     0.136     0.515     0.0261     0.6649     0.5519     0.4823     0.4954     0.4510     0.0564
1211.8831     0.5789     0.128     0.516     0.0261     0.5789     0.5519     0.4823     0.4954     0.4510     0.0564
1211.9364     0.5059     0.123     0.516     0.0260     0.5059     0.5519     0.4823     0.4954     0.4510     0.0564
1211.9899     0.3530     0.108     0.516     0.0259     0.3530     0.5519     0.4823     0.4954     0.4510     0.0564
1212.0432     0.5191     0.124     0.516     0.0259     0.5191     0.4128     0.4823     0.4954     0.4510     0.0508
1212.0966     0.4460     0.118     0.516     0.0258     0.4460     0.4128     0.4823     0.4954     0.4510     0.0508
1212.1499     0.5013     0.121     0.516     0.0257     0.5013     0.4128     0.4823     0.4954     0.4510     0.0508
1212.2032     0.4080     0.112     0.516     0.0257     0.4080     0.4128     0.4823     0.4954     0.4510     0.0508
1212.2567     0.1897     0.088     0.516     0.0256     0.1897     0.4128     0.4823     0.4954     0.4510     0.0508
1212.3101     0.0525     0.069     0.517     0.0255     0.0525     0.3358     0.4196     0.4448     0.4510     0.0470
1212.3634     0.2974     0.101     0.517     0.0255     0.2974     0.3358     0.4196     0.4448     0.4510     0.0470
1212.4167     0.4675     0.118     0.517     0.0254     0.4675     0.3358     0.4196     0.4448     0.4510     0.0470
1212.4701     0.2971     0.100     0.517     0.0254     0.2971     0.3358     0.4196     0.4448     0.4510     0.0470
1212.5236     0.5647     0.127     0.517     0.0253     0.5647     0.3358     0.4196     0.4448     0.4510     0.0470
1212.5769     0.6063     0.132     0.517     0.0252     0.6063     0.5033     0.4196     0.4448     0.4510     0.0544
1212.6302     0.5437     0.125     0.517     0.0252     0.5437     0.5033     0.4196     0.4448     0.4510     0.0544
1212.6836     0.3908     0.112     0.518     0.0251     0.3908     0.5033     0.4196     0.4448     0.4510     0.0544
1212.7369     0.5101     0.121     0.518     0.0250     0.5101     0.5033     0.4196     0.4448     0.4510     0.0544
1212.7904     0.4658     0.117     0.518     0.0250     0.4658     0.5033     0.4196     0.4448     0.4510     0.0544
1212.8438     0.5442     0.124     0.518     0.0249     0.5442     0.4953     0.5415     0.4448     0.4533     0.0537
1212.8971     0.4378     0.113     0.518     0.0248     0.4378     0.4953     0.5415     0.4448     0.4533     0.0537
1212.9504     0.5475     0.127     0.518     0.0248     0.5475     0.4953     0.5415     0.4448     0.4533     0.0537
1213.0038     0.5093     0.121     0.518     0.0247     0.5093     0.4953     0.5415     0.4448     0.4533     0.0537
1213.0573     0.4377     0.114     0.518     0.0247     0.4377     0.4953     0.5415     0.4448     0.4533     0.0537
1213.1106     0.5842     0.127     0.519     0.0246     0.5842     0.5877     0.5415     0.4393     0.4533     0.0572
1213.1639     0.9044     0.155     0.519     0.0245     0.9044     0.5877     0.5415     0.4393     0.4533     0.0572
1213.2174     0.6520     0.131     0.519     0.0245     0.6520     0.5877     0.5415     0.4393     0.4533     0.0572
1213.2708     0.4311     0.114     0.519     0.0244     0.4311     0.5877     0.5415     0.4393     0.4533     0.0572
1213.3241     0.3669     0.107     0.519     0.0243     0.3669     0.5877     0.5415     0.4393     0.4533     0.0572
1213.3776     0.5509     0.124     0.519     0.0243     0.5509     0.4478     0.3651     0.4393     0.4533     0.0516
1213.4309     0.4494     0.117     0.519     0.0242     0.4494     0.4478     0.3651     0.4393     0.4533     0.0516
1213.4843     0.4570     0.116     0.519     0.0241     0.4570     0.4478     0.3651     0.4393     0.4533     0.0516
1213.5375     0.3392     0.103     0.520     0.0241     0.3392     0.4478     0.3651     0.4393     0.4533     0.0516
1213.5908     0.4424     0.116     0.520     0.0240     0.4424     0.4478     0.3651     0.4393     0.4533     0.0516
1213.6442     0.3257     0.103     0.520     0.0240     0.3257     0.2825     0.3651     0.4393     0.4533     0.0439
1213.6975     0.4359     0.113     0.520     0.0239     0.4359     0.2825     0.3651     0.4393     0.4533     0.0439
1213.7510     0.2008     0.089     0.520     0.0238     0.2008     0.2825     0.3651     0.4393     0.4533     0.0439
1213.8043     0.1795     0.086     0.520     0.0238     0.1795     0.2825     0.3651     0.4393     0.4533     0.0439
1213.8577     0.2704     0.097     0.520     0.0237     0.2704     0.2825     0.3651     0.4393     0.4533     0.0439
1213.9110     0.4370     0.115     0.520     0.0236     0.4370     0.3224     0.2846     0.2414     0.2227     0.0457
1213.9644     0.1843     0.086     0.521     0.0236     0.1843     0.3224     0.2846     0.2414     0.2227     0.0457
1214.0177     0.4579     0.115     0.521     0.0235     0.4579     0.3224     0.2846     0.2414     0.2227     0.0457
1214.0710     0.2911     0.099     0.521     0.0234     0.2911     0.3224     0.2846     0.2414     0.2227     0.0457
1214.1244     0.2416     0.093     0.521     0.0234     0.2416     0.3224     0.2846     0.2414     0.2227     0.0457
1214.1779     0.3341     0.102     0.521     0.0233     0.3341     0.2468     0.2846     0.2414     0.2227     0.0418
1214.2312     0.1869     0.086     0.521     0.0232     0.1869     0.2468     0.2846     0.2414     0.2227     0.0418
1214.2845     0.1582     0.084     0.521     0.0232     0.1582     0.2468     0.2846     0.2414     0.2227     0.0418
1214.3379     0.2760     0.095     0.521     0.0231     0.2760     0.2468     0.2846     0.2414     0.2227     0.0418
1214.3912     0.2787     0.098     0.522     0.0231     0.2787     0.2468     0.2846     0.2414     0.2227     0.0418
1214.4446     0.1812     0.085     0.522     0.0230     0.1812     0.1551     0.1608     0.2414     0.2227     0.0366
1214.4979     0.1114     0.077     0.522     0.0229     0.1114     0.1551     0.1608     0.2414     0.2227     0.0366
1214.5513     0.1133     0.075     0.522     0.0229     0.1133     0.1551     0.1608     0.2414     0.2227     0.0366
1214.6046     0.2919     0.099     0.522     0.0228     0.2919     0.1551     0.1608     0.2414     0.2227     0.0366
1214.6580     0.0776     0.071     0.522     0.0227     0.0776     0.1551     0.1608     0.2414     0.2227     0.0366
1214.7114     0.1154     0.076     0.522     0.0227     0.1154     0.1665     0.1608     0.1309     0.2227     0.0376
1214.7648     0.3099     0.099     0.523     0.0226     0.3099     0.1665     0.1608     0.1309     0.2227     0.0376
1214.8181     0.2023     0.089     0.523     0.0226     0.2023     0.1665     0.1608     0.1309     0.2227     0.0376
1214.8715     0.0592     0.067     0.523     0.0225     0.0592     0.1665     0.1608     0.1309     0.2227     0.0376
1214.9248     0.1455     0.085     0.523     0.0224     0.1455     0.1665     0.1608     0.1309     0.2227     0.0376
1214.9781     0.1869     0.088     0.523     0.0224     0.1869     0.1022     0.1131     0.1309     0.0754     0.0390
1215.0315     0.0454     0.066     0.523     0.0223     0.0454     0.1022     0.1131     0.1309     0.0754     0.0390
1215.0848     0.1313     0.078     0.523     0.0222     0.1313     0.1022     0.1131     0.1309     0.0754     0.0390
1215.1382     0.0939     0.095     0.523     0.0222     0.0939     0.1022     0.1131     0.1309     0.0754     0.0390
1215.1915     0.0536     0.104     0.524     0.0221     0.0536     0.1022     0.1131     0.1309     0.0754     0.0390
1215.2449    -0.0650     0.101     0.524     0.0220    -0.0650     0.1240     0.1131     0.1309     0.0754     0.0649
1215.2982    -0.0267     0.116     0.524     0.0220    -0.0267     0.1240     0.1131     0.1309     0.0754     0.0649
1215.3517     0.5442     0.173     0.524     0.0219     0.5442     0.1240     0.1131     0.1309     0.0754     0.0649
1215.4050     0.0683     0.151     0.524     0.0219     0.0683     0.1240     0.1131     0.1309     0.0754     0.0649
1215.4585     0.0991     0.169     0.524     0.0218     0.0991     0.1240     0.1131     0.1309     0.0754     0.0649
1215.5118    -0.2065     0.235     0.524     0.0217    -0.2065     0.0683     0.0378     0.0380     0.0754     0.1974
1215.5652     0.5694     0.388     0.524     0.0217     0.5694     0.0683     0.0378     0.0380     0.0754     0.1974
1215.6185    -0.8296     0.479     0.525     0.0216    -0.8296     0.0683     0.0378     0.0380     0.0754     0.1974
1215.6718     0.7535     0.557     0.525     0.0215     0.7535     0.0683     0.0378     0.0380     0.0754     0.1974
1215.7251     0.0547     0.477     0.525     0.0215     0.0547     0.0683     0.0378     0.0380     0.0754     0.1974
1215.7784     0.0013     0.351     0.525     0.0214     0.0013     0.0073     0.0378     0.0380     0.0754     0.1010
1215.8318     0.1095     0.246     0.525     0.0213     0.1095     0.0073     0.0378     0.0380     0.0754     0.1010
1215.8851    -0.0871     0.189     0.525     0.0213    -0.0871     0.0073     0.0378     0.0380     0.0754     0.1010
1215.9385     0.1377     0.147     0.525     0.0212     0.1377     0.0073     0.0378     0.0380     0.0754     0.1010
1215.9918    -0.1251     0.118     0.525     0.0212    -0.1251     0.0073     0.0378     0.0380     0.0754     0.1010
1216.0452    -0.2236     0.082     0.526     0.0211    -0.2236     0.0384     0.0875     0.0380     0.0800     0.0447
1216.0985    -0.0660     0.101     0.526     0.0210    -0.0660     0.0384     0.0875     0.0380     0.0800     0.0447
1216.1519    -0.0957     0.086     0.526     0.0210    -0.0957     0.0384     0.0875     0.0380     0.0800     0.0447
1216.2052    -0.0932     0.096     0.526     0.0209    -0.0932     0.0384     0.0875     0.0380     0.0800     0.0447
1216.2585     0.6704     0.129     0.526     0.0208     0.6704     0.0384     0.0875     0.0380     0.0800     0.0447
1216.3119     0.3226     0.100     0.526     0.0208     0.3226     0.1367     0.0875     0.0939     0.0800     0.0345
1216.3652     0.1461     0.078     0.526     0.0207     0.1461     0.1367     0.0875     0.0939     0.0800     0.0345
1216.4186     0.1032     0.072     0.526     0.0207     0.1032     0.1367     0.0875     0.0939     0.0800     0.0345
1216.4719     0.0989     0.071     0.527     0.0206     0.0989     0.1367     0.0875     0.0939     0.0800     0.0345
1216.5253     0.0126     0.057     0.527     0.0205     0.0126     0.1367     0.0875     0.0939     0.0800     0.0345
1216.5786     0.2153     0.089     0.527     0.0205     0.2153     0.0622     0.0725     0.0939     0.0800     0.0298
1216.6320     0.0789     0.069     0.527     0.0204     0.0789     0.0622     0.0725     0.0939     0.0800     0.0298
1216.6853     0.0149     0.058     0.527     0.0203     0.0149     0.0622     0.0725     0.0939     0.0800     0.0298
1216.7386    -0.0662     0.041     0.527     0.0203    -0.0662     0.0622     0.0725     0.0939     0.0800     0.0298
1216.7920     0.0682     0.067     0.527     0.0202     0.0682     0.0622     0.0725     0.0939     0.0800     0.0298
1216.8453     0.0279     0.059     0.528     0.0202     0.0279     0.0828     0.0725     0.0939     0.0800     0.0305
1216.8987     0.0226     0.059     0.528     0.0201     0.0226     0.0828     0.0725     0.0939     0.0800     0.0305
1216.9520     0.0744     0.066     0.528     0.0200     0.0744     0.0828     0.0725     0.0939     0.0800     0.0305
1217.0054     0.1779     0.081     0.528     0.0200     0.1779     0.0828     0.0725     0.0939     0.0800     0.0305
1217.0587     0.1110     0.073     0.528     0.0199     0.1110     0.0828     0.0725     0.0939     0.0800     0.0305
1217.1121     0.1351     0.076     0.528     0.0198     0.1351     0.1713     0.2056     0.2563     0.2747     0.0358
1217.1654     0.1034     0.070     0.528     0.0198     0.1034     0.1713     0.2056     0.2563     0.2747     0.0358
1217.2186     0.1384     0.076     0.528     0.0197     0.1384     0.1713     0.2056     0.2563     0.2747     0.0358
1217.2720     0.2590     0.090     0.529     0.0196     0.2590     0.1713     0.2056     0.2563     0.2747     0.0358
1217.3253     0.2209     0.087     0.529     0.0196     0.2209     0.1713     0.2056     0.2563     0.2747     0.0358
1217.3787     0.2131     0.084     0.529     0.0195     0.2131     0.2398     0.2056     0.2563     0.2747     0.0391
1217.4320     0.2010     0.083     0.529     0.0195     0.2010     0.2398     0.2056     0.2563     0.2747     0.0391
1217.4855     0.2810     0.092     0.529     0.0194     0.2810     0.2398     0.2056     0.2563     0.2747     0.0391
1217.5388     0.1907     0.081     0.529     0.0193     0.1907     0.2398     0.2056     0.2563     0.2747     0.0391
1217.5922     0.3133     0.096     0.529     0.0193     0.3133     0.2398     0.2056     0.2563     0.2747     0.0391
1217.6455     0.3920     0.104     0.529     0.0192     0.3920     0.3579     0.3439     0.2563     0.2747     0.0450
1217.6989     0.3269     0.098     0.530     0.0191     0.3269     0.3579     0.3439     0.2563     0.2747     0.0450
1217.7522     0.2885     0.093     0.530     0.0191     0.2885     0.3579     0.3439     0.2563     0.2747     0.0450
1217.8055     0.3637     0.101     0.530     0.0190     0.3637     0.3579     0.3439     0.2563     0.2747     0.0450
1217.8588     0.4182     0.106     0.530     0.0190     0.4182     0.3579     0.3439     0.2563     0.2747     0.0450
1217.9121     0.3653     0.103     0.530     0.0189     0.3653     0.3299     0.3439     0.3962     0.2747     0.0438
1217.9655     0.1532     0.076     0.530     0.0188     0.1532     0.3299     0.3439     0.3962     0.2747     0.0438
1218.0187     0.3848     0.104     0.530     0.0188     0.3848     0.3299     0.3439     0.3962     0.2747     0.0438
1218.0720     0.3643     0.100     0.530     0.0187     0.3643     0.3299     0.3439     0.3962     0.2747     0.0438
1218.1254     0.3818     0.104     0.531     0.0186     0.3818     0.3299     0.3439     0.3962     0.2747     0.0438
1218.1787     0.2910     0.092     0.531     0.0186     0.2910     0.4724     0.4293     0.3962     0.3073     0.0496
1218.2321     0.5751     0.120     0.531     0.0185     0.5751     0.4724     0.4293     0.3962     0.3073     0.0496
1218.2854     0.5267     0.115     0.531     0.0185     0.5267     0.4724     0.4293     0.3962     0.3073     0.0496
1218.3387     0.4464     0.109     0.531     0.0184     0.4464     0.4724     0.4293     0.3962     0.3073     0.0496
1218.3921     0.5227     0.116     0.531     0.0183     0.5227     0.4724     0.4293     0.3962     0.3073     0.0496
1218.4454     0.4061     0.108     0.531     0.0183     0.4061     0.3863     0.4293     0.3962     0.3073     0.0463
1218.4988     0.4830     0.112     0.531     0.0182     0.4830     0.3863     0.4293     0.3962     0.3073     0.0463
1218.5520     0.2083     0.085     0.532     0.0181     0.2083     0.3863     0.4293     0.3962     0.3073     0.0463
1218.6053     0.4440     0.108     0.532     0.0181     0.4440     0.3863     0.4293     0.3962     0.3073     0.0463
1218.6587     0.3900     0.102     0.532     0.0180     0.3900     0.3863     0.4293     0.3962     0.3073     0.0463
1218.7120     0.2911     0.092     0.532     0.0180     0.2911     0.1961     0.1852     0.2886     0.3073     0.0363
1218.7654     0.2003     0.082     0.532     0.0179     0.2003     0.1961     0.1852     0.2886     0.3073     0.0363
1218.8187     0.2566     0.088     0.532     0.0178     0.2566     0.1961     0.1852     0.2886     0.3073     0.0363
1218.8721     0.0891     0.067     0.532     0.0178     0.0891     0.1961     0.1852     0.2886     0.3073     0.0363
1218.9254     0.1432     0.075     0.532     0.0177     0.1432     0.1961     0.1852     0.2886     0.3073     0.0363
1218.9786     0.0460     0.060     0.533     0.0177     0.0460     0.1744     0.1852     0.2886     0.3073     0.0350
1219.0320     0.0330     0.058     0.533     0.0176     0.0330     0.1744     0.1852     0.2886     0.3073     0.0350
1219.0853     0.2208     0.084     0.533     0.0175     0.2208     0.1744     0.1852     0.2886     0.3073     0.0350
1219.1387     0.1552     0.077     0.533     0.0175     0.1552     0.1744     0.1852     0.2886     0.3073     0.0350
1219.1920     0.4171     0.104     0.533     0.0174     0.4171     0.1744     0.1852     0.2886     0.3073     0.0350
1219.2454     0.4012     0.102     0.533     0.0173     0.4012     0.4954     0.4983     0.2886     0.4921     0.0501
1219.2986     0.4270     0.106     0.533     0.0173     0.4270     0.4954     0.4983     0.2886     0.4921     0.0501
1219.3519     0.4736     0.111     0.534     0.0172     0.4736     0.4954     0.4983     0.2886     0.4921     0.0501
1219.4053     0.6575     0.126     0.534     0.0172     0.6575     0.4954     0.4983     0.2886     0.4921     0.0501
1219.4586     0.5175     0.113     0.534     0.0171     0.5175     0.4954     0.4983     0.2886     0.4921     0.0501
1219.5120     0.4602     0.108     0.534     0.0170     0.4602     0.5012     0.4983     0.4910     0.4921     0.0497
1219.5653     0.4436     0.106     0.534     0.0170     0.4436     0.5012     0.4983     0.4910     0.4921     0.0497
1219.6187     0.4449     0.107     0.534     0.0169     0.4449     0.5012     0.4983     0.4910     0.4921     0.0497
1219.6720     0.4983     0.111     0.534     0.0168     0.4983     0.5012     0.4983     0.4910     0.4921     0.0497
1219.7253     0.6588     0.124     0.534     0.0168     0.6588     0.5012     0.4983     0.4910     0.4921     0.0497
1219.7787     0.5291     0.114     0.535     0.0167     0.5291     0.4682     0.4859     0.4910     0.4921     0.0484
1219.8320     0.5091     0.112     0.535     0.0167     0.5091     0.4682     0.4859     0.4910     0.4921     0.0484
1219.8854     0.4132     0.102     0.535     0.0166     0.4132     0.4682     0.4859     0.4910     0.4921     0.0484
1219.9386     0.4511     0.107     0.535     0.0165     0.4511     0.4682     0.4859     0.4910     0.4921     0.0484
1219.9918     0.4386     0.106     0.535     0.0165     0.4386     0.4682     0.4859     0.4910     0.4921     0.0484
1220.0452     0.4118     0.101     0.535     0.0164     0.4118     0.5036     0.4859     0.4910     0.4921     0.0495
1220.0985     0.4153     0.103     0.535     0.0164     0.4153     0.5036     0.4859     0.4910     0.4921     0.0495
1220.1519     0.5054     0.111     0.535     0.0163     0.5054     0.5036     0.4859     0.4910     0.4921     0.0495
1220.2051     0.6285     0.122     0.536     0.0162     0.6285     0.5036     0.4859     0.4910     0.4921     0.0495
1220.2584     0.5571     0.115     0.536     0.0162     0.5571     0.5036     0.4859     0.4910     0.4921     0.0495
1220.3118     0.4362     0.106     0.536     0.0161     0.4362     0.5150     0.5505     0.5022     0.4164     0.0501
1220.3651     0.5198     0.114     0.536     0.0160     0.5198     0.5150     0.5505     0.5022     0.4164     0.0501
1220.4185     0.4856     0.110     0.536     0.0160     0.4856     0.5150     0.5505     0.5022     0.4164     0.0501
1220.4717     0.6317     0.119     0.536     0.0159     0.6317     0.5150     0.5505     0.5022     0.4164     0.0501
1220.5250     0.5015     0.110     0.536     0.0159     0.5015     0.5150     0.5505     0.5022     0.4164     0.0501
1220.5784     0.6133     0.120     0.536     0.0158     0.6133     0.5860     0.5505     0.5022     0.4164     0.0525
1220.6317     0.9128     0.140     0.537     0.0157     0.9128     0.5860     0.5505     0.5022     0.4164     0.0525
1220.6849     0.4641     0.108     0.537     0.0157     0.4641     0.5860     0.5505     0.5022     0.4164     0.0525
1220.7383     0.4063     0.103     0.537     0.0156     0.4063     0.5860     0.5505     0.5022     0.4164     0.0525
1220.7916     0.5337     0.112     0.537     0.0156     0.5337     0.5860     0.5505     0.5022     0.4164     0.0525
1220.8450     0.4782     0.108     0.537     0.0155     0.4782     0.4056     0.2823     0.5022     0.4164     0.0454
1220.8982     0.4270     0.104     0.537     0.0154     0.4270     0.4056     0.2823     0.5022     0.4164     0.0454
1220.9515     0.3410     0.095     0.537     0.0154     0.3410     0.4056     0.2823     0.5022     0.4164     0.0454
1221.0049     0.4090     0.102     0.537     0.0153     0.4090     0.4056     0.2823     0.5022     0.4164     0.0454
1221.0582     0.3731     0.099     0.538     0.0153     0.3731     0.4056     0.2823     0.5022     0.4164     0.0454
1221.1115     0.1740     0.076     0.538     0.0152     0.1740     0.1590     0.2823     0.3917     0.4164     0.0331
1221.1648     0.1168     0.068     0.538     0.0151     0.1168     0.1590     0.2823     0.3917     0.4164     0.0331
1221.2181     0.0654     0.061     0.538     0.0151     0.0654     0.1590     0.2823     0.3917     0.4164     0.0331
1221.2715     0.1188     0.069     0.538     0.0150     0.1188     0.1590     0.2823     0.3917     0.4164     0.0331
1221.3247     0.3197     0.093     0.538     0.0150     0.3197     0.1590     0.2823     0.3917     0.4164     0.0331
1221.3781     0.4439     0.104     0.538     0.0149     0.4439     0.5432     0.5080     0.3917     0.4823     0.0504
1221.4314     0.5437     0.113     0.539     0.0148     0.5437     0.5432     0.5080     0.3917     0.4823     0.0504
1221.4847     0.3187     0.091     0.539     0.0148     0.3187     0.5432     0.5080     0.3917     0.4823     0.0504
1221.5380     0.6171     0.120     0.539     0.0147     0.6171     0.5432     0.5080     0.3917     0.4823     0.0504
1221.5913     0.7927     0.131     0.539     0.0147     0.7927     0.5432     0.5080     0.3917     0.4823     0.0504
1221.6447     0.5153     0.111     0.539     0.0146     0.5153     0.4728     0.5080     0.3917     0.4823     0.0475
1221.6979     0.3908     0.098     0.539     0.0145     0.3908     0.4728     0.5080     0.3917     0.4823     0.0475
1221.7513     0.3356     0.093     0.539     0.0145     0.3356     0.4728     0.5080     0.3917     0.4823     0.0475
1221.8047     0.5126     0.108     0.539     0.0144     0.5126     0.4728     0.5080     0.3917     0.4823     0.0475
1221.8580     0.6100     0.119     0.540     0.0143     0.6100     0.4728     0.5080     0.3917     0.4823     0.0475
1221.9113     0.3936     0.103     0.540     0.0143     0.3936     0.5066     0.4565     0.4607     0.4823     0.0490
1221.9646     0.6823     0.124     0.540     0.0142     0.6823     0.5066     0.4565     0.4607     0.4823     0.0490
1222.0179     0.3599     0.095     0.540     0.0142     0.3599     0.5066     0.4565     0.4607     0.4823     0.0490
1222.0712     0.4901     0.108     0.540     0.0141     0.4901     0.5066     0.4565     0.4607     0.4823     0.0490
1222.1245     0.6074     0.116     0.540     0.0140     0.6074     0.5066     0.4565     0.4607     0.4823     0.0490
1222.1777     0.4342     0.103     0.540     0.0140     0.4342     0.4064     0.4565     0.4607     0.4823     0.0444
1222.2310     0.3670     0.095     0.540     0.0139     0.3670     0.4064     0.4565     0.4607     0.4823     0.0444
1222.2843     0.5338     0.110     0.541     0.0139     0.5338     0.4064     0.4565     0.4607     0.4823     0.0444
1222.3376     0.4239     0.102     0.541     0.0138     0.4239     0.4064     0.4565     0.4607     0.4823     0.0444
1222.3910     0.2730     0.085     0.541     0.0138     0.2730     0.4064     0.4565     0.4607     0.4823     0.0444
1222.4442     0.4753     0.105     0.541     0.0137     0.4753     0.4692     0.3173     0.4607     0.3479     0.0468
1222.4976     0.4653     0.105     0.541     0.0136     0.4653     0.4692     0.3173     0.4607     0.3479     0.0468
1222.5509     0.5686     0.112     0.541     0.0136     0.5686     0.4692     0.3173     0.4607     0.3479     0.0468
1222.6041     0.6229     0.118     0.541     0.0135     0.6229     0.4692     0.3173     0.4607     0.3479     0.0468
1222.6575     0.2139     0.078     0.541     0.0135     0.2139     0.4692     0.3173     0.4607     0.3479     0.0468
1222.7108     0.3792     0.096     0.542     0.0134     0.3792     0.1654     0.3173     0.3074     0.3479     0.0325
1222.7640     0.0849     0.061     0.542     0.0133     0.0849     0.1654     0.3173     0.3074     0.3479     0.0325
1222.8174     0.0904     0.063     0.542     0.0133     0.0904     0.1654     0.3173     0.3074     0.3479     0.0325
1222.8707     0.1178     0.066     0.542     0.0132     0.1178     0.1654     0.3173     0.3074     0.3479     0.0325
1222.9240     0.1546     0.072     0.542     0.0132     0.1546     0.1654     0.3173     0.3074     0.3479     0.0325
1222.9773     0.1599     0.070     0.542     0.0131     0.1599     0.2560     0.3785     0.3074     0.3479     0.0371
1223.0305     0.1722     0.074     0.542     0.0130     0.1722     0.2560     0.3785     0.3074     0.3479     0.0371
1223.0839     0.3445     0.092     0.542     0.0130     0.3445     0.2560     0.3785     0.3074     0.3479     0.0371
1223.1372     0.2699     0.085     0.543     0.0129     0.2699     0.2560     0.3785     0.3074     0.3479     0.0371
1223.1904     0.3334     0.091     0.543     0.0129     0.3334     0.2560     0.3785     0.3074     0.3479     0.0371
1223.2438     0.4293     0.101     0.543     0.0128     0.4293     0.5009     0.3785     0.3074     0.3479     0.0477
1223.2971     0.4806     0.105     0.543     0.0127     0.4806     0.5009     0.3785     0.3074     0.3479     0.0477
1223.3503     0.6137     0.115     0.543     0.0127     0.6137     0.5009     0.3785     0.3074     0.3479     0.0477
1223.4037     0.3858     0.097     0.543     0.0126     0.3858     0.5009     0.3785     0.3074     0.3479     0.0477
1223.4570     0.5952     0.114     0.543     0.0126     0.5952     0.5009     0.3785     0.3074     0.3479     0.0477
1223.5103     0.5050     0.106     0.544     0.0125     0.5050     0.4426     0.4441     0.4633     0.4949     0.0452
1223.5636     0.4608     0.104     0.544     0.0125     0.4608     0.4426     0.4441     0.4633     0.4949     0.0452
1223.6168     0.4301     0.100     0.544     0.0124     0.4301     0.4426     0.4441     0.4633     0.4949     0.0452
1223.6702     0.4714     0.102     0.544     0.0123     0.4714     0.4426     0.4441     0.4633     0.4949     0.0452
1223.7235     0.3456     0.092     0.544     0.0123     0.3456     0.4426     0.4441     0.4633     0.4949     0.0452
1223.7767     0.3110     0.088     0.544     0.0122     0.3110     0.4456     0.4441     0.4633     0.4949     0.0454
1223.8301     0.6068     0.116     0.544     0.0122     0.6068     0.4456     0.4441     0.4633     0.4949     0.0454
1223.8834     0.3088     0.088     0.544     0.0121     0.3088     0.4456     0.4441     0.4633     0.4949     0.0454
1223.9368     0.5478     0.110     0.545     0.0121     0.5478     0.4456     0.4441     0.4633     0.4949     0.0454
1223.9901     0.4538     0.102     0.545     0.0120     0.4538     0.4456     0.4441     0.4633     0.4949     0.0454
1224.0433     0.4649     0.101     0.545     0.0119     0.4649     0.5016     0.5457     0.4633     0.4949     0.0470
1224.0967     0.5648     0.110     0.545     0.0119     0.5648     0.5016     0.5457     0.4633     0.4949     0.0470
1224.1499     0.4644     0.104     0.545     0.0118     0.4644     0.5016     0.5457     0.4633     0.4949     0.0470
1224.2032     0.3919     0.095     0.545     0.0118     0.3919     0.5016     0.5457     0.4633     0.4949     0.0470
1224.2566     0.6221     0.114     0.545     0.0117     0.6221     0.5016     0.5457     0.4633     0.4949     0.0470
1224.3097     0.5220     0.109     0.545     0.0116     0.5220     0.5897     0.5457     0.5545     0.4949     0.0507
1224.3630     0.5874     0.113     0.546     0.0116     0.5874     0.5897     0.5457     0.5545     0.4949     0.0507
1224.4163     0.6392     0.116     0.546     0.0115     0.6392     0.5897     0.5457     0.5545     0.4949     0.0507
1224.4696     0.6247     0.117     0.546     0.0115     0.6247     0.5897     0.5457     0.5545     0.4949     0.0507
1224.5228     0.5754     0.112     0.546     0.0114     0.5754     0.5897     0.5457     0.5545     0.4949     0.0507
1224.5762     0.6185     0.114     0.546     0.0114     0.6185     0.5320     0.5369     0.5545     0.5361     0.0483
1224.6295     0.6056     0.114     0.546     0.0113     0.6056     0.5320     0.5369     0.5545     0.5361     0.0483
1224.6827     0.5727     0.111     0.546     0.0113     0.5727     0.5320     0.5369     0.5545     0.5361     0.0483
1224.7361     0.3867     0.095     0.546     0.0112     0.3867     0.5320     0.5369     0.5545     0.5361     0.0483
1224.7893     0.4764     0.103     0.547     0.0111     0.4764     0.5320     0.5369     0.5545     0.5361     0.0483
1224.8427     0.3701     0.093     0.547     0.0111     0.3701     0.5418     0.5369     0.5545     0.5361     0.0486
1224.8959     0.4209     0.098     0.547     0.0110     0.4209     0.5418     0.5369     0.5545     0.5361     0.0486
1224.9492     0.5487     0.110     0.547     0.0110     0.5487     0.5418     0.5369     0.5545     0.5361     0.0486
1225.0024     0.7888     0.127     0.547     0.0109     0.7888     0.5418     0.5369     0.5545     0.5361     0.0486
1225.0558     0.5803     0.111     0.547     0.0109     0.5803     0.5418     0.5369     0.5545     0.5361     0.0486
1225.1090     0.4993     0.104     0.547     0.0108     0.4993     0.5533     0.5354     0.5276     0.5361     0.0488
1225.1624     0.5654     0.111     0.547     0.0107     0.5654     0.5533     0.5354     0.5276     0.5361     0.0488
1225.2156     0.6312     0.114     0.548     0.0107     0.6312     0.5533     0.5354     0.5276     0.5361     0.0488
1225.2689     0.5027     0.106     0.548     0.0106     0.5027     0.5533     0.5354     0.5276     0.5361     0.0488
1225.3223     0.5679     0.110     0.548     0.0106     0.5679     0.5533     0.5354     0.5276     0.5361     0.0488
1225.3755     0.3597     0.092     0.548     0.0105     0.3597     0.5174     0.5354     0.5276     0.5361     0.0472
1225.4288     0.6906     0.119     0.548     0.0105     0.6906     0.5174     0.5354     0.5276     0.5361     0.0472
1225.4821     0.5582     0.109     0.548     0.0104     0.5582     0.5174     0.5354     0.5276     0.5361     0.0472
1225.5354     0.5619     0.109     0.548     0.0104     0.5619     0.5174     0.5354     0.5276     0.5361     0.0472
1225.5886     0.4167     0.097     0.548     0.0103     0.4167     0.5174     0.5354     0.5276     0.5361     0.0472
1225.6420     0.3973     0.094     0.549     0.0103     0.3973     0.5121     0.5458     0.5276     0.5597     0.0467
1225.6952     0.5782     0.110     0.549     0.0102     0.5782     0.5121     0.5458     0.5276     0.5597     0.0467
1225.7485     0.5433     0.107     0.549     0.0101     0.5433     0.5121     0.5458     0.5276     0.5597     0.0467
1225.8018     0.4849     0.102     0.549     0.0101     0.4849     0.5121     0.5458     0.5276     0.5597     0.0467
1225.8551     0.5569     0.107     0.549     0.0100     0.5569     0.5121     0.5458     0.5276     0.5597     0.0467
1225.9083     0.6895     0.117     0.549     0.0100     0.6895     0.5794     0.5458     0.5756     0.5597     0.0488
1225.9617     0.5773     0.108     0.549     0.0099     0.5773     0.5794     0.5458     0.5756     0.5597     0.0488
1226.0149     0.5218     0.104     0.550     0.0099     0.5218     0.5794     0.5458     0.5756     0.5597     0.0488
1226.0684     0.6875     0.118     0.550     0.0098     0.6875     0.5794     0.5458     0.5756     0.5597     0.0488
1226.1216     0.4210     0.096     0.550     0.0098     0.4210     0.5794     0.5458     0.5756     0.5597     0.0488
1226.1749     0.5970     0.111     0.550     0.0097     0.5970     0.5584     0.5737     0.5756     0.5597     0.0483
1226.2281     0.4746     0.102     0.550     0.0097     0.4746     0.5584     0.5737     0.5756     0.5597     0.0483
1226.2814     0.4481     0.098     0.550     0.0096     0.4481     0.5584     0.5737     0.5756     0.5597     0.0483
1226.3347     0.5840     0.110     0.550     0.0096     0.5840     0.5584     0.5737     0.5756     0.5597     0.0483
1226.3879     0.6885     0.118     0.550     0.0095     0.6885     0.5584     0.5737     0.5756     0.5597     0.0483
1226.4412     0.6488     0.116     0.551     0.0095     0.6488     0.5889     0.5737     0.5756     0.5597     0.0495
1226.4944     0.7220     0.121     0.551     0.0094     0.7220     0.5889     0.5737     0.5756     0.5597     0.0495
1226.5477     0.4169     0.097     0.551     0.0094     0.4169     0.5889     0.5737     0.5756     0.5597     0.0495
1226.6010     0.4771     0.101     0.551     0.0093     0.4771     0.5889     0.5737     0.5756     0.5597     0.0495
1226.6543     0.6797     0.117     0.551     0.0093     0.6797     0.5889     0.5737     0.5756     0.5597     0.0495
1226.7075     0.5345     0.106     0.551     0.0092     0.5345     0.5467     0.5571     0.5673     0.5485     0.0480
1226.7609     0.4117     0.096     0.551     0.0091     0.4117     0.5467     0.5571     0.5673     0.5485     0.0480
1226.8141     0.5396     0.108     0.551     0.0091     0.5396     0.5467     0.5571     0.5673     0.5485     0.0480
1226.8673     0.6010     0.112     0.552     0.0090     0.6010     0.5467     0.5571     0.5673     0.5485     0.0480
1226.9207     0.6468     0.115     0.552     0.0090     0.6468     0.5467     0.5571     0.5673     0.5485     0.0480
1226.9739     0.7425     0.122     0.552     0.0089     0.7425     0.5676     0.5571     0.5673     0.5485     0.0487
1227.0272     0.5536     0.108     0.552     0.0089     0.5536     0.5676     0.5571     0.5673     0.5485     0.0487
1227.0804     0.4315     0.097     0.552     0.0088     0.4315     0.5676     0.5571     0.5673     0.5485     0.0487
1227.1338     0.6243     0.113     0.552     0.0088     0.6243     0.5676     0.5571     0.5673     0.5485     0.0487
1227.1870     0.4858     0.103     0.552     0.0087     0.4858     0.5676     0.5571     0.5673     0.5485     0.0487
1227.2402     0.4493     0.098     0.552     0.0087     0.4493     0.5876     0.5398     0.5673     0.5485     0.0487
1227.2936     0.6929     0.116     0.553     0.0086     0.6929     0.5876     0.5398     0.5673     0.5485     0.0487
1227.3468     0.5957     0.110     0.553     0.0086     0.5957     0.5876     0.5398     0.5673     0.5485     0.0487
1227.4001     0.4728     0.100     0.553     0.0086     0.4728     0.5876     0.5398     0.5673     0.5485     0.0487
1227.4534     0.7273     0.120     0.553     0.0085     0.7273     0.5876     0.5398     0.5673     0.5485     0.0487
1227.5067     0.4599     0.099     0.553     0.0085     0.4599     0.4920     0.5398     0.5332     0.5485     0.0456
1227.5599     0.6798     0.119     0.553     0.0084     0.6798     0.4920     0.5398     0.5332     0.5485     0.0456
1227.6132     0.4927     0.102     0.553     0.0084     0.4927     0.4920     0.5398     0.5332     0.5485     0.0456
1227.6665     0.3642     0.089     0.553     0.0083     0.3642     0.4920     0.5398     0.5332     0.5485     0.0456
1227.7197     0.4632     0.098     0.554     0.0083     0.4632     0.4920     0.5398     0.5332     0.5485     0.0456
1227.7731     0.5657     0.107     0.554     0.0082     0.5657     0.5486     0.5538     0.5332     0.5373     0.0473
1227.8263     0.4852     0.100     0.554     0.0082     0.4852     0.5486     0.5538     0.5332     0.5373     0.0473
1227.8795     0.6356     0.113     0.554     0.0081     0.6356     0.5486     0.5538     0.5332     0.5373     0.0473
1227.9329     0.5417     0.106     0.554     0.0081     0.5417     0.5486     0.5538     0.5332     0.5373     0.0473
1227.9861     0.5146     0.103     0.554     0.0080     0.5146     0.5486     0.5538     0.5332     0.5373     0.0473
1228.0393     0.5352     0.104     0.554     0.0080     0.5352     0.5589     0.5538     0.5332     0.5373     0.0478
1228.0927     0.5896     0.109     0.555     0.0079     0.5896     0.5589     0.5538     0.5332     0.5373     0.0478
1228.1459     0.6627     0.115     0.555     0.0079     0.6627     0.5589     0.5538     0.5332     0.5373     0.0478
1228.1993     0.4802     0.100     0.555     0.0078     0.4802     0.5589     0.5538     0.5332     0.5373     0.0478
1228.2526     0.5269     0.105     0.555     0.0078     0.5269     0.5589     0.5538     0.5332     0.5373     0.0478
1228.3058     0.4415     0.097     0.555     0.0078     0.4415     0.4921     0.5208     0.5726     0.5373     0.0450
1228.3591     0.5447     0.106     0.555     0.0077     0.5447     0.4921     0.5208     0.5726     0.5373     0.0450
1228.4124     0.3838     0.090     0.555     0.0077     0.3838     0.4921     0.5208     0.5726     0.5373     0.0450
1228.4656     0.6462     0.113     0.555     0.0076     0.6462     0.4921     0.5208     0.5726     0.5373     0.0450
1228.5189     0.4441     0.096     0.556     0.0076     0.4441     0.4921     0.5208     0.5726     0.5373     0.0450
1228.5721     0.6030     0.110     0.556     0.0075     0.6030     0.5495     0.5208     0.5726     0.5373     0.0471
1228.6252     0.5588     0.105     0.556     0.0075     0.5588     0.5495     0.5208     0.5726     0.5373     0.0471
1228.6786     0.5479     0.106     0.556     0.0075     0.5479     0.5495     0.5208     0.5726     0.5373     0.0471
1228.7318     0.5773     0.107     0.556     0.0074     0.5773     0.5495     0.5208     0.5726     0.5373     0.0471
1228.7850     0.4605     0.099     0.556     0.0074     0.4605     0.5495     0.5208     0.5726     0.5373     0.0471
1228.8384     0.6984     0.116     0.556     0.0073     0.6984     0.6764     0.5759     0.5726     0.5756     0.0512
1228.8916     0.7603     0.122     0.556     0.0073     0.7603     0.6764     0.5759     0.5726     0.5756     0.0512
1228.9449     0.6902     0.114     0.557     0.0073     0.6902     0.6764     0.5759     0.5726     0.5756     0.0512
1228.9982     0.6999     0.117     0.557     0.0072     0.6999     0.6764     0.5759     0.5726     0.5756     0.0512
1229.0514     0.5331     0.102     0.557     0.0072     0.5331     0.6764     0.5759     0.5726     0.5756     0.0512
1229.1046     0.4869     0.099     0.557     0.0071     0.4869     0.4754     0.5759     0.5420     0.5756     0.0439
1229.1580     0.3447     0.087     0.557     0.0071     0.3447     0.4754     0.5759     0.5420     0.5756     0.0439
1229.2112     0.5271     0.102     0.557     0.0071     0.5271     0.4754     0.5759     0.5420     0.5756     0.0439
1229.2644     0.3931     0.090     0.557     0.0070     0.3931     0.4754     0.5759     0.5420     0.5756     0.0439
1229.3177     0.6252     0.111     0.557     0.0070     0.6252     0.4754     0.5759     0.5420     0.5756     0.0439
1229.3710     0.6284     0.109     0.558     0.0069     0.6284     0.5783     0.5752     0.5420     0.5756     0.0474
1229.4242     0.6311     0.111     0.558     0.0069     0.6311     0.5783     0.5752     0.5420     0.5756     0.0474
1229.4775     0.5334     0.102     0.558     0.0069     0.5334     0.5783     0.5752     0.5420     0.5756     0.0474
1229.5308     0.6298     0.110     0.558     0.0068     0.6298     0.5783     0.5752     0.5420     0.5756     0.0474
1229.5840     0.4689     0.097     0.558     0.0068     0.4689     0.5783     0.5752     0.5420     0.5756     0.0474
1229.6373     0.5629     0.105     0.558     0.0068     0.5629     0.5722     0.5752     0.5420     0.5756     0.0473
1229.6906     0.4682     0.097     0.558     0.0067     0.4682     0.5722     0.5752     0.5420     0.5756     0.0473
1229.7438     0.6959     0.116     0.558     0.0067     0.6959     0.5722     0.5752     0.5420     0.5756     0.0473
1229.7970     0.6227     0.110     0.559     0.0067     0.6227     0.5722     0.5752     0.5420     0.5756     0.0473
1229.8503     0.5112     0.101     0.559     0.0066     0.5112     0.5722     0.5752     0.5420     0.5756     0.0473
1229.9036     0.5098     0.099     0.559     0.0066     0.5098     0.5700     0.5821     0.5837     0.5859     0.0466
1229.9568     0.4970     0.098     0.559     0.0066     0.4970     0.5700     0.5821     0.5837     0.5859     0.0466
1230.0101     0.6995     0.115     0.559     0.0065     0.6995     0.5700     0.5821     0.5837     0.5859     0.0466
1230.0634     0.6016     0.106     0.559     0.0065     0.6016     0.5700     0.5821     0.5837     0.5859     0.0466
1230.1166     0.5419     0.102     0.559     0.0065     0.5419     0.5700     0.5821     0.5837     0.5859     0.0466
1230.1698     0.5241     0.102     0.559     0.0064     0.5241     0.5942     0.5821     0.5837     0.5859     0.0484
1230.2231     0.4527     0.095     0.560     0.0064     0.4527     0.5942     0.5821     0.5837     0.5859     0.0484
1230.2764     0.8256     0.129     0.560     0.0064     0.8256     0.5942     0.5821     0.5837     0.5859     0.0484
1230.3297     0.6372     0.111     0.560     0.0064     0.6372     0.5942     0.5821     0.5837     0.5859     0.0484
1230.3829     0.5315     0.102     0.560     0.0063     0.5315     0.5942     0.5821     0.5837     0.5859     0.0484
1230.4363     0.7047     0.115     0.560     0.0063     0.7047     0.5871     0.5897     0.5837     0.5859     0.0474
1230.4895     0.4815     0.098     0.560     0.0063     0.4815     0.5871     0.5897     0.5837     0.5859     0.0474
1230.5427     0.6390     0.110     0.560     0.0063     0.6390     0.5871     0.5897     0.5837     0.5859     0.0474
1230.5959     0.5894     0.105     0.561     0.0062     0.5894     0.5871     0.5897     0.5837     0.5859     0.0474
1230.6493     0.5208     0.102     0.561     0.0062     0.5208     0.5871     0.5897     0.5837     0.5859     0.0474
1230.7025     0.7139     0.116     0.561     0.0062     0.7139     0.5923     0.5897     0.5688     0.5859     0.0474
1230.7556     0.6695     0.111     0.561     0.0062     0.6695     0.5923     0.5897     0.5688     0.5859     0.0474
1230.8088     0.4183     0.092     0.561     0.0061     0.4183     0.5923     0.5897     0.5688     0.5859     0.0474
1230.8622     0.6819     0.112     0.561     0.0061     0.6819     0.5923     0.5897     0.5688     0.5859     0.0474
1230.9154     0.4780     0.096     0.561     0.0061     0.4780     0.5923     0.5897     0.5688     0.5859     0.0474
1230.9686     0.5694     0.106     0.561     0.0061     0.5694     0.5833     0.5571     0.5688     0.5757     0.0473
1231.0219     0.6528     0.110     0.562     0.0060     0.6528     0.5833     0.5571     0.5688     0.5757     0.0473
1231.0751     0.6210     0.108     0.562     0.0060     0.6210     0.5833     0.5571     0.5688     0.5757     0.0473
1231.1284     0.5551     0.104     0.562     0.0060     0.5551     0.5833     0.5571     0.5688     0.5757     0.0473
1231.1816     0.5181     0.100     0.562     0.0060     0.5181     0.5833     0.5571     0.5688     0.5757     0.0473
1231.2349     0.4188     0.092     0.562     0.0060     0.4188     0.5309     0.5571     0.5688     0.5757     0.0451
1231.2881     0.5388     0.102     0.562     0.0059     0.5388     0.5309     0.5571     0.5688     0.5757     0.0451
1231.3413     0.4892     0.097     0.562     0.0059     0.4892     0.5309     0.5571     0.5688     0.5757     0.0451
1231.3947     0.6354     0.109     0.562     0.0059     0.6354     0.5309     0.5571     0.5688     0.5757     0.0451
1231.4479     0.5726     0.104     0.563     0.0059     0.5726     0.5309     0.5571     0.5688     0.5757     0.0451
1231.5011     0.3469     0.084     0.563     0.0059     0.3469     0.5627     0.5943     0.5249     0.5757     0.0464
1231.5543     0.5797     0.106     0.563     0.0059     0.5797     0.5627     0.5943     0.5249     0.5757     0.0464
1231.6075     0.4687     0.096     0.563     0.0059     0.4687     0.5627     0.5943     0.5249     0.5757     0.0464
1231.6609     0.7627     0.118     0.563     0.0058     0.7627     0.5627     0.5943     0.5249     0.5757     0.0464
1231.7141     0.6556     0.111     0.563     0.0058     0.6556     0.5627     0.5943     0.5249     0.5757     0.0464
1231.7673     0.6524     0.110     0.563     0.0058     0.6524     0.6258     0.5943     0.5249     0.5757     0.0482
1231.8206     0.5756     0.105     0.563     0.0058     0.5756     0.6258     0.5943     0.5249     0.5757     0.0482
1231.8738     0.5758     0.104     0.564     0.0058     0.5758     0.6258     0.5943     0.5249     0.5757     0.0482
1231.9271     0.6061     0.107     0.564     0.0058     0.6061     0.6258     0.5943     0.5249     0.5757     0.0482
1231.9803     0.7193     0.114     0.564     0.0058     0.7193     0.6258     0.5943     0.5249     0.5757     0.0482
1232.0336     0.4736     0.094     0.564     0.0058     0.4736     0.3863     0.3715     0.5249     0.4626     0.0391
1232.0868     0.4862     0.097     0.564     0.0058     0.4862     0.3863     0.3715     0.5249     0.4626     0.0391
1232.1400     0.4039     0.089     0.564     0.0058     0.4039     0.3863     0.3715     0.5249     0.4626     0.0391
1232.1932     0.3228     0.082     0.564     0.0058     0.3228     0.3863     0.3715     0.5249     0.4626     0.0391
1232.2466     0.2450     0.072     0.564     0.0058     0.2450     0.3863     0.3715     0.5249     0.4626     0.0391
1232.2998     0.2912     0.077     0.565     0.0058     0.2912     0.3566     0.3715     0.4881     0.4626     0.0374
1232.3530     0.0890     0.050     0.565     0.0057     0.0890     0.3566     0.3715     0.4881     0.4626     0.0374
1232.4062     0.2378     0.072     0.565     0.0057     0.2378     0.3566     0.3715     0.4881     0.4626     0.0374
1232.4596     0.5859     0.103     0.565     0.0057     0.5859     0.3566     0.3715     0.4881     0.4626     0.0374
1232.5128     0.5792     0.104     0.565     0.0057     0.5792     0.3566     0.3715     0.4881     0.4626     0.0374
1232.5660     0.5846     0.104     0.565     0.0057     0.5846     0.5347     0.5538     0.4881     0.4626     0.0447
1232.6194     0.4769     0.095     0.565     0.0057     0.4769     0.5347     0.5538     0.4881     0.4626     0.0447
1232.6726     0.4310     0.091     0.565     0.0057     0.4310     0.5347     0.5538     0.4881     0.4626     0.0447
1232.7258     0.6184     0.107     0.566     0.0057     0.6184     0.5347     0.5538     0.4881     0.4626     0.0447
1232.7791     0.5625     0.102     0.566     0.0058     0.5625     0.5347     0.5538     0.4881     0.4626     0.0447
1232.8323     0.6531     0.110     0.566     0.0058     0.6531     0.5730     0.5538     0.4881     0.4626     0.0460
1232.8855     0.6510     0.107     0.566     0.0058     0.6510     0.5730     0.5538     0.4881     0.4626     0.0460
1232.9386     0.4909     0.097     0.566     0.0058     0.4909     0.5730     0.5538     0.4881     0.4626     0.0460
1232.9918     0.5724     0.103     0.566     0.0058     0.5724     0.5730     0.5538     0.4881     0.4626     0.0460
1233.0452     0.4976     0.097     0.566     0.0058     0.4976     0.5730     0.5538     0.4881     0.4626     0.0460
1233.0984     0.6346     0.107     0.567     0.0058     0.6346     0.5780     0.5698     0.5340     0.5441     0.0458
1233.1516     0.4252     0.089     0.567     0.0058     0.4252     0.5780     0.5698     0.5340     0.5441     0.0458
1233.2048     0.6337     0.107     0.567     0.0058     0.6337     0.5780     0.5698     0.5340     0.5441     0.0458
1233.2581     0.6506     0.108     0.567     0.0058     0.6506     0.5780     0.5698     0.5340     0.5441     0.0458
1233.3113     0.5458     0.100     0.567     0.0058     0.5458     0.5780     0.5698     0.5340     0.5441     0.0458
1233.3645     0.6001     0.105     0.567     0.0058     0.6001     0.5617     0.5698     0.5340     0.5441     0.0453
1233.4177     0.6070     0.105     0.567     0.0058     0.6070     0.5617     0.5698     0.5340     0.5441     0.0453
1233.4709     0.6653     0.110     0.567     0.0059     0.6653     0.5617     0.5698     0.5340     0.5441     0.0453
1233.5242     0.4879     0.094     0.568     0.0059     0.4879     0.5617     0.5698     0.5340     0.5441     0.0453
1233.5775     0.4481     0.091     0.568     0.0059     0.4481     0.5617     0.5698     0.5340     0.5441     0.0453
1233.6307     0.3378     0.080     0.568     0.0059     0.3378     0.4622     0.5184     0.5340     0.5441     0.0412
1233.6840     0.4386     0.090     0.568     0.0059     0.4386     0.4622     0.5184     0.5340     0.5441     0.0412
1233.7372     0.4977     0.095     0.568     0.0059     0.4977     0.4622     0.5184     0.5340     0.5441     0.0412
1233.7904     0.5269     0.098     0.568     0.0059     0.5269     0.4622     0.5184     0.5340     0.5441     0.0412
1233.8436     0.5101     0.096     0.568     0.0060     0.5101     0.4622     0.5184     0.5340     0.5441     0.0412
1233.8969     0.4410     0.090     0.568     0.0060     0.4410     0.5746     0.5184     0.5786     0.5441     0.0455
1233.9501     0.6283     0.106     0.569     0.0060     0.6283     0.5746     0.5184     0.5786     0.5441     0.0455
1234.0033     0.6017     0.104     0.569     0.0060     0.6017     0.5746     0.5184     0.5786     0.5441     0.0455
1234.0565     0.6087     0.104     0.569     0.0060     0.6087     0.5746     0.5184     0.5786     0.5441     0.0455
1234.1097     0.5936     0.104     0.569     0.0061     0.5936     0.5746     0.5184     0.5786     0.5441     0.0455
1234.1630     0.6363     0.106     0.569     0.0061     0.6363     0.5143     0.5806     0.5786     0.5816     0.0430
1234.2162     0.5946     0.102     0.569     0.0061     0.5946     0.5143     0.5806     0.5786     0.5816     0.0430
1234.2694     0.4223     0.088     0.569     0.0061     0.4223     0.5143     0.5806     0.5786     0.5816     0.0430
1234.3226     0.4457     0.091     0.569     0.0061     0.4457     0.5143     0.5806     0.5786     0.5816     0.0430
1234.3759     0.4727     0.093     0.570     0.0062     0.4727     0.5143     0.5806     0.5786     0.5816     0.0430
1234.4292     0.7110     0.112     0.570     0.0062     0.7110     0.6469     0.5806     0.5786     0.5816     0.0477
1234.4824     0.8521     0.120     0.570     0.0062     0.8521     0.6469     0.5806     0.5786     0.5816     0.0477
1234.5356     0.5273     0.099     0.570     0.0062     0.5273     0.6469     0.5806     0.5786     0.5816     0.0477
1234.5890     0.6026     0.103     0.570     0.0063     0.6026     0.6469     0.5806     0.5786     0.5816     0.0477
1234.6422     0.5416     0.098     0.570     0.0063     0.5416     0.6469     0.5806     0.5786     0.5816     0.0477
1234.6954     0.6880     0.110     0.570     0.0063     0.6880     0.6144     0.5826     0.5762     0.5816     0.0465
1234.7487     0.6635     0.108     0.570     0.0063     0.6635     0.6144     0.5826     0.5762     0.5816     0.0465
1234.8019     0.5412     0.097     0.571     0.0064     0.5412     0.6144     0.5826     0.5762     0.5816     0.0465
1234.8551     0.6906     0.110     0.571     0.0064     0.6906     0.6144     0.5826     0.5762     0.5816     0.0465
1234.9083     0.4889     0.093     0.571     0.0064     0.4889     0.6144     0.5826     0.5762     0.5816     0.0465
1234.9615     0.4583     0.090     0.571     0.0065     0.4583     0.5508     0.5826     0.5762     0.5816     0.0439
1235.0148     0.4965     0.094     0.571     0.0065     0.4965     0.5508     0.5826     0.5762     0.5816     0.0439
1235.0679     0.5455     0.098     0.571     0.0065     0.5455     0.5508     0.5826     0.5762     0.5816     0.0439
1235.1211     0.5767     0.100     0.571     0.0066     0.5767     0.5508     0.5826     0.5762     0.5816     0.0439
1235.1743     0.6772     0.108     0.572     0.0066     0.6772     0.5508     0.5826     0.5762     0.5816     0.0439
1235.2275     0.4772     0.092     0.572     0.0066     0.4772     0.5633     0.5637     0.5762     0.5499     0.0442
1235.2808     0.5413     0.097     0.572     0.0067     0.5413     0.5633     0.5637     0.5762     0.5499     0.0442
1235.3340     0.5299     0.097     0.572     0.0067     0.5299     0.5633     0.5637     0.5762     0.5499     0.0442
1235.3872     0.6506     0.105     0.572     0.0067     0.6506     0.5633     0.5637     0.5762     0.5499     0.0442
1235.4404     0.6175     0.103     0.572     0.0068     0.6175     0.5633     0.5637     0.5762     0.5499     0.0442
1235.4937     0.6660     0.108     0.572     0.0068     0.6660     0.5640     0.5637     0.5455     0.5499     0.0446
1235.5469     0.6468     0.106     0.572     0.0068     0.6468     0.5640     0.5637     0.5455     0.5499     0.0446
1235.6001     0.4518     0.091     0.573     0.0069     0.4518     0.5640     0.5637     0.5455     0.5499     0.0446
1235.6533     0.5644     0.100     0.573     0.0069     0.5644     0.5640     0.5637     0.5455     0.5499     0.0446
1235.7065     0.4912     0.093     0.573     0.0069     0.4912     0.5640     0.5637     0.5455     0.5499     0.0446
1235.7598     0.5737     0.101     0.573     0.0070     0.5737     0.4913     0.5362     0.5455     0.5499     0.0418
1235.8130     0.3669     0.082     0.573     0.0070     0.3669     0.4913     0.5362     0.5455     0.5499     0.0418
1235.8662     0.3379     0.079     0.573     0.0070     0.3379     0.4913     0.5362     0.5455     0.5499     0.0418
1235.9194     0.5843     0.100     0.573     0.0071     0.5843     0.4913     0.5362     0.5455     0.5499     0.0418
