1195.3804     0.7870     0.069     0.885     0.2510     0.7870     0.6721     0.6985     0.6215     0.6474     0.0282
1195.4340     0.7339     0.065     0.883     0.2501     0.7339     0.7249     0.6985     0.7413     0.6474     0.0292
1195.4874     0.6313     0.061     0.882     0.2493     0.6313     0.7249     0.6985     0.7413     0.6474     0.0292
1195.5409     0.7622     0.067     0.880     0.2485     0.7622     0.7249     0.6985     0.7413     0.6474     0.0292
1195.5945     0.7363     0.066     0.879     0.2477     0.7363     0.7249     0.6985     0.7413     0.6474     0.0292
1195.6479     0.7607     0.067     0.877     0.2469     0.7607     0.7249     0.6985     0.7413     0.6474     0.0292
1195.7014     0.7763     0.067     0.876     0.2461     0.7763     0.7579     0.7495     0.7413     0.7450     0.0297
1195.7549     0.7501     0.067     0.874     0.2453     0.7501     0.7579     0.7495     0.7413     0.7450     0.0297
1195.8085     0.7843     0.068     0.873     0.2445     0.7843     0.7579     0.7495     0.7413     0.7450     0.0297
1195.8619     0.7443     0.065     0.872     0.2437     0.7443     0.7579     0.7495     0.7413     0.7450     0.0297
1195.9154     0.7345     0.065     0.870     0.2429     0.7345     0.7579     0.7495     0.7413     0.7450     0.0297
1195.9690     0.7804     0.067     0.869     0.2421     0.7804     0.7411     0.7495     0.7413     0.7450     0.0292
1196.0225     0.7203     0.064     0.867     0.2413     0.7203     0.7411     0.7495     0.7413     0.7450     0.0292
1196.0759     0.8160     0.069     0.866     0.2405     0.8160     0.7411     0.7495     0.7413     0.7450     0.0292
1196.1294     0.7543     0.066     0.864     0.2397     0.7543     0.7411     0.7495     0.7413     0.7450     0.0292
1196.1830     0.6346     0.061     0.863     0.2389     0.6346     0.7411     0.7495     0.7413     0.7450     0.0292
1196.2365     0.8487     0.070     0.862     0.2381     0.8487     0.7518     0.7405     0.6880     0.7450     0.0294
1196.2899     0.8112     0.068     0.860     0.2373     0.8112     0.7518     0.7405     0.6880     0.7450     0.0294
1196.3434     0.6468     0.061     0.859     0.2365     0.6468     0.7518     0.7405     0.6880     0.7450     0.0294
1196.3970     0.6636     0.063     0.857     0.2357     0.6636     0.7518     0.7405     0.6880     0.7450     0.0294
1196.4504     0.7885     0.067     0.856     0.2349     0.7885     0.7518     0.7405     0.6880     0.7450     0.0294
1196.5038     0.7166     0.065     0.855     0.2341     0.7166     0.7292     0.7405     0.6880     0.7450     0.0290
1196.5573     0.6160     0.059     0.853     0.2333     0.6160     0.7292     0.7405     0.6880     0.7450     0.0290
1196.6108     0.7359     0.066     0.852     0.2325     0.7359     0.7292     0.7405     0.6880     0.7450     0.0290
1196.6643     0.8358     0.069     0.851     0.2318     0.8358     0.7292     0.7405     0.6880     0.7450     0.0290
1196.7178     0.7416     0.066     0.849     0.2310     0.7416     0.7292     0.7405     0.6880     0.7450     0.0290
1196.7712     0.5942     0.059     0.848     0.2302     0.5942     0.5831     0.6266     0.6880     0.6776     0.0260
1196.8247     0.6837     0.063     0.846     0.2294     0.6837     0.5831     0.6266     0.6880     0.6776     0.0260
1196.8783     0.6058     0.059     0.845     0.2286     0.6058     0.5831     0.6266     0.6880     0.6776     0.0260
1196.9318     0.4323     0.051     0.844     0.2279     0.4323     0.5831     0.6266     0.6880     0.6776     0.0260
1196.9852     0.5993     0.058     0.842     0.2271     0.5993     0.5831     0.6266     0.6880     0.6776     0.0260
1197.0387     0.5864     0.058     0.841     0.2263     0.5864     0.6702     0.6266     0.7091     0.6776     0.0278
1197.0923     0.6733     0.063     0.840     0.2255     0.6733     0.6702     0.6266     0.7091     0.6776     0.0278
1197.1458     0.6401     0.061     0.838     0.2248     0.6401     0.6702     0.6266     0.7091     0.6776     0.0278
1197.1992     0.6310     0.060     0.837     0.2240     0.6310     0.6702     0.6266     0.7091     0.6776     0.0278
1197.2527     0.8201     0.068     0.836     0.2232     0.8201     0.6702     0.6266     0.7091     0.6776     0.0278
1197.3062     0.8423     0.069     0.835     0.2225     0.8423     0.7441     0.7286     0.7091     0.6776     0.0291
1197.3597     0.6816     0.063     0.833     0.2217     0.6816     0.7441     0.7286     0.7091     0.6776     0.0291
1197.4132     0.7491     0.064     0.832     0.2209     0.7491     0.7441     0.7286     0.7091     0.6776     0.0291
1197.4667     0.7066     0.064     0.831     0.2202     0.7066     0.7441     0.7286     0.7091     0.6776     0.0291
1197.5201     0.7408     0.064     0.829     0.2194     0.7408     0.7441     0.7286     0.7091     0.6776     0.0291
1197.5736     0.5894     0.058     0.828     0.2186     0.5894     0.7131     0.7286     0.7091     0.6776     0.0285
1197.6272     0.6779     0.061     0.827     0.2179     0.6779     0.7131     0.7286     0.7091     0.6776     0.0285
1197.6807     0.7354     0.066     0.826     0.2171     0.7354     0.7131     0.7286     0.7091     0.6776     0.0285
1197.7341     0.7613     0.065     0.824     0.2164     0.7613     0.7131     0.7286     0.7091     0.6776     0.0285
1197.7876     0.8015     0.068     0.823     0.2156     0.8015     0.7131     0.7286     0.7091     0.6776     0.0285
1197.8411     0.8073     0.067     0.822     0.2148     0.8073     0.7101     0.7290     0.7228     0.7125     0.0284
1197.8945     0.7780     0.067     0.821     0.2141     0.7780     0.7101     0.7290     0.7228     0.7125     0.0284
1197.9481     0.6585     0.061     0.819     0.2133     0.6585     0.7101     0.7290     0.7228     0.7125     0.0284
1198.0016     0.6703     0.062     0.818     0.2126     0.6703     0.7101     0.7290     0.7228     0.7125     0.0284
1198.0551     0.6363     0.060     0.817     0.2118     0.6363     0.7101     0.7290     0.7228     0.7125     0.0284
1198.1085     0.7470     0.066     0.816     0.2111     0.7470     0.7480     0.7290     0.7228     0.7125     0.0291
1198.1620     0.7206     0.064     0.814     0.2103     0.7206     0.7480     0.7290     0.7228     0.7125     0.0291
1198.2155     0.8268     0.068     0.813     0.2096     0.8268     0.7480     0.7290     0.7228     0.7125     0.0291
1198.2690     0.6798     0.062     0.812     0.2088     0.6798     0.7480     0.7290     0.7228     0.7125     0.0291
1198.3225     0.7656     0.065     0.811     0.2081     0.7656     0.7480     0.7290     0.7228     0.7125     0.0291
1198.3760     0.8389     0.068     0.810     0.2074     0.8389     0.7105     0.6959     0.7228     0.7125     0.0284
1198.4294     0.6645     0.062     0.809     0.2066     0.6645     0.7105     0.6959     0.7228     0.7125     0.0284
1198.4829     0.6021     0.059     0.807     0.2059     0.6021     0.7105     0.6959     0.7228     0.7125     0.0284
1198.5364     0.7551     0.065     0.806     0.2051     0.7551     0.7105     0.6959     0.7228     0.7125     0.0284
1198.5898     0.6917     0.064     0.805     0.2044     0.6917     0.7105     0.6959     0.7228     0.7125     0.0284
1198.6434     0.6911     0.061     0.804     0.2037     0.6911     0.6814     0.6959     0.5290     0.7125     0.0277
1198.6969     0.7697     0.067     0.803     0.2029     0.7697     0.6814     0.6959     0.5290     0.7125     0.0277
1198.7504     0.5773     0.056     0.802     0.2022     0.5773     0.6814     0.6959     0.5290     0.7125     0.0277
1198.8038     0.5942     0.058     0.800     0.2015     0.5942     0.6814     0.6959     0.5290     0.7125     0.0277
1198.8573     0.7745     0.066     0.799     0.2007     0.7745     0.6814     0.6959     0.5290     0.7125     0.0277
1198.9108     0.6641     0.062     0.798     0.2000     0.6641     0.6541     0.4529     0.5290     0.3608     0.0271
1198.9642     0.7018     0.062     0.797     0.1993     0.7018     0.6541     0.4529     0.5290     0.3608     0.0271
1199.0177     0.6749     0.062     0.796     0.1985     0.6749     0.6541     0.4529     0.5290     0.3608     0.0271
1199.0712     0.6776     0.061     0.795     0.1978     0.6776     0.6541     0.4529     0.5290     0.3608     0.0271
1199.1248     0.5524     0.056     0.794     0.1971     0.5524     0.6541     0.4529     0.5290     0.3608     0.0271
1199.1782     0.4515     0.051     0.792     0.1964     0.4515     0.2516     0.4529     0.5290     0.3608     0.0174
1199.2317     0.3318     0.044     0.791     0.1956     0.3318     0.2516     0.4529     0.5290     0.3608     0.0174
1199.2852     0.2393     0.038     0.790     0.1949     0.2393     0.2516     0.4529     0.5290     0.3608     0.0174
1199.3386     0.1247     0.029     0.789     0.1942     0.1247     0.2516     0.4529     0.5290     0.3608     0.0174
1199.3921     0.1109     0.028     0.788     0.1935     0.1109     0.2516     0.4529     0.5290     0.3608     0.0174
1199.4456     0.1118     0.028     0.787     0.1928     0.1118     0.2386     0.2688     0.2074     0.3608     0.0170
1199.4990     0.1435     0.031     0.786     0.1921     0.1435     0.2386     0.2688     0.2074     0.3608     0.0170
1199.5525     0.1997     0.036     0.785     0.1913     0.1997     0.2386     0.2688     0.2074     0.3608     0.0170
1199.6060     0.3232     0.044     0.784     0.1906     0.3232     0.2386     0.2688     0.2074     0.3608     0.0170
1199.6594     0.4148     0.048     0.783     0.1899     0.4148     0.2386     0.2688     0.2074     0.3608     0.0170
1199.7130     0.3895     0.047     0.782     0.1892     0.3895     0.2990     0.2688     0.2074     0.3608     0.0188
1199.7665     0.3349     0.044     0.781     0.1885     0.3349     0.2990     0.2688     0.2074     0.3608     0.0188
1199.8199     0.2777     0.041     0.780     0.1878     0.2777     0.2990     0.2688     0.2074     0.3608     0.0188
1199.8734     0.2410     0.038     0.779     0.1871     0.2410     0.2990     0.2688     0.2074     0.3608     0.0188
1199.9269     0.2517     0.039     0.778     0.1864     0.2517     0.2990     0.2688     0.2074     0.3608     0.0188
1199.9803     0.1134     0.027     0.777     0.1857     0.1134     0.0846     0.2001     0.2074     0.3176     0.0111
1200.0338     0.0751     0.024     0.776     0.1850     0.0751     0.0846     0.2001     0.2074     0.3176     0.0111
1200.0873     0.0611     0.022     0.774     0.1843     0.0611     0.0846     0.2001     0.2074     0.3176     0.0111
1200.1407     0.0429     0.020     0.773     0.1836     0.0429     0.0846     0.2001     0.2074     0.3176     0.0111
1200.1942     0.1304     0.029     0.772     0.1829     0.1304     0.0846     0.2001     0.2074     0.3176     0.0111
1200.2477     0.2275     0.038     0.771     0.1822     0.2275     0.3157     0.2001     0.3952     0.3176     0.0192
1200.3011     0.3676     0.045     0.770     0.1815     0.3676     0.3157     0.2001     0.3952     0.3176     0.0192
1200.3546     0.4115     0.049     0.770     0.1808     0.4115     0.3157     0.2001     0.3952     0.3176     0.0192
1200.4081     0.3192     0.043     0.769     0.1801     0.3192     0.3157     0.2001     0.3952     0.3176     0.0192
1200.4615     0.2526     0.038     0.768     0.1794     0.2526     0.3157     0.2001     0.3952     0.3176     0.0192
1200.5150     0.2346     0.038     0.767     0.1787     0.2346     0.2003     0.4350     0.3952     0.3176     0.0157
1200.5685     0.1307     0.030     0.766     0.1780     0.1307     0.2003     0.4350     0.3952     0.3176     0.0157
1200.6219     0.1814     0.033     0.765     0.1773     0.1814     0.2003     0.4350     0.3952     0.3176     0.0157
1200.6754     0.1755     0.034     0.764     0.1767     0.1755     0.2003     0.4350     0.3952     0.3176     0.0157
1200.7289     0.2790     0.040     0.763     0.1760     0.2790     0.2003     0.4350     0.3952     0.3176     0.0157
1200.7823     0.5225     0.055     0.762     0.1753     0.5225     0.6697     0.4350     0.3952     0.3176     0.0272
1200.8358     0.5724     0.056     0.761     0.1746     0.5724     0.6697     0.4350     0.3952     0.3176     0.0272
1200.8893     0.6900     0.062     0.760     0.1739     0.6900     0.6697     0.4350     0.3952     0.3176     0.0272
1200.9427     0.7861     0.065     0.759     0.1732     0.7861     0.6697     0.4350     0.3952     0.3176     0.0272
1200.9962     0.7778     0.066     0.758     0.1726     0.7778     0.6697     0.4350     0.3952     0.3176     0.0272
1201.0497     0.5833     0.056     0.757     0.1719     0.5833     0.7314     0.7457     0.7491     0.7443     0.0282
1201.1031     0.7301     0.064     0.756     0.1712     0.7301     0.7314     0.7457     0.7491     0.7443     0.0282
1201.1566     0.7623     0.064     0.755     0.1705     0.7623     0.7314     0.7457     0.7491     0.7443     0.0282
1201.2101     0.7636     0.065     0.754     0.1699     0.7636     0.7314     0.7457     0.7491     0.7443     0.0282
1201.2635     0.8177     0.066     0.754     0.1692     0.8177     0.7314     0.7457     0.7491     0.7443     0.0282
1201.3170     0.7871     0.066     0.753     0.1685     0.7871     0.7600     0.7457     0.7491     0.7443     0.0287
1201.3705     0.7498     0.063     0.752     0.1679     0.7498     0.7600     0.7457     0.7491     0.7443     0.0287
1201.4240     0.7655     0.065     0.751     0.1672     0.7655     0.7600     0.7457     0.7491     0.7443     0.0287
1201.4774     0.7741     0.064     0.750     0.1665     0.7741     0.7600     0.7457     0.7491     0.7443     0.0287
1201.5309     0.7236     0.062     0.749     0.1659     0.7236     0.7600     0.7457     0.7491     0.7443     0.0287
1201.5844     0.7404     0.063     0.748     0.1652     0.7404     0.7560     0.7428     0.7491     0.7443     0.0286
1201.6378     0.7636     0.065     0.747     0.1645     0.7636     0.7560     0.7428     0.7491     0.7443     0.0286
1201.6913     0.7763     0.064     0.747     0.1639     0.7763     0.7560     0.7428     0.7491     0.7443     0.0286
1201.7448     0.7753     0.065     0.746     0.1632     0.7753     0.7560     0.7428     0.7491     0.7443     0.0286
1201.7982     0.7243     0.063     0.745     0.1625     0.7243     0.7560     0.7428     0.7491     0.7443     0.0286
1201.8517     0.7217     0.061     0.744     0.1619     0.7217     0.7297     0.7428     0.7491     0.7443     0.0276
1201.9052     0.7285     0.062     0.743     0.1612     0.7285     0.7297     0.7428     0.7491     0.7443     0.0276
1201.9586     0.6974     0.060     0.742     0.1606     0.6974     0.7297     0.7428     0.7491     0.7443     0.0276
1202.0120     0.7594     0.063     0.742     0.1599     0.7594     0.7297     0.7428     0.7491     0.7443     0.0276
1202.0654     0.7415     0.062     0.741     0.1593     0.7415     0.7297     0.7428     0.7491     0.7443     0.0276
1202.1189     0.7647     0.065     0.740     0.1586     0.7647     0.7622     0.7588     0.7491     0.7762     0.0285
1202.1724     0.7329     0.062     0.739     0.1580     0.7329     0.7622     0.7588     0.7491     0.7762     0.0285
1202.2258     0.7684     0.065     0.738     0.1573     0.7684     0.7622     0.7588     0.7491     0.7762     0.0285
1202.2793     0.7006     0.060     0.738     0.1567     0.7006     0.7622     0.7588     0.7491     0.7762     0.0285
1202.3328     0.8447     0.067     0.737     0.1560     0.8447     0.7622     0.7588     0.7491     0.7762     0.0285
1202.3862     0.7241     0.062     0.736     0.1554     0.7241     0.7553     0.7588     0.7491     0.7762     0.0282
1202.4397     0.7530     0.062     0.735     0.1547     0.7530     0.7553     0.7588     0.7491     0.7762     0.0282
1202.4930     0.7865     0.065     0.735     0.1541     0.7865     0.7553     0.7588     0.7491     0.7762     0.0282
1202.5465     0.7497     0.063     0.734     0.1535     0.7497     0.7553     0.7588     0.7491     0.7762     0.0282
1202.6000     0.7633     0.063     0.733     0.1528     0.7633     0.7553     0.7588     0.7491     0.7762     0.0282
1202.6534     0.7519     0.063     0.732     0.1522     0.7519     0.7940     0.7936     0.7877     0.7762     0.0289
1202.7069     0.7802     0.064     0.731     0.1515     0.7802     0.7940     0.7936     0.7877     0.7762     0.0289
1202.7604     0.9132     0.069     0.731     0.1509     0.9132     0.7940     0.7936     0.7877     0.7762     0.0289
1202.8138     0.7508     0.063     0.730     0.1503     0.7508     0.7940     0.7936     0.7877     0.7762     0.0289
1202.8673     0.7737     0.064     0.729     0.1496     0.7737     0.7940     0.7936     0.7877     0.7762     0.0289
1202.9208     0.7335     0.061     0.729     0.1490     0.7335     0.7932     0.7936     0.7877     0.7762     0.0287
1202.9742     0.8181     0.066     0.728     0.1484     0.8181     0.7932     0.7936     0.7877     0.7762     0.0287
1203.0277     0.7834     0.064     0.727     0.1478     0.7834     0.7932     0.7936     0.7877     0.7762     0.0287
1203.0811     0.8277     0.066     0.726     0.1471     0.8277     0.7932     0.7936     0.7877     0.7762     0.0287
1203.1345     0.8032     0.064     0.726     0.1465     0.8032     0.7932     0.7936     0.7877     0.7762     0.0287
1203.1880     0.7681     0.064     0.725     0.1459     0.7681     0.7759     0.7746     0.7877     0.7861     0.0285
1203.2415     0.8128     0.066     0.724     0.1452     0.8128     0.7759     0.7746     0.7877     0.7861     0.0285
1203.2949     0.7874     0.064     0.724     0.1446     0.7874     0.7759     0.7746     0.7877     0.7861     0.0285
1203.3484     0.8155     0.065     0.723     0.1440     0.8155     0.7759     0.7746     0.7877     0.7861     0.0285
1203.4019     0.6960     0.060     0.722     0.1434     0.6960     0.7759     0.7746     0.7877     0.7861     0.0285
1203.4553     0.7284     0.062     0.722     0.1428     0.7284     0.7732     0.7746     0.7895     0.7861     0.0284
1203.5087     0.7663     0.063     0.721     0.1421     0.7663     0.7732     0.7746     0.7895     0.7861     0.0284
1203.5621     0.7094     0.061     0.720     0.1415     0.7094     0.7732     0.7746     0.7895     0.7861     0.0284
1203.6156     0.8540     0.066     0.720     0.1409     0.8540     0.7732     0.7746     0.7895     0.7861     0.0284
1203.6691     0.8078     0.065     0.719     0.1403     0.8078     0.7732     0.7746     0.7895     0.7861     0.0284
1203.7225     0.8816     0.067     0.718     0.1397     0.8816     0.8118     0.7977     0.7895     0.7861     0.0288
1203.7760     0.7650     0.064     0.718     0.1391     0.7650     0.8118     0.7977     0.7895     0.7861     0.0288
1203.8295     0.8556     0.064     0.717     0.1385     0.8556     0.8118     0.7977     0.7895     0.7861     0.0288
1203.8829     0.7810     0.064     0.716     0.1379     0.7810     0.8118     0.7977     0.7895     0.7861     0.0288
1203.9363     0.7759     0.063     0.716     0.1373     0.7759     0.8118     0.7977     0.7895     0.7861     0.0288
1203.9897     0.8620     0.067     0.715     0.1367     0.8620     0.7836     0.7977     0.7895     0.7861     0.0285
1204.0432     0.6914     0.059     0.715     0.1361     0.6914     0.7836     0.7977     0.7895     0.7861     0.0285
1204.0967     0.8004     0.064     0.714     0.1354     0.8004     0.7836     0.7977     0.7895     0.7861     0.0285
1204.1501     0.7651     0.062     0.713     0.1348     0.7651     0.7836     0.7977     0.7895     0.7861     0.0285
1204.2036     0.7990     0.065     0.713     0.1342     0.7990     0.7836     0.7977     0.7895     0.7861     0.0285
1204.2570     0.6897     0.059     0.712     0.1336     0.6897     0.7587     0.7630     0.7474     0.7454     0.0279
1204.3104     0.8421     0.067     0.712     0.1331     0.8421     0.7587     0.7630     0.7474     0.7454     0.0279
1204.3639     0.7272     0.060     0.711     0.1325     0.7272     0.7587     0.7630     0.7474     0.7454     0.0279
1204.4174     0.8039     0.064     0.711     0.1319     0.8039     0.7587     0.7630     0.7474     0.7454     0.0279
1204.4708     0.7308     0.061     0.710     0.1313     0.7308     0.7587     0.7630     0.7474     0.7454     0.0279
1204.5243     0.7287     0.061     0.709     0.1307     0.7287     0.7672     0.7630     0.7474     0.7454     0.0279
1204.5776     0.7773     0.062     0.709     0.1301     0.7773     0.7672     0.7630     0.7474     0.7454     0.0279
1204.6311     0.7917     0.063     0.708     0.1295     0.7917     0.7672     0.7630     0.7474     0.7454     0.0279
1204.6846     0.7501     0.061     0.708     0.1289     0.7501     0.7672     0.7630     0.7474     0.7454     0.0279
1204.7380     0.7883     0.064     0.707     0.1283     0.7883     0.7672     0.7630     0.7474     0.7454     0.0279
1204.7915     0.7687     0.062     0.707     0.1277     0.7687     0.7164     0.7278     0.7474     0.7454     0.0270
1204.8448     0.6609     0.059     0.706     0.1271     0.6609     0.7164     0.7278     0.7474     0.7454     0.0270
1204.8983     0.6994     0.059     0.706     0.1266     0.6994     0.7164     0.7278     0.7474     0.7454     0.0270
1204.9518     0.7134     0.061     0.705     0.1260     0.7134     0.7164     0.7278     0.7474     0.7454     0.0270
1205.0052     0.7398     0.061     0.705     0.1254     0.7398     0.7164     0.7278     0.7474     0.7454     0.0270
1205.0587     0.6853     0.060     0.704     0.1248     0.6853     0.7392     0.7278     0.7090     0.7454     0.0274
1205.1121     0.7422     0.061     0.704     0.1242     0.7422     0.7392     0.7278     0.7090     0.7454     0.0274
1205.1655     0.7797     0.063     0.703     0.1237     0.7797     0.7392     0.7278     0.7090     0.7454     0.0274
1205.2190     0.7362     0.061     0.703     0.1231     0.7362     0.7392     0.7278     0.7090     0.7454     0.0274
1205.2725     0.7524     0.062     0.702     0.1225     0.7524     0.7392     0.7278     0.7090     0.7454     0.0274
1205.3258     0.7882     0.063     0.702     0.1219     0.7882     0.7438     0.6939     0.7090     0.4186     0.0275
1205.3793     0.7519     0.062     0.701     0.1214     0.7519     0.7438     0.6939     0.7090     0.4186     0.0275
1205.4327     0.6792     0.060     0.701     0.1208     0.6792     0.7438     0.6939     0.7090     0.4186     0.0275
1205.4862     0.7671     0.061     0.700     0.1202     0.7671     0.7438     0.6939     0.7090     0.4186     0.0275
1205.5397     0.7324     0.062     0.700     0.1197     0.7324     0.7438     0.6939     0.7090     0.4186     0.0275
1205.5930     0.6961     0.059     0.699     0.1191     0.6961     0.6441     0.6939     0.7090     0.4186     0.0258
1205.6465     0.6649     0.058     0.699     0.1185     0.6649     0.6441     0.6939     0.7090     0.4186     0.0258
1205.7000     0.6595     0.059     0.698     0.1180     0.6595     0.6441     0.6939     0.7090     0.4186     0.0258
1205.7534     0.6377     0.058     0.698     0.1174     0.6377     0.6441     0.6939     0.7090     0.4186     0.0258
1205.8068     0.5620     0.054     0.698     0.1169     0.5620     0.6441     0.6939     0.7090     0.4186     0.0258
1205.8602     0.4648     0.050     0.697     0.1163     0.4648     0.2267     0.1432     0.1810     0.4186     0.0161
1205.9137     0.3797     0.045     0.697     0.1157     0.3797     0.2267     0.1432     0.1810     0.4186     0.0161
1205.9672     0.1174     0.028     0.696     0.1152     0.1174     0.2267     0.1432     0.1810     0.4186     0.0161
1206.0205     0.1000     0.026     0.696     0.1146     0.1000     0.2267     0.1432     0.1810     0.4186     0.0161
1206.0740     0.0717     0.023     0.696     0.1141     0.0717     0.2267     0.1432     0.1810     0.4186     0.0161
1206.1274     0.0473     0.022     0.695     0.1135     0.0473     0.0597     0.1432     0.1810     0.4186     0.0101
1206.1808     0.0174     0.018     0.695     0.1130     0.0174     0.0597     0.1432     0.1810     0.4186     0.0101
1206.2343     0.0504     0.021     0.694     0.1124     0.0504     0.0597     0.1432     0.1810     0.4186     0.0101
1206.2877     0.0732     0.024     0.694     0.1119     0.0732     0.0597     0.1432     0.1810     0.4186     0.0101
1206.3412     0.1100     0.027     0.694     0.1113     0.1100     0.0597     0.1432     0.1810     0.4186     0.0101
1206.3945     0.0630     0.023     0.693     0.1108     0.0630     0.2567     0.4779     0.1810     0.6237     0.0168
1206.4480     0.1549     0.031     0.693     0.1102     0.1549     0.2567     0.4779     0.1810     0.6237     0.0168
1206.5015     0.2385     0.037     0.693     0.1097     0.2385     0.2567     0.4779     0.1810     0.6237     0.0168
1206.5548     0.4056     0.045     0.692     0.1091     0.4056     0.2567     0.4779     0.1810     0.6237     0.0168
1206.6083     0.4214     0.047     0.692     0.1086     0.4214     0.2567     0.4779     0.1810     0.6237     0.0168
1206.6617     0.6438     0.057     0.691     0.1081     0.6438     0.6992     0.4779     0.7460     0.6237     0.0263
1206.7152     0.6773     0.058     0.691     0.1075     0.6773     0.6992     0.4779     0.7460     0.6237     0.0263
1206.7686     0.7275     0.060     0.691     0.1070     0.7275     0.6992     0.4779     0.7460     0.6237     0.0263
1206.8220     0.6897     0.058     0.690     0.1064     0.6897     0.6992     0.4779     0.7460     0.6237     0.0263
1206.8755     0.7577     0.061     0.690     0.1059     0.7577     0.6992     0.4779     0.7460     0.6237     0.0263
1206.9288     0.8301     0.063     0.690     0.1054     0.8301     0.7659     0.7694     0.7460     0.6237     0.0274
1206.9823     0.7726     0.062     0.690     0.1048     0.7726     0.7659     0.7694     0.7460     0.6237     0.0274
1207.0358     0.8324     0.064     0.689     0.1043     0.8324     0.7659     0.7694     0.7460     0.6237     0.0274
1207.0891     0.7229     0.060     0.689     0.1038     0.7229     0.7659     0.7694     0.7460     0.6237     0.0274
1207.1426     0.6714     0.057     0.689     0.1033     0.6714     0.7659     0.7694     0.7460     0.6237     0.0274
1207.1960     0.8145     0.064     0.688     0.1027     0.8145     0.7730     0.7694     0.7460     0.6237     0.0275
1207.2494     0.8308     0.063     0.688     0.1022     0.8308     0.7730     0.7694     0.7460     0.6237     0.0275
1207.3029     0.7527     0.060     0.688     0.1017     0.7527     0.7730     0.7694     0.7460     0.6237     0.0275
1207.3563     0.8156     0.063     0.688     0.1012     0.8156     0.7730     0.7694     0.7460     0.6237     0.0275
1207.4097     0.6514     0.057     0.687     0.1006     0.6514     0.7730     0.7694     0.7460     0.6237     0.0275
1207.4630     0.7260     0.058     0.687     0.1001     0.7260     0.7349     0.7748     0.7738     0.7778     0.0269
1207.5165     0.7485     0.062     0.687     0.0996     0.7485     0.7349     0.7748     0.7738     0.7778     0.0269
1207.5698     0.7412     0.059     0.687     0.0991     0.7412     0.7349     0.7748     0.7738     0.7778     0.0269
1207.6233     0.7382     0.062     0.686     0.0986     0.7382     0.7349     0.7748     0.7738     0.7778     0.0269
1207.6768     0.7209     0.060     0.686     0.0981     0.7209     0.7349     0.7748     0.7738     0.7778     0.0269
1207.7301     0.8505     0.064     0.686     0.0975     0.8505     0.8147     0.7748     0.7738     0.7778     0.0281
1207.7836     0.8195     0.062     0.686     0.0970     0.8195     0.8147     0.7748     0.7738     0.7778     0.0281
1207.8370     0.7890     0.063     0.685     0.0965     0.7890     0.8147     0.7748     0.7738     0.7778     0.0281
1207.8904     0.8350     0.063     0.685     0.0960     0.8350     0.8147     0.7748     0.7738     0.7778     0.0281
1207.9438     0.7797     0.063     0.685     0.0955     0.7797     0.8147     0.7748     0.7738     0.7778     0.0281
1207.9973     0.8138     0.062     0.685     0.0950     0.8138     0.7718     0.7808     0.7738     0.7778     0.0273
1208.0507     0.7549     0.061     0.685     0.0945     0.7549     0.7718     0.7808     0.7738     0.7778     0.0273
1208.1041     0.6960     0.058     0.684     0.0940     0.6960     0.7718     0.7808     0.7738     0.7778     0.0273
1208.1575     0.8499     0.063     0.684     0.0935     0.8499     0.7718     0.7808     0.7738     0.7778     0.0273
1208.2109     0.7442     0.060     0.684     0.0930     0.7442     0.7718     0.7808     0.7738     0.7778     0.0273
1208.2644     0.8000     0.062     0.684     0.0925     0.8000     0.7899     0.7808     0.8002     0.7778     0.0276
1208.3177     0.8782     0.064     0.684     0.0920     0.8782     0.7899     0.7808     0.8002     0.7778     0.0276
1208.3712     0.7685     0.062     0.683     0.0915     0.7685     0.7899     0.7808     0.8002     0.7778     0.0276
1208.4247     0.7441     0.060     0.683     0.0910     0.7441     0.7899     0.7808     0.8002     0.7778     0.0276
1208.4780     0.7588     0.061     0.683     0.0905     0.7588     0.7899     0.7808     0.8002     0.7778     0.0276
1208.5315     0.8585     0.063     0.683     0.0900     0.8585     0.8136     0.8053     0.8002     0.8017     0.0278
1208.5848     0.8133     0.063     0.683     0.0895     0.8133     0.8136     0.8053     0.8002     0.8017     0.0278
1208.6383     0.8245     0.062     0.683     0.0890     0.8245     0.8136     0.8053     0.8002     0.8017     0.0278
1208.6918     0.6677     0.057     0.683     0.0885     0.6677     0.8136     0.8053     0.8002     0.8017     0.0278
1208.7451     0.9039     0.065     0.682     0.0880     0.9039     0.8136     0.8053     0.8002     0.8017     0.0278
1208.7986     0.7715     0.060     0.682     0.0875     0.7715     0.7970     0.8053     0.8002     0.8017     0.0275
1208.8519     0.7815     0.061     0.682     0.0871     0.7815     0.7970     0.8053     0.8002     0.8017     0.0275
1208.9054     0.7923     0.061     0.682     0.0866     0.7923     0.7970     0.8053     0.8002     0.8017     0.0275
1208.9587     0.7852     0.062     0.682     0.0861     0.7852     0.7970     0.8053     0.8002     0.8017     0.0275
1209.0122     0.8548     0.064     0.682     0.0856     0.8548     0.7970     0.8053     0.8002     0.8017     0.0275
1209.0657     0.8100     0.064     0.682     0.0851     0.8100     0.8099     0.7981     0.7983     0.8017     0.0277
1209.1190     0.8620     0.063     0.682     0.0846     0.8620     0.8099     0.7981     0.7983     0.8017     0.0277
1209.1725     0.7784     0.060     0.682     0.0842     0.7784     0.8099     0.7981     0.7983     0.8017     0.0277
1209.2258     0.8131     0.062     0.682     0.0837     0.8131     0.8099     0.7981     0.7983     0.8017     0.0277
1209.2793     0.7860     0.060     0.682     0.0832     0.7860     0.8099     0.7981     0.7983     0.8017     0.0277
1209.3326     0.8388     0.064     0.681     0.0827     0.8388     0.7864     0.7981     0.7983     0.8017     0.0273
1209.3861     0.7807     0.061     0.681     0.0823     0.7807     0.7864     0.7981     0.7983     0.8017     0.0273
1209.4396     0.8006     0.061     0.681     0.0818     0.8006     0.7864     0.7981     0.7983     0.8017     0.0273
1209.4929     0.7585     0.060     0.681     0.0813     0.7585     0.7864     0.7981     0.7983     0.8017     0.0273
1209.5464     0.7531     0.059     0.681     0.0809     0.7531     0.7864     0.7981     0.7983     0.8017     0.0273
1209.5997     0.7966     0.062     0.681     0.0804     0.7966     0.7986     0.7643     0.7983     0.7547     0.0275
1209.6532     0.7760     0.060     0.681     0.0799     0.7760     0.7986     0.7643     0.7983     0.7547     0.0275
1209.7065     0.8360     0.062     0.681     0.0795     0.8360     0.7986     0.7643     0.7983     0.7547     0.0275
1209.7600     0.8068     0.062     0.681     0.0790     0.8068     0.7986     0.7643     0.7983     0.7547     0.0275
1209.8134     0.7776     0.062     0.681     0.0785     0.7776     0.7986     0.7643     0.7983     0.7547     0.0275
1209.8668     0.7278     0.058     0.681     0.0781     0.7278     0.7300     0.7643     0.7400     0.7547     0.0263
1209.9202     0.8241     0.063     0.681     0.0776     0.8241     0.7300     0.7643     0.7400     0.7547     0.0263
1209.9736     0.7390     0.058     0.681     0.0772     0.7390     0.7300     0.7643     0.7400     0.7547     0.0263
1210.0271     0.6784     0.057     0.681     0.0767     0.6784     0.7300     0.7643     0.7400     0.7547     0.0263
1210.0804     0.6808     0.057     0.681     0.0762     0.6808     0.7300     0.7643     0.7400     0.7547     0.0263
1210.1339     0.7554     0.060     0.681     0.0758     0.7554     0.7679     0.7450     0.7400     0.7547     0.0268
1210.1873     0.7349     0.059     0.681     0.0753     0.7349     0.7679     0.7450     0.7400     0.7547     0.0268
1210.2407     0.7592     0.059     0.681     0.0749     0.7592     0.7679     0.7450     0.7400     0.7547     0.0268
1210.2941     0.8000     0.061     0.681     0.0744     0.8000     0.7679     0.7450     0.7400     0.7547     0.0268
1210.3475     0.7901     0.061     0.681     0.0740     0.7901     0.7679     0.7450     0.7400     0.7547     0.0268
1210.4009     0.7907     0.060     0.681     0.0735     0.7907     0.7221     0.7450     0.7400     0.7547     0.0260
1210.4543     0.6292     0.055     0.681     0.0731     0.6292     0.7221     0.7450     0.7400     0.7547     0.0260
1210.5077     0.7018     0.057     0.681     0.0726     0.7018     0.7221     0.7450     0.7400     0.7547     0.0260
1210.5612     0.7501     0.059     0.681     0.0722     0.7501     0.7221     0.7450     0.7400     0.7547     0.0260
1210.6145     0.7387     0.059     0.681     0.0718     0.7387     0.7221     0.7450     0.7400     0.7547     0.0260
1210.6680     0.7834     0.059     0.682     0.0713     0.7834     0.7424     0.7255     0.7097     0.7135     0.0262
1210.7213     0.7185     0.058     0.682     0.0709     0.7185     0.7424     0.7255     0.7097     0.7135     0.0262
1210.7748     0.7389     0.059     0.682     0.0704     0.7389     0.7424     0.7255     0.7097     0.7135     0.0262
1210.8281     0.7499     0.059     0.682     0.0700     0.7499     0.7424     0.7255     0.7097     0.7135     0.0262
1210.8816     0.7213     0.057     0.682     0.0696     0.7213     0.7424     0.7255     0.7097     0.7135     0.0262
1210.9349     0.7348     0.059     0.682     0.0691     0.7348     0.7086     0.7255     0.7097     0.7135     0.0257
1210.9883     0.7075     0.057     0.682     0.0687     0.7075     0.7086     0.7255     0.7097     0.7135     0.0257
1211.0417     0.7111     0.059     0.682     0.0683     0.7111     0.7086     0.7255     0.7097     0.7135     0.0257
1211.0951     0.6856     0.055     0.682     0.0678     0.6856     0.7086     0.7255     0.7097     0.7135     0.0257
1211.1486     0.7042     0.059     0.682     0.0674     0.7042     0.7086     0.7255     0.7097     0.7135     0.0257
1211.2019     0.6646     0.054     0.683     0.0670     0.6646     0.6780     0.7015     0.7097     0.7135     0.0249
1211.2554     0.6796     0.057     0.683     0.0666     0.6796     0.6780     0.7015     0.7097     0.7135     0.0249
1211.3087     0.6793     0.056     0.683     0.0661     0.6793     0.6780     0.7015     0.7097     0.7135     0.0249
1211.3622     0.6515     0.055     0.683     0.0657     0.6515     0.6780     0.7015     0.7097     0.7135     0.0249
1211.4155     0.7153     0.056     0.683     0.0653     0.7153     0.6780     0.7015     0.7097     0.7135     0.0249
1211.4690     0.7253     0.058     0.683     0.0649     0.7253     0.7250     0.7015     0.6904     0.7135     0.0259
1211.5223     0.7543     0.058     0.683     0.0644     0.7543     0.7250     0.7015     0.6904     0.7135     0.0259
1211.5758     0.7463     0.059     0.684     0.0640     0.7463     0.7250     0.7015     0.6904     0.7135     0.0259
1211.6292     0.7410     0.059     0.684     0.0636     0.7410     0.7250     0.7015     0.6904     0.7135     0.0259
1211.6825     0.6581     0.055     0.684     0.0632     0.6581     0.7250     0.7015     0.6904     0.7135     0.0259
1211.7360     0.6548     0.055     0.684     0.0628     0.6548     0.6852     0.6731     0.6904     0.6490     0.0252
1211.7893     0.6947     0.057     0.684     0.0624     0.6947     0.6852     0.6731     0.6904     0.6490     0.0252
1211.8428     0.7151     0.058     0.684     0.0619     0.7151     0.6852     0.6731     0.6904     0.6490     0.0252
1211.8961     0.7208     0.058     0.685     0.0615     0.7208     0.6852     0.6731     0.6904     0.6490     0.0252
1211.9496     0.6403     0.054     0.685     0.0611     0.6403     0.6852     0.6731     0.6904     0.6490     0.0252
1212.0029     0.7201     0.057     0.685     0.0607     0.7201     0.6610     0.6731     0.6904     0.6490     0.0246
1212.0563     0.6346     0.054     0.685     0.0603     0.6346     0.6610     0.6731     0.6904     0.6490     0.0246
1212.1097     0.6606     0.055     0.685     0.0599     0.6606     0.6610     0.6731     0.6904     0.6490     0.0246
1212.1631     0.6627     0.055     0.686     0.0595     0.6627     0.6610     0.6731     0.6904     0.6490     0.0246
1212.2166     0.6271     0.053     0.686     0.0591     0.6271     0.6610     0.6731     0.6904     0.6490     0.0246
1212.2699     0.7217     0.057     0.686     0.0587     0.7217     0.6654     0.6249     0.5830     0.6490     0.0246
1212.3232     0.6567     0.055     0.686     0.0583     0.6567     0.6654     0.6249     0.5830     0.6490     0.0246
1212.3767     0.6394     0.054     0.687     0.0579     0.6394     0.6654     0.6249     0.5830     0.6490     0.0246
1212.4301     0.6134     0.052     0.687     0.0575     0.6134     0.6654     0.6249     0.5830     0.6490     0.0246
1212.4835     0.6956     0.056     0.687     0.0571     0.6956     0.6654     0.6249     0.5830     0.6490     0.0246
1212.5369     0.5715     0.052     0.687     0.0567     0.5715     0.5845     0.6249     0.5830     0.6490     0.0231
1212.5902     0.6070     0.052     0.688     0.0563     0.6070     0.5845     0.6249     0.5830     0.6490     0.0231
1212.6437     0.5669     0.052     0.688     0.0559     0.5669     0.5845     0.6249     0.5830     0.6490     0.0231
1212.6970     0.5931     0.052     0.688     0.0555     0.5931     0.5845     0.6249     0.5830     0.6490     0.0231
1212.7505     0.5838     0.051     0.689     0.0551     0.5838     0.5845     0.6249     0.5830     0.6490     0.0231
1212.8038     0.5713     0.050     0.689     0.0548     0.5713     0.4991     0.3669     0.5830     0.3631     0.0214
1212.8572     0.6112     0.053     0.689     0.0544     0.6112     0.4991     0.3669     0.5830     0.3631     0.0214
1212.9106     0.5508     0.050     0.689     0.0540     0.5508     0.4991     0.3669     0.5830     0.3631     0.0214
1212.9639     0.4609     0.047     0.690     0.0536     0.4609     0.4991     0.3669     0.5830     0.3631     0.0214
1213.0172     0.3015     0.039     0.690     0.0532     0.3015     0.4991     0.3669     0.5830     0.3631     0.0214
1213.0707     0.2360     0.034     0.690     0.0528     0.2360     0.2346     0.3669     0.3177     0.3631     0.0154
1213.1240     0.2032     0.033     0.691     0.0525     0.2032     0.2346     0.3669     0.3177     0.3631     0.0154
1213.1774     0.1835     0.030     0.691     0.0521     0.1835     0.2346     0.3669     0.3177     0.3631     0.0154
1213.2308     0.2487     0.036     0.691     0.0517     0.2487     0.2346     0.3669     0.3177     0.3631     0.0154
1213.2842     0.3016     0.038     0.692     0.0513     0.3016     0.2346     0.3669     0.3177     0.3631     0.0154
1213.3376     0.3050     0.038     0.692     0.0509     0.3050     0.3564     0.3593     0.3177     0.3631     0.0185
1213.3910     0.3846     0.043     0.692     0.0506     0.3846     0.3564     0.3593     0.3177     0.3631     0.0185
1213.4443     0.4417     0.046     0.693     0.0502     0.4417     0.3564     0.3593     0.3177     0.3631     0.0185
1213.4978     0.2975     0.038     0.693     0.0498     0.2975     0.3564     0.3593     0.3177     0.3631     0.0185
1213.5511     0.3533     0.041     0.693     0.0495     0.3533     0.3564     0.3593     0.3177     0.3631     0.0185
1213.6045     0.3745     0.042     0.694     0.0491     0.3745     0.3622     0.3593     0.3177     0.3631     0.0185
1213.6580     0.3894     0.042     0.694     0.0487     0.3894     0.3622     0.3593     0.3177     0.3631     0.0185
1213.7113     0.3816     0.042     0.695     0.0484     0.3816     0.3622     0.3593     0.3177     0.3631     0.0185
1213.7646     0.3541     0.041     0.695     0.0480     0.3541     0.3622     0.3593     0.3177     0.3631     0.0185
1213.8181     0.3113     0.038     0.695     0.0476     0.3113     0.3622     0.3593     0.3177     0.3631     0.0185
1213.8715     0.2895     0.038     0.696     0.0473     0.2895     0.2580     0.2187     0.1908     0.1790     0.0160
1213.9248     0.2802     0.037     0.696     0.0469     0.2802     0.2580     0.2187     0.1908     0.1790     0.0160
1213.9783     0.2447     0.035     0.697     0.0466     0.2447     0.2580     0.2187     0.1908     0.1790     0.0160
1214.0316     0.2892     0.037     0.697     0.0462     0.2892     0.2580     0.2187     0.1908     0.1790     0.0160
1214.0850     0.1861     0.031     0.697     0.0458     0.1861     0.2580     0.2187     0.1908     0.1790     0.0160
1214.1383     0.1827     0.031     0.698     0.0455     0.1827     0.1794     0.2187     0.1908     0.1790     0.0137
1214.1918     0.2279     0.034     0.698     0.0451     0.2279     0.1794     0.2187     0.1908     0.1790     0.0137
1214.2451     0.1310     0.027     0.699     0.0448     0.1310     0.1794     0.2187     0.1908     0.1790     0.0137
1214.2985     0.1844     0.031     0.699     0.0444     0.1844     0.1794     0.2187     0.1908     0.1790     0.0137
1214.3519     0.1710     0.031     0.700     0.0441     0.1710     0.1794     0.2187     0.1908     0.1790     0.0137
1214.4053     0.1321     0.027     0.700     0.0437     0.1321     0.1351     0.1394     0.1908     0.1790     0.0122
1214.4586     0.1986     0.032     0.700     0.0434     0.1986     0.1351     0.1394     0.1908     0.1790     0.0122
1214.5121     0.1228     0.026     0.701     0.0430     0.1228     0.1351     0.1394     0.1908     0.1790     0.0122
1214.5654     0.1215     0.027     0.701     0.0427     0.1215     0.1351     0.1394     0.1908     0.1790     0.0122
1214.6188     0.1003     0.024     0.702     0.0424     0.1003     0.1351     0.1394     0.1908     0.1790     0.0122
1214.6721     0.1253     0.027     0.702     0.0420     0.1253     0.1437     0.1394     0.1011     0.1790     0.0125
1214.7256     0.0814     0.022     0.703     0.0417     0.0814     0.1437     0.1394     0.1011     0.1790     0.0125
1214.7789     0.1657     0.030     0.703     0.0413     0.1657     0.1437     0.1394     0.1011     0.1790     0.0125
1214.8323     0.1549     0.028     0.704     0.0410     0.1549     0.1437     0.1394     0.1011     0.1790     0.0125
1214.8856     0.1915     0.031     0.704     0.0407     0.1915     0.1437     0.1394     0.1011     0.1790     0.0125
1214.9391     0.2415     0.034     0.705     0.0403     0.2415     0.1114     0.0797     0.1011     0.1107     0.0172
1214.9924     0.2066     0.032     0.705     0.0400     0.2066     0.1114     0.0797     0.1011     0.1107     0.0172
1215.0458     0.0487     0.040     0.706     0.0397     0.0487     0.1114     0.0797     0.1011     0.1107     0.0172
1215.0991     0.0355     0.040     0.706     0.0393     0.0355     0.1114     0.0797     0.1011     0.1107     0.0172
1215.1526     0.0245     0.045     0.707     0.0390     0.0245     0.1114     0.0797     0.1011     0.1107     0.0172
1215.2059     0.0320     0.048     0.707     0.0387     0.0320     0.0481     0.0797     0.1011     0.1107     0.0278
1215.2593    -0.0292     0.053     0.708     0.0384    -0.0292     0.0481     0.0797     0.1011     0.1107     0.0278
1215.3126     0.1666     0.061     0.709     0.0380     0.1666     0.0481     0.0797     0.1011     0.1107     0.0278
1215.3661     0.0181     0.065     0.709     0.0377     0.0181     0.0481     0.0797     0.1011     0.1107     0.0278
1215.4194     0.0527     0.079     0.710     0.0374     0.0527     0.0481     0.0797     0.1011     0.1107     0.0278
1215.4728    -0.0575     0.101     0.710     0.0371    -0.0575     0.1271     0.1417     0.0675     0.1107     0.0886
1215.5261     0.1883     0.151     0.711     0.0367     0.1883     0.1271     0.1417     0.0675     0.1107     0.0886
1215.5796     0.2850     0.207     0.711     0.0364     0.2850     0.1271     0.1417     0.0675     0.1107     0.0886
1215.6329     0.3805     0.242     0.712     0.0361     0.3805     0.1271     0.1417     0.0675     0.1107     0.0886
1215.6863    -0.1607     0.249     0.712     0.0358    -0.1607     0.1271     0.1417     0.0675     0.1107     0.0886
1215.7396     0.4137     0.250     0.713     0.0355     0.4137     0.1564     0.1417     0.0675     0.1107     0.0960
1215.7931    -0.0935     0.249     0.714     0.0352    -0.0935     0.1564     0.1417     0.0675     0.1107     0.0960
1215.8464     0.2911     0.231     0.714     0.0349     0.2911     0.1564     0.1417     0.0675     0.1107     0.0960
1215.8998     0.1796     0.189     0.715     0.0345     0.1796     0.1564     0.1417     0.0675     0.1107     0.0960
1215.9531    -0.0090     0.130     0.715     0.0342    -0.0090     0.1564     0.1417     0.0675     0.1107     0.0960
1216.0065    -0.1417     0.086     0.716     0.0339    -0.1417    -0.0810     0.0442     0.0675     0.1442     0.0286
1216.0599    -0.0534     0.071     0.717     0.0336    -0.0534    -0.0810     0.0442     0.0675     0.1442     0.0286
1216.1133    -0.1149     0.060     0.717     0.0333    -0.1149    -0.0810     0.0442     0.0675     0.1442     0.0286
1216.1666    -0.0402     0.051     0.718     0.0330    -0.0402    -0.0810     0.0442     0.0675     0.1442     0.0286
1216.2200    -0.0547     0.044     0.719     0.0327    -0.0547    -0.0810     0.0442     0.0675     0.1442     0.0286
1216.2733    -0.0096     0.042     0.719     0.0324    -0.0096     0.1694     0.0442     0.2192     0.1442     0.0172
1216.3268    -0.0134     0.040     0.720     0.0321    -0.0134     0.1694     0.0442     0.2192     0.1442     0.0172
1216.3801     0.2996     0.038     0.721     0.0318     0.2996     0.1694     0.0442     0.2192     0.1442     0.0172
1216.4335     0.2807     0.036     0.721     0.0315     0.2807     0.1694     0.0442     0.2192     0.1442     0.0172
1216.4868     0.2899     0.036     0.722     0.0312     0.2899     0.1694     0.0442     0.2192     0.1442     0.0172
1216.5402     0.2627     0.035     0.723     0.0309     0.2627     0.2265     0.2441     0.2192     0.1442     0.0148
1216.5936     0.1880     0.031     0.723     0.0306     0.1880     0.2265     0.2441     0.2192     0.1442     0.0148
1216.6470     0.2239     0.034     0.724     0.0304     0.2239     0.2265     0.2441     0.2192     0.1442     0.0148
1216.7003     0.2025     0.031     0.725     0.0301     0.2025     0.2265     0.2441     0.2192     0.1442     0.0148
1216.7537     0.2555     0.035     0.725     0.0298     0.2555     0.2265     0.2441     0.2192     0.1442     0.0148
1216.8070     0.2437     0.033     0.726     0.0295     0.2437     0.2616     0.2441     0.2192     0.1442     0.0155
1216.8604     0.2192     0.033     0.727     0.0292     0.2192     0.2616     0.2441     0.2192     0.1442     0.0155
1216.9138     0.2684     0.035     0.727     0.0289     0.2684     0.2616     0.2441     0.2192     0.1442     0.0155
1216.9672     0.2759     0.035     0.728     0.0286     0.2759     0.2616     0.2441     0.2192     0.1442     0.0155
1217.0205     0.3010     0.037     0.729     0.0284     0.3010     0.2616     0.2441     0.2192     0.1442     0.0155
1217.0739     0.3164     0.038     0.730     0.0281     0.3164     0.3299     0.3589     0.3969     0.4218     0.0171
1217.1272     0.3376     0.039     0.730     0.0278     0.3376     0.3299     0.3589     0.3969     0.4218     0.0171
1217.1805     0.2804     0.036     0.731     0.0275     0.2804     0.3299     0.3589     0.3969     0.4218     0.0171
1217.2339     0.3463     0.039     0.732     0.0273     0.3463     0.3299     0.3589     0.3969     0.4218     0.0171
1217.2874     0.3688     0.040     0.733     0.0270     0.3688     0.3299     0.3589     0.3969     0.4218     0.0171
1217.3407     0.4028     0.042     0.733     0.0267     0.4028     0.3880     0.3589     0.3969     0.4218     0.0183
1217.3940     0.3602     0.040     0.734     0.0264     0.3602     0.3880     0.3589     0.3969     0.4218     0.0183
1217.4474     0.3373     0.039     0.735     0.0262     0.3373     0.3880     0.3589     0.3969     0.4218     0.0183
1217.5007     0.4074     0.041     0.736     0.0259     0.4074     0.3880     0.3589     0.3969     0.4218     0.0183
1217.5541     0.4321     0.043     0.736     0.0256     0.4321     0.3880     0.3589     0.3969     0.4218     0.0183
1217.6074     0.3974     0.042     0.737     0.0254     0.3974     0.4727     0.4846     0.3969     0.4218     0.0200
1217.6608     0.3695     0.040     0.738     0.0251     0.3695     0.4727     0.4846     0.3969     0.4218     0.0200
1217.7142     0.5479     0.048     0.739     0.0249     0.5479     0.4727     0.4846     0.3969     0.4218     0.0200
1217.7676     0.5294     0.047     0.739     0.0246     0.5294     0.4727     0.4846     0.3969     0.4218     0.0200
1217.8209     0.5194     0.046     0.740     0.0243     0.5194     0.4727     0.4846     0.3969     0.4218     0.0200
1217.8743     0.4126     0.042     0.741     0.0241     0.4126     0.4964     0.4846     0.5506     0.4218     0.0205
1217.9276     0.4705     0.044     0.742     0.0238     0.4705     0.4964     0.4846     0.5506     0.4218     0.0205
1217.9810     0.5646     0.049     0.743     0.0236     0.5646     0.4964     0.4846     0.5506     0.4218     0.0205
1218.0343     0.5873     0.049     0.744     0.0233     0.5873     0.4964     0.4846     0.5506     0.4218     0.0205
1218.0876     0.4472     0.044     0.744     0.0231     0.4472     0.4964     0.4846     0.5506     0.4218     0.0205
1218.1410     0.5699     0.048     0.745     0.0228     0.5699     0.5642     0.5777     0.5506     0.6152     0.0216
1218.1943     0.5685     0.049     0.746     0.0226     0.5685     0.5642     0.5777     0.5506     0.6152     0.0216
1218.2478     0.6633     0.052     0.747     0.0223     0.6633     0.5642     0.5777     0.5506     0.6152     0.0216
1218.3011     0.5199     0.047     0.748     0.0221     0.5199     0.5642     0.5777     0.5506     0.6152     0.0216
1218.3545     0.4995     0.045     0.749     0.0218     0.4995     0.5642     0.5777     0.5506     0.6152     0.0216
1218.4077     0.5740     0.050     0.749     0.0216     0.5740     0.5912     0.5777     0.5506     0.6152     0.0223
1218.4611     0.6033     0.050     0.750     0.0214     0.6033     0.5912     0.5777     0.5506     0.6152     0.0223
1218.5144     0.5562     0.049     0.751     0.0211     0.5562     0.5912     0.5777     0.5506     0.6152     0.0223
1218.5677     0.5561     0.048     0.752     0.0209     0.5561     0.5912     0.5777     0.5506     0.6152     0.0223
1218.6211     0.6663     0.053     0.753     0.0206     0.6663     0.5912     0.5777     0.5506     0.6152     0.0223
1218.6744     0.5663     0.048     0.754     0.0204     0.5663     0.6132     0.6527     0.6009     0.6152     0.0225
1218.7278     0.5258     0.048     0.755     0.0202     0.5258     0.6132     0.6527     0.6009     0.6152     0.0225
1218.7811     0.6722     0.052     0.756     0.0199     0.6722     0.6132     0.6527     0.6009     0.6152     0.0225
1218.8345     0.6230     0.052     0.757     0.0197     0.6230     0.6132     0.6527     0.6009     0.6152     0.0225
1218.8878     0.6787     0.053     0.757     0.0195     0.6787     0.6132     0.6527     0.6009     0.6152     0.0225
1218.9412     0.7121     0.054     0.758     0.0193     0.7121     0.6922     0.6527     0.6009     0.6152     0.0237
1218.9946     0.6359     0.051     0.759     0.0190     0.6359     0.6922     0.6527     0.6009     0.6152     0.0237
1219.0480     0.7688     0.055     0.760     0.0188     0.7688     0.6922     0.6527     0.6009     0.6152     0.0237
1219.1013     0.6556     0.051     0.761     0.0186     0.6556     0.6922     0.6527     0.6009     0.6152     0.0237
1219.1547     0.6885     0.052     0.762     0.0184     0.6885     0.6922     0.6527     0.6009     0.6152     0.0237
1219.2080     0.5595     0.048     0.763     0.0182     0.5595     0.4974     0.5007     0.6009     0.6271     0.0203
1219.2614     0.5662     0.048     0.764     0.0179     0.5662     0.4974     0.5007     0.6009     0.6271     0.0203
1219.3147     0.5209     0.046     0.765     0.0177     0.5209     0.4974     0.5007     0.6009     0.6271     0.0203
1219.3680     0.4395     0.043     0.766     0.0175     0.4395     0.4974     0.5007     0.6009     0.6271     0.0203
1219.4214     0.4007     0.041     0.767     0.0173     0.4007     0.4974     0.5007     0.6009     0.6271     0.0203
1219.4747     0.4970     0.046     0.768     0.0171     0.4970     0.5040     0.5007     0.6704     0.6271     0.0204
1219.5281     0.3897     0.040     0.769     0.0169     0.3897     0.5040     0.5007     0.6704     0.6271     0.0204
1219.5814     0.4591     0.044     0.770     0.0167     0.4591     0.5040     0.5007     0.6704     0.6271     0.0204
1219.6348     0.5548     0.047     0.771     0.0165     0.5548     0.5040     0.5007     0.6704     0.6271     0.0204
1219.6881     0.6195     0.050     0.772     0.0163     0.6195     0.5040     0.5007     0.6704     0.6271     0.0204
1219.7415     0.6501     0.051     0.773     0.0161     0.6501     0.7014     0.7536     0.6704     0.6271     0.0237
1219.7948     0.7124     0.054     0.774     0.0159     0.7124     0.7014     0.7536     0.6704     0.6271     0.0237
1219.8481     0.6582     0.051     0.775     0.0157     0.6582     0.7014     0.7536     0.6704     0.6271     0.0237
1219.9015     0.7177     0.054     0.776     0.0155     0.7177     0.7014     0.7536     0.6704     0.6271     0.0237
1219.9548     0.7687     0.056     0.777     0.0153     0.7687     0.7014     0.7536     0.6704     0.6271     0.0237
1220.0082     0.7544     0.054     0.778     0.0151     0.7544     0.8058     0.7536     0.6704     0.6271     0.0251
1220.0615     0.8019     0.056     0.779     0.0149     0.8019     0.8058     0.7536     0.6704     0.6271     0.0251
1220.1149     0.8060     0.057     0.780     0.0147     0.8060     0.8058     0.7536     0.6704     0.6271     0.0251
1220.1682     0.8538     0.057     0.781     0.0145     0.8538     0.8058     0.7536     0.6704     0.6271     0.0251
1220.2216     0.8128     0.057     0.782     0.0143     0.8128     0.8058     0.7536     0.6704     0.6271     0.0251
1220.2749     0.7758     0.056     0.783     0.0141     0.7758     0.7360     0.7699     0.7861     0.7846     0.0243
1220.3282     0.7372     0.054     0.784     0.0140     0.7372     0.7360     0.7699     0.7861     0.7846     0.0243
1220.3816     0.7397     0.055     0.785     0.0138     0.7397     0.7360     0.7699     0.7861     0.7846     0.0243
1220.4349     0.6964     0.052     0.786     0.0136     0.6964     0.7360     0.7699     0.7861     0.7846     0.0243
1220.4883     0.7311     0.054     0.787     0.0134     0.7311     0.7360     0.7699     0.7861     0.7846     0.0243
1220.5416     0.7914     0.055     0.788     0.0133     0.7914     0.8037     0.7699     0.7861     0.7846     0.0252
1220.5950     0.8361     0.057     0.789     0.0131     0.8361     0.8037     0.7699     0.7861     0.7846     0.0252
1220.6483     0.8325     0.057     0.791     0.0129     0.8325     0.8037     0.7699     0.7861     0.7846     0.0252
1220.7017     0.8028     0.057     0.792     0.0127     0.8028     0.8037     0.7699     0.7861     0.7846     0.0252
1220.7550     0.7558     0.054     0.793     0.0126     0.7558     0.8037     0.7699     0.7861     0.7846     0.0252
1220.8083     0.8704     0.059     0.794     0.0124     0.8704     0.8185     0.7993     0.7861     0.7846     0.0254
1220.8616     0.7412     0.054     0.795     0.0123     0.7412     0.8185     0.7993     0.7861     0.7846     0.0254
1220.9149     0.8038     0.056     0.796     0.0121     0.8038     0.8185     0.7993     0.7861     0.7846     0.0254
1220.9683     0.8487     0.057     0.797     0.0119     0.8487     0.8185     0.7993     0.7861     0.7846     0.0254
1221.0216     0.8283     0.058     0.798     0.0118     0.8283     0.8185     0.7993     0.7861     0.7846     0.0254
1221.0750     0.7832     0.056     0.799     0.0116     0.7832     0.7802     0.7993     0.7955     0.7846     0.0248
1221.1283     0.7992     0.056     0.801     0.0115     0.7992     0.7802     0.7993     0.7955     0.7846     0.0248
1221.1816     0.7233     0.054     0.802     0.0113     0.7233     0.7802     0.7993     0.7955     0.7846     0.0248
1221.2350     0.7107     0.053     0.803     0.0112     0.7107     0.7802     0.7993     0.7955     0.7846     0.0248
1221.2883     0.8847     0.059     0.804     0.0110     0.8847     0.7802     0.7993     0.7955     0.7846     0.0248
1221.3417     0.8754     0.058     0.805     0.0109     0.8754     0.8060     0.8031     0.7955     0.6023     0.0249
1221.3950     0.7791     0.055     0.806     0.0107     0.7791     0.8060     0.8031     0.7955     0.6023     0.0249
1221.4484     0.7723     0.054     0.808     0.0106     0.7723     0.8060     0.8031     0.7955     0.6023     0.0249
1221.5017     0.8069     0.056     0.809     0.0105     0.8069     0.8060     0.8031     0.7955     0.6023     0.0249
1221.5551     0.7965     0.055     0.810     0.0103     0.7965     0.8060     0.8031     0.7955     0.6023     0.0249
1221.6083     0.7717     0.056     0.811     0.0102     0.7717     0.8002     0.8031     0.7955     0.6023     0.0248
1221.6616     0.7898     0.055     0.812     0.0101     0.7898     0.8002     0.8031     0.7955     0.6023     0.0248
1221.7150     0.7369     0.053     0.813     0.0099     0.7369     0.8002     0.8031     0.7955     0.6023     0.0248
1221.7683     0.9001     0.058     0.815     0.0098     0.9001     0.8002     0.8031     0.7955     0.6023     0.0248
1221.8217     0.8024     0.055     0.816     0.0097     0.8024     0.8002     0.8031     0.7955     0.6023     0.0248
1221.8750     0.7703     0.054     0.817     0.0096     0.7703     0.6582     0.4015     0.3544     0.6023     0.0225
1221.9283     0.7380     0.054     0.818     0.0095     0.7380     0.6582     0.4015     0.3544     0.6023     0.0225
1221.9817     0.7086     0.051     0.820     0.0093     0.7086     0.6582     0.4015     0.3544     0.6023     0.0225
1222.0350     0.5409     0.047     0.821     0.0092     0.5409     0.6582     0.4015     0.3544     0.6023     0.0225
1222.0884     0.5332     0.045     0.822     0.0091     0.5332     0.6582     0.4015     0.3544     0.6023     0.0225
1222.1416     0.3363     0.037     0.823     0.0090     0.3363     0.1447     0.4015     0.3544     0.6023     0.0115
1222.1949     0.1594     0.027     0.825     0.0089     0.1594     0.1447     0.4015     0.3544     0.6023     0.0115
1222.2483     0.1083     0.023     0.826     0.0088     0.1083     0.1447     0.4015     0.3544     0.6023     0.0115
1222.3016     0.0818     0.020     0.827     0.0087     0.0818     0.1447     0.4015     0.3544     0.6023     0.0115
1222.3550     0.0377     0.016     0.828     0.0086     0.0377     0.1447     0.4015     0.3544     0.6023     0.0115
1222.4083     0.0657     0.019     0.830     0.0085     0.0657     0.2603     0.4954     0.3544     0.6316     0.0148
1222.4617     0.1102     0.023     0.831     0.0084     0.1102     0.2603     0.4954     0.3544     0.6316     0.0148
1222.5150     0.1918     0.029     0.832     0.0083     0.1918     0.2603     0.4954     0.3544     0.6316     0.0148
1222.5682     0.3431     0.037     0.833     0.0082     0.3431     0.2603     0.4954     0.3544     0.6316     0.0148
1222.6216     0.5905     0.049     0.835     0.0082     0.5905     0.2603     0.4954     0.3544     0.6316     0.0148
1222.6749     0.6265     0.049     0.836     0.0081     0.6265     0.7305     0.4954     0.7554     0.6316     0.0237
1222.7283     0.7175     0.053     0.837     0.0080     0.7175     0.7305     0.4954     0.7554     0.6316     0.0237
1222.7816     0.7050     0.053     0.839     0.0079     0.7050     0.7305     0.4954     0.7554     0.6316     0.0237
1222.8350     0.8188     0.055     0.840     0.0079     0.8188     0.7305     0.4954     0.7554     0.6316     0.0237
1222.8883     0.7845     0.056     0.841     0.0078     0.7845     0.7305     0.4954     0.7554     0.6316     0.0237
1222.9415     0.7051     0.052     0.843     0.0077     0.7051     0.7699     0.7679     0.7554     0.6316     0.0242
1222.9949     0.8000     0.056     0.844     0.0077     0.8000     0.7699     0.7679     0.7554     0.6316     0.0242
1223.0482     0.7254     0.052     0.845     0.0076     0.7254     0.7699     0.7679     0.7554     0.6316     0.0242
1223.1016     0.8063     0.055     0.847     0.0075     0.8063     0.7699     0.7679     0.7554     0.6316     0.0242
1223.1549     0.8129     0.055     0.848     0.0075     0.8129     0.7699     0.7679     0.7554     0.6316     0.0242
1223.2083     0.6921     0.052     0.849     0.0074     0.6921     0.7659     0.7679     0.7554     0.6316     0.0240
1223.2615     0.7950     0.055     0.851     0.0074     0.7950     0.7659     0.7679     0.7554     0.6316     0.0240
1223.3148     0.7730     0.054     0.852     0.0073     0.7730     0.7659     0.7679     0.7554     0.6316     0.0240
1223.3682     0.7220     0.052     0.853     0.0073     0.7220     0.7659     0.7679     0.7554     0.6316     0.0240
1223.4215     0.8474     0.057     0.855     0.0072     0.8474     0.7659     0.7679     0.7554     0.6316     0.0240
1223.4749     0.8343     0.056     0.856     0.0072     0.8343     0.7415     0.6266     0.5930     0.5224     0.0236
1223.5281     0.7351     0.053     0.857     0.0071     0.7351     0.7415     0.6266     0.5930     0.5224     0.0236
1223.5814     0.7316     0.053     0.859     0.0071     0.7316     0.7415     0.6266     0.5930     0.5224     0.0236
1223.6348     0.7360     0.051     0.860     0.0071     0.7360     0.7415     0.6266     0.5930     0.5224     0.0236
1223.6881     0.6705     0.050     0.862     0.0070     0.6705     0.7415     0.6266     0.5930     0.5224     0.0236
1223.7415     0.4910     0.043     0.863     0.0070     0.4910     0.5116     0.6266     0.5930     0.5224     0.0197
1223.7947     0.5242     0.044     0.865     0.0070     0.5242     0.5116     0.6266     0.5930     0.5224     0.0197
1223.8480     0.4595     0.042     0.866     0.0070     0.4595     0.5116     0.6266     0.5930     0.5224     0.0197
1223.9012     0.5287     0.045     0.867     0.0069     0.5287     0.5116     0.6266     0.5930     0.5224     0.0197
1223.9546     0.5546     0.046     0.869     0.0069     0.5546     0.5116     0.6266     0.5930     0.5224     0.0197
1224.0079     0.6771     0.050     0.870     0.0069     0.6771     0.5258     0.4183     0.5930     0.5224     0.0198
1224.0612     0.5792     0.046     0.872     0.0069     0.5792     0.5258     0.4183     0.5930     0.5224     0.0198
1224.1145     0.5464     0.046     0.873     0.0069     0.5464     0.5258     0.4183     0.5930     0.5224     0.0198
1224.1678     0.5009     0.043     0.875     0.0069     0.5009     0.5258     0.4183     0.5930     0.5224     0.0198
1224.2212     0.3253     0.035     0.876     0.0069     0.3253     0.5258     0.4183     0.5930     0.5224     0.0198
1224.2744     0.2608     0.033     0.877     0.0068     0.2608     0.3109     0.4183     0.6752     0.5224     0.0156
1224.3278     0.1947     0.028     0.879     0.0068     0.1947     0.3109     0.4183     0.6752     0.5224     0.0156
1224.3811     0.1696     0.026     0.880     0.0068     0.1696     0.3109     0.4183     0.6752     0.5224     0.0156
1224.4344     0.3844     0.039     0.882     0.0068     0.3844     0.3109     0.4183     0.6752     0.5224     0.0156
1224.4877     0.5449     0.045     0.883     0.0068     0.5449     0.3109     0.4183     0.6752     0.5224     0.0156
1224.5410     0.6534     0.049     0.885     0.0068     0.6534     0.8096     0.8573     0.6752     0.9005     0.0244
1224.5944     0.7523     0.053     0.886     0.0068     0.7523     0.8096     0.8573     0.6752     0.9005     0.0244
1224.6477     0.8473     0.056     0.888     0.0068     0.8473     0.8096     0.8573     0.6752     0.9005     0.0244
1224.7009     0.9172     0.058     0.889     0.0069     0.9172     0.8096     0.8573     0.6752     0.9005     0.0244
1224.7543     0.8779     0.056     0.891     0.0069     0.8779     0.8096     0.8573     0.6752     0.9005     0.0244
1224.8076     0.9130     0.059     0.892     0.0069     0.9130     0.9050     0.8573     0.6752     0.9005     0.0258
1224.8610     0.9570     0.059     0.894     0.0069     0.9570     0.9050     0.8573     0.6752     0.9005     0.0258
1224.9142     0.7714     0.053     0.895     0.0069     0.7714     0.9050     0.8573     0.6752     0.9005     0.0258
1224.9675     0.9560     0.059     0.897     0.0069     0.9560     0.9050     0.8573     0.6752     0.9005     0.0258
1225.0209     0.9275     0.058     0.898     0.0069     0.9275     0.9050     0.8573     0.6752     0.9005     0.0258
1225.0742     0.8916     0.056     0.900     0.0069     0.8916     0.9255     0.9437     0.9311     0.9005     0.0259
1225.1274     0.8382     0.055     0.902     0.0069     0.8382     0.9255     0.9437     0.9311     0.9005     0.0259
1225.1808     1.0413     0.061     0.903     0.0070     1.0413     0.9255     0.9437     0.9311     0.9005     0.0259
1225.2341     0.9825     0.060     0.905     0.0070     0.9825     0.9255     0.9437     0.9311     0.9005     0.0259
1225.2875     0.8740     0.057     0.906     0.0070     0.8740     0.9255     0.9437     0.9311     0.9005     0.0259
1225.3407     0.9913     0.060     0.908     0.0070     0.9913     0.9619     0.9437     0.9311     0.9005     0.0265
1225.3940     0.9181     0.057     0.909     0.0070     0.9181     0.9619     0.9437     0.9311     0.9005     0.0265
1225.4474     0.9299     0.059     0.911     0.0071     0.9299     0.9619     0.9437     0.9311     0.9005     0.0265
1225.5006     0.9838     0.059     0.913     0.0071     0.9838     0.9619     0.9437     0.9311     0.9005     0.0265
1225.5540     0.9865     0.060     0.914     0.0071     0.9865     0.9619     0.9437     0.9311     0.9005     0.0265
1225.6073     0.9196     0.056     0.916     0.0071     0.9196     0.9060     0.9140     0.9311     0.9216     0.0255
1225.6605     0.9243     0.059     0.917     0.0071     0.9243     0.9060     0.9140     0.9311     0.9216     0.0255
1225.7139     0.8918     0.056     0.919     0.0072     0.8918     0.9060     0.9140     0.9311     0.9216     0.0255
1225.7672     0.9005     0.057     0.921     0.0072     0.9005     0.9060     0.9140     0.9311     0.9216     0.0255
1225.8206     0.8937     0.056     0.922     0.0072     0.8937     0.9060     0.9140     0.9311     0.9216     0.0255
1225.8738     1.0119     0.060     0.924     0.0072     1.0119     0.9220     0.9140     0.9268     0.9216     0.0255
1225.9271     0.8543     0.055     0.925     0.0073     0.8543     0.9220     0.9140     0.9268     0.9216     0.0255
1225.9805     0.8572     0.055     0.927     0.0073     0.8572     0.9220     0.9140     0.9268     0.9216     0.0255
1226.0337     0.9764     0.059     0.929     0.0073     0.9764     0.9220     0.9140     0.9268     0.9216     0.0255
1226.0870     0.9104     0.057     0.930     0.0073     0.9104     0.9220     0.9140     0.9268     0.9216     0.0255
1226.1404     0.9026     0.057     0.932     0.0073     0.9026     0.9095     0.9292     0.9268     0.9216     0.0254
1226.1936     0.9710     0.059     0.934     0.0074     0.9710     0.9095     0.9292     0.9268     0.9216     0.0254
1226.2469     0.8749     0.056     0.935     0.0074     0.8749     0.9095     0.9292     0.9268     0.9216     0.0254
1226.3003     0.8693     0.056     0.937     0.0074     0.8693     0.9095     0.9292     0.9268     0.9216     0.0254
1226.3535     0.9298     0.057     0.939     0.0074     0.9298     0.9095     0.9292     0.9268     0.9216     0.0254
1226.4069     0.9270     0.058     0.940     0.0075     0.9270     0.9489     0.9292     0.9268     0.9216     0.0261
1226.4602     0.9421     0.057     0.942     0.0075     0.9421     0.9489     0.9292     0.9268     0.9216     0.0261
1226.5134     0.9247     0.058     0.944     0.0075     0.9247     0.9489     0.9292     0.9268     0.9216     0.0261
1226.5668     0.9677     0.059     0.945     0.0075     0.9677     0.9489     0.9292     0.9268     0.9216     0.0261
1226.6201     0.9830     0.059     0.947     0.0076     0.9830     0.9489     0.9292     0.9268     0.9216     0.0261
1226.6733     1.0556     0.061     0.949     0.0076     1.0556     0.9586     0.9796     0.9838     0.9821     0.0260
1226.7267     0.9106     0.057     0.950     0.0076     0.9106     0.9586     0.9796     0.9838     0.9821     0.0260
1226.7799     0.9669     0.058     0.952     0.0076     0.9669     0.9586     0.9796     0.9838     0.9821     0.0260
1226.8333     0.9420     0.058     0.954     0.0076     0.9420     0.9586     0.9796     0.9838     0.9821     0.0260
1226.8866     0.9179     0.057     0.956     0.0077     0.9179     0.9586     0.9796     0.9838     0.9821     0.0260
1226.9398     0.9520     0.059     0.957     0.0077     0.9520     1.0005     0.9796     0.9838     0.9821     0.0267
1226.9932     0.9988     0.059     0.959     0.0077     0.9988     1.0005     0.9796     0.9838     0.9821     0.0267
1227.0465     1.0927     0.062     0.961     0.0077     1.0927     1.0005     0.9796     0.9838     0.9821     0.0267
1227.0997     1.0040     0.059     0.963     0.0077     1.0040     1.0005     0.9796     0.9838     0.9821     0.0267
1227.1531     0.9551     0.059     0.964     0.0078     0.9551     1.0005     0.9796     0.9838     0.9821     0.0267
1227.2063     0.9883     0.060     0.966     0.0078     0.9883     0.9923     0.9845     0.9838     0.9821     0.0265
1227.2596     0.9360     0.057     0.968     0.0078     0.9360     0.9923     0.9845     0.9838     0.9821     0.0265
1227.3130     1.0155     0.060     0.970     0.0078     1.0155     0.9923     0.9845     0.9838     0.9821     0.0265
1227.3662     1.0580     0.061     0.971     0.0078     1.0580     0.9923     0.9845     0.9838     0.9821     0.0265
1227.4196     0.9636     0.058     0.973     0.0079     0.9636     0.9923     0.9845     0.9838     0.9821     0.0265
1227.4728     0.9987     0.059     0.975     0.0079     0.9987     0.9768     0.9845     0.9176     0.9821     0.0264
1227.5261     1.0020     0.060     0.977     0.0079     1.0020     0.9768     0.9845     0.9176     0.9821     0.0264
1227.5795     0.9864     0.059     0.979     0.0079     0.9864     0.9768     0.9845     0.9176     0.9821     0.0264
1227.6327     0.9799     0.060     0.980     0.0079     0.9799     0.9768     0.9845     0.9176     0.9821     0.0264
1227.6860     0.9171     0.057     0.982     0.0079     0.9171     0.9768     0.9845     0.9176     0.9821     0.0264
1227.7393     0.9815     0.059     0.984     0.0079     0.9815     0.9701     0.8880     0.9176     0.8816     0.0262
1227.7926     0.9664     0.057     0.986     0.0080     0.9664     0.9701     0.8880     0.9176     0.8816     0.0262
1227.8459     1.0083     0.059     0.988     0.0080     1.0083     0.9701     0.8880     0.9176     0.8816     0.0262
1227.8992     0.9350     0.058     0.990     0.0080     0.9350     0.9701     0.8880     0.9176     0.8816     0.0262
1227.9525     0.9593     0.059     0.991     0.0080     0.9593     0.9701     0.8880     0.9176     0.8816     0.0262
1228.0057     0.8748     0.055     0.993     0.0080     0.8748     0.8060     0.8880     0.9176     0.8816     0.0238
1228.0591     0.8118     0.054     0.995     0.0080     0.8118     0.8060     0.8880     0.9176     0.8816     0.0238
1228.1123     0.8694     0.055     0.997     0.0080     0.8694     0.8060     0.8880     0.9176     0.8816     0.0238
1228.1656     0.7500     0.051     0.999     0.0080     0.7500     0.8060     0.8880     0.9176     0.8816     0.0238
1228.2190     0.7238     0.051     1.001     0.0080     0.7238     0.8060     0.8880     0.9176     0.8816     0.0238
1228.2722     0.8094     0.053     1.002     0.0080     0.8094     0.8081     0.8751     0.9237     0.8816     0.0237
1228.3256     0.7510     0.051     1.004     0.0080     0.7510     0.8081     0.8751     0.9237     0.8816     0.0237
1228.3788     0.7516     0.051     1.006     0.0081     0.7516     0.8081     0.8751     0.9237     0.8816     0.0237
1228.4321     0.8645     0.055     1.008     0.0081     0.8645     0.8081     0.8751     0.9237     0.8816     0.0237
1228.4854     0.8640     0.054     1.010     0.0081     0.8640     0.8081     0.8751     0.9237     0.8816     0.0237
1228.5387     0.9324     0.057     1.012     0.0081     0.9324     0.9421     0.8751     0.9237     0.8816     0.0256
1228.5919     0.9414     0.057     1.014     0.0081     0.9414     0.9421     0.8751     0.9237     0.8816     0.0256
1228.6453     0.9324     0.057     1.016     0.0081     0.9324     0.9421     0.8751     0.9237     0.8816     0.0256
1228.6985     0.9579     0.057     1.018     0.0081     0.9579     0.9421     0.8751     0.9237     0.8816     0.0256
1228.7518     0.9468     0.058     1.020     0.0081     0.9468     0.9421     0.8751     0.9237     0.8816     0.0256
1228.8052     1.0572     0.060     1.021     0.0081     1.0572     1.0208     1.0132     0.9237     1.0271     0.0265
1228.8584     0.9166     0.057     1.023     0.0081     0.9166     1.0208     1.0132     0.9237     1.0271     0.0265
1228.9117     0.9772     0.058     1.025     0.0081     0.9772     1.0208     1.0132     0.9237     1.0271     0.0265
1228.9650     1.0627     0.061     1.027     0.0081     1.0627     1.0208     1.0132     0.9237     1.0271     0.0265
1229.0183     1.0903     0.061     1.029     0.0081     1.0903     1.0208     1.0132     0.9237     1.0271     0.0265
1229.0715     0.9567     0.058     1.031     0.0081     0.9567     1.0056     1.0132     1.0292     1.0271     0.0263
1229.1249     0.9461     0.057     1.033     0.0080     0.9461     1.0056     1.0132     1.0292     1.0271     0.0263
1229.1781     1.0129     0.059     1.035     0.0080     1.0129     1.0056     1.0132     1.0292     1.0271     0.0263
1229.2314     1.0752     0.060     1.037     0.0080     1.0752     1.0056     1.0132     1.0292     1.0271     0.0263
1229.2847     1.0372     0.060     1.039     0.0080     1.0372     1.0056     1.0132     1.0292     1.0271     0.0263
1229.3380     0.9727     0.057     1.041     0.0080     0.9727     1.0549     1.0410     1.0292     1.0271     0.0268
1229.3911     1.0578     0.060     1.043     0.0080     1.0578     1.0549     1.0410     1.0292     1.0271     0.0268
1229.4445     1.0487     0.060     1.045     0.0080     1.0487     1.0549     1.0410     1.0292     1.0271     0.0268
1229.4977     1.0737     0.060     1.047     0.0080     1.0737     1.0549     1.0410     1.0292     1.0271     0.0268
1229.5510     1.1214     0.062     1.049     0.0080     1.1214     1.0549     1.0410     1.0292     1.0271     0.0268
1229.6042     1.0422     0.060     1.051     0.0080     1.0422     1.0271     1.0410     1.0292     1.0271     0.0264
1229.6576     1.0761     0.059     1.053     0.0080     1.0761     1.0271     1.0410     1.0292     1.0271     0.0264
1229.7108     1.0260     0.060     1.055     0.0079     1.0260     1.0271     1.0410     1.0292     1.0271     0.0264
1229.7642     1.0288     0.058     1.057     0.0079     1.0288     1.0271     1.0410     1.0292     1.0271     0.0264
1229.8174     0.9626     0.057     1.059     0.0079     0.9626     1.0271     1.0410     1.0292     1.0271     0.0264
1229.8707     1.0072     0.058     1.061     0.0079     1.0072     0.9619     0.9872     0.9880     0.9952     0.0253
1229.9240     0.9477     0.056     1.063     0.0079     0.9477     0.9619     0.9872     0.9880     0.9952     0.0253
1229.9773     0.8853     0.054     1.065     0.0079     0.8853     0.9619     0.9872     0.9880     0.9952     0.0253
1230.0305     0.9811     0.057     1.067     0.0078     0.9811     0.9619     0.9872     0.9880     0.9952     0.0253
1230.0837     0.9884     0.057     1.069     0.0078     0.9884     0.9619     0.9872     0.9880     0.9952     0.0253
1230.1371     0.9169     0.056     1.071     0.0078     0.9169     1.0125     0.9872     0.9880     0.9952     0.0261
1230.1903     1.0126     0.058     1.073     0.0078     1.0126     1.0125     0.9872     0.9880     0.9952     0.0261
1230.2437     0.9837     0.058     1.075     0.0078     0.9837     1.0125     0.9872     0.9880     0.9952     0.0261
1230.2969     1.1076     0.061     1.077     0.0078     1.1076     1.0125     0.9872     0.9880     0.9952     0.0261
1230.3502     1.0416     0.059     1.080     0.0077     1.0416     1.0125     0.9872     0.9880     0.9952     0.0261
1230.4034     0.9410     0.055     1.082     0.0077     0.9410     0.9895     1.0031     0.9880     0.9952     0.0256
1230.4568     0.9798     0.057     1.084     0.0077     0.9798     0.9895     1.0031     0.9880     0.9952     0.0256
1230.5100     1.0348     0.059     1.086     0.0077     1.0348     0.9895     1.0031     0.9880     0.9952     0.0256
1230.5632     1.0146     0.059     1.088     0.0076     1.0146     0.9895     1.0031     0.9880     0.9952     0.0256
1230.6166     0.9771     0.056     1.090     0.0076     0.9771     0.9895     1.0031     0.9880     0.9952     0.0256
1230.6698     1.0669     0.061     1.092     0.0076     1.0669     1.0168     1.0031     0.9969     0.9952     0.0262
1230.7231     1.0074     0.057     1.094     0.0076     1.0074     1.0168     1.0031     0.9969     0.9952     0.0262
1230.7764     1.0577     0.061     1.096     0.0075     1.0577     1.0168     1.0031     0.9969     0.9952     0.0262
1230.8297     0.9573     0.057     1.099     0.0075     0.9573     1.0168     1.0031     0.9969     0.9952     0.0262
1230.8829     0.9946     0.057     1.101     0.0075     0.9946     1.0168     1.0031     0.9969     0.9952     0.0262
1230.9362     0.9203     0.056     1.103     0.0075     0.9203     0.9157     0.9869     0.9969     1.0154     0.0248
1230.9895     0.8832     0.054     1.105     0.0074     0.8832     0.9157     0.9869     0.9969     1.0154     0.0248
1231.0427     0.9170     0.055     1.107     0.0074     0.9170     0.9157     0.9869     0.9969     1.0154     0.0248
1231.0961     0.9118     0.056     1.109     0.0074     0.9118     0.9157     0.9869     0.9969     1.0154     0.0248
1231.1493     0.9461     0.056     1.111     0.0074     0.9461     0.9157     0.9869     0.9969     1.0154     0.0248
1231.2026     0.9984     0.057     1.114     0.0073     0.9984     1.0581     0.9869     0.9969     1.0154     0.0266
1231.2559     1.0889     0.062     1.116     0.0073     1.0889     1.0581     0.9869     0.9969     1.0154     0.0266
1231.3091     1.1132     0.061     1.118     0.0073     1.1132     1.0581     0.9869     0.9969     1.0154     0.0266
1231.3624     0.9878     0.057     1.120     0.0072     0.9878     1.0581     0.9869     0.9969     1.0154     0.0266
1231.4156     1.1023     0.061     1.122     0.0072     1.1023     1.0581     0.9869     0.9969     1.0154     0.0266
1231.4689     1.0388     0.058     1.124     0.0072     1.0388     1.0720     1.0439     1.0378     1.0154     0.0268
1231.5222     1.0934     0.062     1.127     0.0072     1.0934     1.0720     1.0439     1.0378     1.0154     0.0268
1231.5754     1.0459     0.059     1.129     0.0071     1.0459     1.0720     1.0439     1.0378     1.0154     0.0268
1231.6288     1.0418     0.059     1.131     0.0071     1.0418     1.0720     1.0439     1.0378     1.0154     0.0268
1231.6820     1.1399     0.061     1.133     0.0071     1.1399     1.0720     1.0439     1.0378     1.0154     0.0268
1231.7352     1.0433     0.058     1.136     0.0070     1.0433     1.0158     1.0439     1.0378     1.0154     0.0259
1231.7886     1.0468     0.059     1.138     0.0070     1.0468     1.0158     1.0439     1.0378     1.0154     0.0259
1231.8418     0.9939     0.057     1.140     0.0070     0.9939     1.0158     1.0439     1.0378     1.0154     0.0259
1231.8950     0.9806     0.057     1.142     0.0069     0.9806     1.0158     1.0439     1.0378     1.0154     0.0259
1231.9484     1.0142     0.058     1.144     0.0069     1.0142     1.0158     1.0439     1.0378     1.0154     0.0259
1232.0016     0.9629     0.057     1.147     0.0069     0.9629     1.0257     1.0490     1.0378     1.0980     0.0261
1232.0549     1.0276     0.058     1.149     0.0069     1.0276     1.0257     1.0490     1.0378     1.0980     0.0261
1232.1082     0.9952     0.057     1.151     0.0068     0.9952     1.0257     1.0490     1.0378     1.0980     0.0261
1232.1614     1.1073     0.060     1.153     0.0068     1.1073     1.0257     1.0490     1.0378     1.0980     0.0261
1232.2147     1.0354     0.059     1.156     0.0068     1.0354     1.0257     1.0490     1.0378     1.0980     0.0261
1232.2679     1.0191     0.058     1.158     0.0067     1.0191     1.0723     1.0490     1.1221     1.0980     0.0266
1232.3212     1.0404     0.058     1.160     0.0067     1.0404     1.0723     1.0490     1.1221     1.0980     0.0266
1232.3745     1.0681     0.060     1.163     0.0067     1.0681     1.0723     1.0490     1.1221     1.0980     0.0266
1232.4277     1.1156     0.060     1.165     0.0067     1.1156     1.0723     1.0490     1.1221     1.0980     0.0266
1232.4810     1.1181     0.060     1.167     0.0066     1.1181     1.0723     1.0490     1.1221     1.0980     0.0266
1232.5343     1.0884     0.060     1.169     0.0066     1.0884     1.1271     1.1470     1.1221     1.0980     0.0270
1232.5875     1.1081     0.060     1.172     0.0066     1.1081     1.1271     1.1470     1.1221     1.0980     0.0270
1232.6407     1.1447     0.061     1.174     0.0066     1.1447     1.1271     1.1470     1.1221     1.0980     0.0270
1232.6941     1.1851     0.062     1.176     0.0065     1.1851     1.1271     1.1470     1.1221     1.0980     0.0270
1232.7473     1.1092     0.059     1.179     0.0065     1.1092     1.1271     1.1470     1.1221     1.0980     0.0270
1232.8005     1.1308     0.060     1.181     0.0065     1.1308     1.1670     1.1470     1.1221     1.0980     0.0276
1232.8539     1.1504     0.061     1.183     0.0065     1.1504     1.1670     1.1470     1.1221     1.0980     0.0276
1232.9071     1.2177     0.063     1.186     0.0065     1.2177     1.1670     1.1470     1.1221     1.0980     0.0276
1232.9603     1.1045     0.060     1.188     0.0064     1.1045     1.1670     1.1470     1.1221     1.0980     0.0276
1233.0137     1.2314     0.064     1.190     0.0064     1.2314     1.1670     1.1470     1.1221     1.0980     0.0276
1233.0669     1.1130     0.060     1.193     0.0064     1.1130     1.1875     1.1742     1.1759     1.1891     0.0275
1233.1201     1.1168     0.060     1.195     0.0064     1.1168     1.1875     1.1742     1.1759     1.1891     0.0275
1233.1733     1.3273     0.065     1.198     0.0064     1.3273     1.1875     1.1742     1.1759     1.1891     0.0275
1233.2267     1.1396     0.061     1.200     0.0064     1.1396     1.1875     1.1742     1.1759     1.1891     0.0275
1233.2799     1.2407     0.062     1.202     0.0064     1.2407     1.1875     1.1742     1.1759     1.1891     0.0275
1233.3331     1.1869     0.062     1.205     0.0064     1.1869     1.1609     1.1742     1.1759     1.1891     0.0273
1233.3865     1.2062     0.062     1.207     0.0064     1.2062     1.1609     1.1742     1.1759     1.1891     0.0273
1233.4397     1.1475     0.061     1.209     0.0064     1.1475     1.1609     1.1742     1.1759     1.1891     0.0273
1233.4929     1.0769     0.059     1.212     0.0064     1.0769     1.1609     1.1742     1.1759     1.1891     0.0273
1233.5461     1.1871     0.061     1.214     0.0064     1.1871     1.1609     1.1742     1.1759     1.1891     0.0273
1233.5995     1.1458     0.061     1.217     0.0064     1.1458     1.1793     1.2041     1.1759     1.1891     0.0276
1233.6527     1.1939     0.062     1.219     0.0064     1.1939     1.1793     1.2041     1.1759     1.1891     0.0276
1233.7059     1.1036     0.059     1.222     0.0064     1.1036     1.1793     1.2041     1.1759     1.1891     0.0276
1233.7593     1.1762     0.062     1.224     0.0064     1.1762     1.1793     1.2041     1.1759     1.1891     0.0276
1233.8125     1.2771     0.064     1.226     0.0064     1.2771     1.1793     1.2041     1.1759     1.1891     0.0276
1233.8657     1.2706     0.063     1.229     0.0064     1.2706     1.2288     1.2041     1.2393     1.1891     0.0281
1233.9189     1.2349     0.063     1.231     0.0064     1.2349     1.2288     1.2041     1.2393     1.1891     0.0281
1233.9723     1.1597     0.061     1.234     0.0065     1.1597     1.2288     1.2041     1.2393     1.1891     0.0281
1234.0255     1.2340     0.062     1.236     0.0065     1.2340     1.2288     1.2041     1.2393     1.1891     0.0281
1234.0787     1.2450     0.064     1.239     0.0065     1.2450     1.2288     1.2041     1.2393     1.1891     0.0281
1234.1320     1.2843     0.064     1.241     0.0065     1.2843     1.2434     1.2445     1.2393     1.2712     0.0281
1234.1853     1.2876     0.064     1.244     0.0066     1.2876     1.2434     1.2445     1.2393     1.2712     0.0281
1234.2385     1.2392     0.062     1.246     0.0066     1.2392     1.2434     1.2445     1.2393     1.2712     0.0281
1234.2917     1.1487     0.061     1.249     0.0066     1.1487     1.2434     1.2445     1.2393     1.2712     0.0281
1234.3450     1.2571     0.063     1.251     0.0067     1.2571     1.2434     1.2445     1.2393     1.2712     0.0281
1234.3983     1.2063     0.063     1.253     0.0067     1.2063     1.2457     1.2445     1.2393     1.2712     0.0281
1234.4515     1.3269     0.065     1.256     0.0068     1.3269     1.2457     1.2445     1.2393     1.2712     0.0281
1234.5048     1.1795     0.061     1.258     0.0068     1.1795     1.2457     1.2445     1.2393     1.2712     0.0281
1234.5580     1.2607     0.063     1.261     0.0068     1.2607     1.2457     1.2445     1.2393     1.2712     0.0281
1234.6112     1.2552     0.062     1.264     0.0069     1.2552     1.2457     1.2445     1.2393     1.2712     0.0281
1234.6646     1.1772     0.062     1.266     0.0070     1.1772     1.3113     1.2978     1.2914     1.2712     0.0292
1234.7178     1.2998     0.065     1.269     0.0070     1.2998     1.3113     1.2978     1.2914     1.2712     0.0292
1234.7710     1.3330     0.066     1.271     0.0071     1.3330     1.3113     1.2978     1.2914     1.2712     0.0292
1234.8241     1.3887     0.067     1.274     0.0071     1.3887     1.3113     1.2978     1.2914     1.2712     0.0292
1234.8774     1.3576     0.067     1.276     0.0072     1.3576     1.3113     1.2978     1.2914     1.2712     0.0292
1234.9307     1.3390     0.065     1.279     0.0073     1.3390     1.2844     1.2978     1.2914     1.2712     0.0285
1234.9839     1.2799     0.064     1.281     0.0073     1.2799     1.2844     1.2978     1.2914     1.2712     0.0285
1235.0371     1.2203     0.062     1.284     0.0074     1.2203     1.2844     1.2978     1.2914     1.2712     0.0285
1235.0903     1.3294     0.064     1.286     0.0075     1.3294     1.2844     1.2978     1.2914     1.2712     0.0285
1235.1437     1.2533     0.064     1.289     0.0076     1.2533     1.2844     1.2978     1.2914     1.2712     0.0285
1235.1969     1.1746     0.061     1.292     0.0077     1.1746     1.2787     1.3002     1.2914     1.3385     0.0284
1235.2501     1.2500     0.063     1.294     0.0078     1.2500     1.2787     1.3002     1.2914     1.3385     0.0284
1235.3033     1.3400     0.065     1.297     0.0078     1.3400     1.2787     1.3002     1.2914     1.3385     0.0284
1235.3566     1.2849     0.063     1.299     0.0079     1.2849     1.2787     1.3002     1.2914     1.3385     0.0284
1235.4098     1.3441     0.065     1.302     0.0080     1.3441     1.2787     1.3002     1.2914     1.3385     0.0284
1235.4631     1.3660     0.065     1.304     0.0081     1.3660     1.3218     1.3002     1.3585     1.3385     0.0288
1235.5164     1.3654     0.066     1.307     0.0082     1.3654     1.3218     1.3002     1.3585     1.3385     0.0288
1235.5696     1.2989     0.064     1.310     0.0083     1.2989     1.3218     1.3002     1.3585     1.3385     0.0288
1235.6228     1.2905     0.064     1.312     0.0084     1.2905     1.3218     1.3002     1.3585     1.3385     0.0288
1235.6760     1.2881     0.064     1.315     0.0085     1.2881     1.3218     1.3002     1.3585     1.3385     0.0288
1235.7294     1.4549     0.068     1.318     0.0087     1.4549     1.3737     1.3768     1.3585     1.3385     0.0293
1235.7826     1.4187     0.067     1.320     0.0088     1.4187     1.3737     1.3768     1.3585     1.3385     0.0293
1235.8358     1.3996     0.066     1.323     0.0089     1.3996     1.3737     1.3768     1.3585     1.3385     0.0293
