"NGC4235" Galaxy 12 17 9.8808 7 11 29.688 2000.0
"NGC1097" Galaxy 2 46 19.0488 -30 16 29.604 2000.0
"NGC4536" Galaxy 12 34 27.0504 2 11 17.304 2000.0
"NGC4526" Galaxy 12 34 3.0312 7 41 56.904 2000.0
"NGC4517" Galaxy 12 32 45.5904 0 6 54.108 2000.0
"NGC4261" Galaxy 12 19 23.22 5 49 30.792 2000.0
"NGC4260" Galaxy 12 19 22.2408 6 5 55.248 2000.0
"UGC07629" Galaxy 12 29 46.7616 8 0 1.728 2000.0
"NGC4527" Galaxy 12 34 8.4216 2 39 13.176 2000.0
"NGC4178" Galaxy 12 12 46.4496 10 51 57.492 2000.0
"VCC0665" Galaxy 12 23 44.5824 9 20 17.304 2000.0
"UGC09292" Galaxy 14 29 10.6512 2 17 13.2 2000.0
"UGC09277" Galaxy 14 28 33.312 3 15 43.236 2000.0
"UGC08979" Galaxy 14 4 7.6608 6 29 9.204 2000.0
"UGC08663" Galaxy 13 41 39.3192 5 1 58.332 2000.0
"UGC08186" Galaxy 13 5 58.6392 3 57 23.184 2000.0
"UGC06312" Galaxy 11 18 0.1944 7 50 41.604 2000.0
"UGC04239" Galaxy 8 7 58.0992 5 12 24.012 2000.0
"RFGC3781" Galaxy 21 37 45.18 -38 29 33.216 2000.0
"NGC7582" Galaxy 23 18 23.5008 -42 22 14.016 2000.0
"NGC7531" Galaxy 23 14 48.4992 -43 35 59.784 2000.0
"NGC6868" Galaxy 20 9 54.0696 -48 22 46.416 2000.0
"NGC5364" Galaxy 13 56 12.0 5 0 52.092 2000.0
"NGC5363" Galaxy 13 56 7.2096 5 15 17.172 2000.0
"NGC4939" Galaxy 13 4 14.3904 -10 20 22.596 2000.0
"NGC4696E" Galaxy 12 48 26.124 -40 56 11.4 2000.0
"NGC4696C" Galaxy 12 48 2.6592 -40 49 6.816 2000.0
"NGC4643" Galaxy 12 43 20.1384 1 58 41.772 2000.0
"NGC4636" Galaxy 12 42 49.8264 2 41 16.008 2000.0
"NGC4602" Galaxy 12 40 36.8496 -5 7 58.8 2000.0
"NGC4535" Galaxy 12 34 20.3088 8 11 51.9 2000.0
"NGC4365" Galaxy 12 24 28.284 7 19 3.612 2000.0
"NGC4246" Galaxy 12 17 58.1184 7 11 9.276 2000.0
"NGC4082" Galaxy 12 5 11.4504 10 40 14.232 2000.0
"NGC3749" Galaxy 11 35 53.2104 -37 59 50.496 2000.0
"NGC1376" Galaxy 3 37 5.9208 -5 2 33.9 2000.0
"NGC0768" Galaxy 1 58 40.9344 0 31 45.192 2000.0
"NGC0078B" Galaxy 0 20 27.5136 0 50 0.78 2000.0
"NGC0078A" Galaxy 0 20 25.788 0 49 34.86 2000.0
"MCG-05-01-020" Galaxy 23 59 37.8096 -30 39 20.988 2000.0
"MCG-03-58-009" Galaxy 22 53 40.8504 -17 28 44.004 2000.0
"MCG-01-07-040" Galaxy 2 43 13.944 -8 7 30.144 2000.0
"FGC1895" Galaxy 15 25 43.4304 -17 14 28.392 2000.0
"DUKST471-050" Galaxy 23 59 22.0392 -30 48 7.596 2000.0
"CGCG072-007" Galaxy 13 9 14.9448 8 31 54.192 2000.0
"CGCG045-071" Galaxy 13 41 22.5672 5 2 24.396 2000.0
"CGCG031-056" Galaxy 8 8 16.4376 5 12 58.032 2000.0
"CGCG021-049" Galaxy 15 12 43.7016 1 27 53.532 2000.0
"CGCG013-047NED01" Galaxy 12 2 50.8128 -1 46 55.344 2000.0
"2dFGRSS357Z063" Galaxy 23 59 37.8192 -30 39 21.204 2000.0